car [1010.8331789326697, 512.148862061341, 1099.7467434537687, 551.5412286433565]
car [787.2644584601475, 512.9811916921497, 930.9759762458096, 569.1417687723578]
car [968.7824055760665, 503.3227234565239, 1049.791434564327, 536.4884159244397]
car [1145.3106831731259, 505.9347775456433, 1238.2013866399789, 540.284960440837]
car [327.6749850973875, 509.38604398535807, 468.27612960370254, 562.154495021044]
car [1036.6528979046575, 504.15115854938585, 1149.8498278876107, 548.52725995884]
car [602.4045114198474, 506.013688181128, 781.4428117176586, 583.4950196330102]
other_vehicle [312.87905792532047, 488.83623045032317, 539.9533469733315, 605.2255757427505]
car [30.878481985182283, 525.9511006588043, 284.1203919008934, 620.5924804713418]
car [917.1422650843527, 510.0615174273266, 1033.1118728952276, 560.2529945550419]
car [609.9360819581299, 510.62940344300426, 756.8725115391165, 577.186927009522]
car [1134.0826440241465, 506.73553623301484, 1209.1812399872606, 541.3739324812506]
car [1301.2625669944505, 506.985335482587, 1511.1610000414871, 594.4306579695856]
pedestrian [373.50323364545227, 501.381480903596, 468.38887665635815, 655.1563866574395]
car [412.24968561305894, 512.1863554147161, 663.2819088728286, 608.5804361259096]
car [706.6616948972197, 499.23858923617433, 903.3857902029237, 582.6332284018331]
