car [627.3903999728908, 501.7348059787827, 659.5916797291876, 528.8096665488615]
pedestrian [555.7955511174856, 491.4841845968612, 574.7913857662659, 526.898619216665]
car [608.235756149885, 502.7000170840696, 647.6033325606641, 534.2739276090922]
car [588.6887856485863, 498.8075617683736, 794.5034482963911, 675.6618157128569]
car [583.7667371887419, 506.1245064890128, 633.3158355399207, 539.6861744711695]
car [636.7866985719879, 498.0303417166471, 736.060520193169, 582.9105396881083]
car [215.0146739814808, 489.82481963372396, 500.0978082775356, 652.1693993802241]
pedestrian [870.8939151131632, 497.08434141307464, 884.7754376233617, 532.12100475841]
pedestrian [1157.5123803347108, 497.60489078489735, 1232.7827276423268, 610.1086738264524]
pedestrian [882.1494022331299, 497.08103478168994, 896.4250599651036, 532.5625882364618]
car [250.46671406767425, 488.21182298394353, 373.51533884742656, 524.8965033918307]
