car [942.6361586918784, 518.3645358942794, 987.891945232797, 538.7475132544344]
car [921.3891575396423, 513.5830567436846, 963.3830498589386, 534.7950446780779]
bus [1271.5720018031293, 483.1144477504699, 1600.0, 601.8837500214651]
car [1288.2886892799477, 511.85663878965033, 1600.0, 730.1017286155917]
car [1119.686204146137, 511.621671627825, 1232.3620379580072, 559.751538611653]
car [476.47800113083554, 500.28545990473316, 781.7076605844792, 753.0522944405038]
car [618.112282223498, 497.3238163437601, 691.7302458459, 567.9408133013773]
other_vehicle [979.4320267425849, 505.8059892597773, 1044.2439349576753, 546.2580769677189]
other_vehicle [1012.0407005682504, 487.4424945471561, 1131.6944123461024, 553.8291928398311]
car [588.0268006833406, 496.24800142595257, 644.2718423368945, 549.4527204821117]
car [571.0108994174885, 492.2721434916866, 673.6510994328681, 590.9338170406244]
car [680.419348838124, 500.04456654687175, 712.2402940930019, 527.7636166080207]
