car [827.3755066043766, 84.15517394561031, 1600.0, 900.0]
car [278.80637320067905, 539.869812129113, 310.0515009165009, 559.3529637947391]
car [657.8209678067635, 535.9466920559295, 699.6155647155799, 568.3759040856387]
car [650.7000418559206, 519.305579276655, 694.4570753003213, 564.4364420663771]
car [349.6998260390586, 540.4149085360294, 492.2495616455748, 633.0262610273913]
car [672.3349191218915, 522.4699468136554, 741.6504395806719, 583.55817074582]
car [684.5539438902883, 511.5920905978384, 773.4138328047628, 597.1575738698085]
car [663.9191190648115, 538.5048185029398, 708.8102226854626, 575.4315894238673]
other_vehicle [641.1375032455937, 513.8115942902886, 687.375509905058, 563.8239644066488]
car [518.7909933775493, 533.415079446013, 538.675628236539, 551.4416824965157]
car [701.2460133628492, 527.95761609672, 812.3127596504867, 613.2548146387714]
car [733.9096030845762, 529.147263034045, 947.8173991141605, 670.0138890292798]
