car [1114.1214104130638, 508.89616850462056, 1220.8736543015916, 546.2284073883804]
car [846.6065974255632, 484.7547477099704, 997.961201835943, 565.9702985260529]
other_vehicle [578.3766701226707, 488.0440034328925, 606.0827638595832, 518.1318607794119]
car [835.0860477377934, 500.92279341677147, 1457.55718902014, 809.8930863779101]
car [691.8592074253352, 498.55684813620167, 756.0987032185087, 543.7853282448687]
car [9.815065241115985, 458.638878720776, 417.7006063711724, 742.4384282107235]
car [650.4396381736899, 501.0615760393544, 675.2578824637551, 519.0640999098772]
car [0.0, 516.274121177238, 47.60325403097809, 893.4949839341333]
car [736.7296865417968, 503.0463057950511, 788.9613552788787, 533.2436941968546]
car [583.0282879356832, 503.1783098773755, 665.9743220949689, 565.6256817083816]
car [668.9422363640359, 504.41098840110305, 704.2560995827312, 529.3744921213267]
car [1364.009566444033, 496.5508193124988, 1600.0, 603.1067497387918]
car [939.875871974093, 498.67217021621786, 998.4442223933825, 526.8030585012249]
car [846.7969550064304, 497.6931523357083, 888.2789888358, 520.8825641157692]
car [496.950958399283, 502.9862881885847, 562.2116406568189, 551.6529228598035]
other_vehicle [303.80698648317764, 376.9175238268355, 556.8659175104304, 620.6437942860508]
