car [1431.63314851338, 504.9930052265566, 1600.0, 582.3910281151337]
car [536.5877424227621, 494.7488262315203, 803.6886199353742, 749.3637810545508]
car [155.68064231023777, 501.62032792727643, 485.1692666810676, 705.1194555058113]
car [632.2684466707836, 520.9266749344574, 666.7798040453059, 551.6849243551856]
car [714.8856489722774, 514.2135966554146, 869.5064993322926, 570.7886899602034]
car [0.0, 514.534495124197, 98.04916370056606, 898.7387215985991]
car [687.2451584905742, 525.9168376156151, 774.0949361866525, 565.7412019800727]
car [503.9257954074715, 523.1686726875183, 532.2258327958884, 543.3968642063899]
car [470.67780451889394, 530.0799301652637, 506.32212270053094, 549.205737322564]
car [8.179769827337509, 531.2623830166211, 307.22066579217164, 661.9568205175703]
car [0.0, 524.9139707709857, 205.0198245578988, 627.0336253069087]
car [1446.0862383176552, 518.2184250826948, 1600.0, 576.4468549038392]
car [488.31004291664124, 525.6358926305006, 612.8286356575665, 568.3467845963719]
other_vehicle [330.94556738829084, 512.9927641335568, 399.340201930776, 552.4321296340319]
car [1160.5456248411708, 506.4228008563698, 1284.235109329405, 549.8131037517159]
car [0.0, 533.5645983756058, 38.46954354444299, 577.6255519310062]
car [1052.9667302110831, 515.4439729995789, 1270.574264768251, 576.5208240224252]
car [422.2224140427482, 527.5238670522493, 468.6557242048147, 555.4022562060802]
car [449.3273367097424, 527.490776246413, 490.44942553228776, 551.8605275021217]
car [1012.4840746377631, 522.4136175626716, 1166.0451497729466, 572.1744553793662]
