car [365.92032846990355, 549.2882981778479, 462.36651767870393, 606.0391822271678]
car [480.0323299595108, 537.1740588062943, 559.9063954811098, 602.5132487893092]
car [0.0, 523.4281301057291, 97.49854222564647, 729.8040069510984]
car [542.5168906034954, 547.6301329121885, 581.920399363516, 579.4166634321509]
bicycle [872.2754491653936, 542.7004239110819, 924.5656157157105, 581.110010412273]
bicycle [849.7974135913545, 544.3696720326337, 868.2796051192943, 577.4712184515186]
bicycle [861.0349817079472, 543.5356327918918, 912.2785533510047, 581.0990524269283]
bicycle [857.3737684841217, 543.2232952669308, 876.5555949121001, 577.5639467059278]
bicycle [839.2590456570157, 556.666245954088, 880.5149238359824, 596.5607416111685]
car [333.3156509342384, 543.7061574729527, 381.501665241108, 577.6206470824052]
car [693.8110367797067, 540.8437926194283, 744.4381362696812, 588.6789834120655]
car [666.4945816532352, 547.1727859605929, 699.2227554425895, 573.1474874450719]
car [605.546654130401, 535.8563200157105, 643.7614816164164, 577.2221828512173]
car [0.0, 570.5737125452576, 45.521475043133115, 611.0597753660555]
car [122.83802666787868, 555.9824088600327, 205.41251690966072, 594.7204743614076]
car [275.54045603145266, 560.1077149595241, 326.62821058052026, 582.9073960080117]
car [10.231064438021654, 548.8912014669153, 138.7117684392185, 606.1621637123554]
bicycle [892.0695213829393, 537.1242327803229, 931.8717068654622, 576.5254312152117]
car [181.94464331169536, 553.7268965232571, 259.14706738235526, 588.6974383865476]
bicycle [879.1759562916507, 538.1560198827824, 932.0878410336198, 576.9760973935366]
car [314.45205990230255, 559.9332290835023, 351.28552414648135, 579.4887468251203]
car [276.7694944692574, 550.8998776938157, 331.7412392766179, 581.0867492673401]
car [365.4783188484934, 554.4300548373135, 396.99349321867, 573.9006881819823]
bicycle [793.4915588769837, 559.1499400306112, 816.4321709370846, 580.7218089013467]
bicycle [844.2682390484568, 556.7816095000344, 886.2305832276322, 597.3612113655843]
car [241.28642894730189, 557.0683192633079, 297.5638901048617, 586.9614026999834]
bicycle [867.1925524915007, 541.957607173672, 918.9624849968134, 579.9231125098386]
car [600.3316238614392, 542.624229102357, 651.4775714375209, 589.6069315985326]
bicycle [892.5350268436814, 537.1464790838743, 931.788448191619, 575.997887391925]
