other_vehicle [1157.6451662661866, 545.730842361176, 1250.8301273478069, 585.9987448673315]
car [0.0, 562.3062637789436, 149.67299427544282, 900.0]
car [1028.688292980997, 552.3589835425312, 1123.3068838399633, 591.563501127685]
car [1264.4950306110043, 550.3514615067725, 1346.7689664127397, 584.0933301718655]
car [1089.6703406427346, 558.2536195726655, 1181.098537949819, 589.5536024275294]
car [666.8106857296734, 559.2025238760407, 799.5488236095524, 605.1635397172457]
car [930.4874592641144, 548.5181216663876, 1051.6547137049347, 596.0824282405139]
car [811.8191668461681, 558.3208137481406, 924.2159146939507, 601.3552161337149]
other_vehicle [0.0, 480.7534409057132, 387.45474123005715, 633.2539469140366]
car [1356.8433591695887, 545.9932343610657, 1570.3499960512079, 629.1647380611569]
other_vehicle [387.4392447913438, 503.0057443047853, 678.6853431476438, 620.2655994146482]
