car [1514.1438328979084, 516.4158836743588, 1600.0, 547.702576427359]
car [0.0, 518.3640595329708, 337.638317855892, 824.5911213263971]
car [69.54816967021296, 496.124731917966, 195.27364675430627, 539.4451394469351]
car [508.9870042408867, 497.22662027693633, 558.7253822397054, 515.8262852451095]
car [1557.95282277533, 520.2169126300624, 1600.0, 564.1995080777195]
car [881.8973124055633, 484.3637620641353, 1078.0992433402077, 591.0128603255777]
car [0.0, 495.3091761075498, 72.00775899688678, 538.7855108046319]
car [573.679356857792, 499.3432035623155, 656.9914540306397, 567.5449348303459]
car [712.4540857542717, 497.55044740268545, 760.434063625622, 532.9212088148865]
car [306.8919813672398, 495.5249705176283, 465.58880358175685, 548.5520584977044]
car [708.7307700123497, 496.47385321784606, 851.7141927508376, 595.2863755692609]
car [549.6171145637246, 481.5686224195407, 586.3145626112491, 524.0062339923261]
car [852.351506018151, 500.67356122616417, 892.635971574918, 523.1767632460187]
car [443.9236455708512, 497.893842618292, 689.7411741823269, 736.3736211626767]
car [1001.1687240742481, 483.95485180321464, 1222.5185894739864, 578.3371557510651]
car [0.0, 547.3826584923538, 68.21758691855962, 871.924378628947]
