car [553.536287435154, 503.1799182057075, 621.4423015025799, 556.3883452804976]
car [641.3813899842231, 501.5248689533882, 699.6401951579845, 542.1535270087754]
car [85.85390955572366, 500.4051711538624, 330.76625196483997, 577.3727364346969]
car [943.5452653184655, 511.37155389653685, 996.1219031064795, 531.9861192719459]
car [794.1310829536242, 501.87684588696885, 925.3271937327488, 567.8848610495147]
car [909.4724555407543, 507.53768958414986, 954.0607658207902, 529.7116478590535]
car [1172.8091531531936, 516.7252603596132, 1283.4677373068268, 553.4686356135867]
bus [583.8997504871605, 476.5344846518292, 618.9331735795615, 518.1560673915423]
car [1460.1549796412987, 510.97578228182795, 1592.4284614568985, 552.8376376336929]
car [628.7527889631771, 502.63995174670606, 661.4765166029393, 529.1595761077131]
car [1482.1355080280923, 487.4899602727395, 1600.0, 756.9345486837052]
car [1097.6073044655066, 514.0165740566886, 1189.5676343328469, 545.8450840969668]
car [1323.420983389565, 501.21441447036005, 1474.1687026625186, 555.0461263217078]
car [203.9421343949538, 510.7761875725971, 448.0927052590846, 654.8371651686718]
car [0.0, 543.4160436803936, 278.65640000922036, 874.843202853264]
car [675.3924860418599, 494.16068237575456, 792.0517734209748, 574.9062852995323]
car [991.8757998435916, 504.42648529910696, 1057.1913202908106, 535.8253606257019]
car [1045.1184200889215, 510.72182127106544, 1121.7693912177588, 538.627205923784]
