car [835.1848062270573, 450.76762335662, 1203.5836902640492, 786.6424702164993]
other_vehicle [1038.930334531732, 409.0232130676621, 1195.0094738214466, 562.041842930149]
car [1256.6387917691545, 492.50908307159233, 1413.7377967034306, 587.7093534939924]
car [425.83221689487993, 502.76820371416625, 767.1468945440475, 689.3256142174073]
car [664.2652343581001, 494.9417191778236, 845.0643221140652, 620.13397930852]
car [1554.928019322363, 520.1234026017887, 1600.0, 551.1786633681118]
car [1250.78339277102, 488.00230698008863, 1600.0, 773.7333197658415]
car [867.3572814304506, 479.04249730336136, 928.7292560434232, 539.3382330215005]
car [852.84361363, 492.0513698708437, 918.3939711783867, 546.420276402509]
car [787.6264577811478, 498.17089734012444, 889.8374942140684, 581.2538653117805]
car [927.1633098409453, 478.03150898197714, 1048.76283201139, 603.8112581711556]
other_vehicle [1036.882094981849, 418.27597592002354, 1118.0367360077262, 504.0263088444563]
car [1118.2811010914868, 499.71475342755184, 1267.5934198851708, 600.4691001170843]
car [1190.6756325982258, 496.8152876206757, 1309.3222926797694, 564.5662199235379]
car [933.0280695032559, 469.48830615086354, 1036.193663822997, 559.0825860107963]
car [1588.6453056898529, 515.9648811971255, 1600.0, 608.1187712224422]
car [1364.0243425372385, 486.37887435752907, 1600.0, 643.7004356688769]
other_vehicle [872.0174902163643, 438.3016860355808, 956.1615030402888, 532.8596188298235]
