car [1562.2590236477627, 510.8870018442561, 1600.0, 554.4645683864276]
car [1369.7427598190925, 513.2995057867876, 1600.0, 574.319074226977]
car [1013.0177618804624, 503.8414251799787, 1188.322966275882, 573.8162615762274]
car [503.92239619952176, 522.602479299679, 532.2162283194045, 542.8233567100635]
car [801.6305296528643, 519.4895510992912, 880.0244617167166, 546.9267144760994]
car [0.0, 523.7767015864408, 205.2196849515334, 625.7610361480174]
car [8.896922214394747, 530.2377376408689, 307.32135461939845, 660.236206235625]
car [584.7413511650426, 522.7748025566469, 620.1609045618236, 549.1703208091374]
car [816.4345248082711, 522.8461275267887, 898.898282247412, 550.0364215402541]
car [200.85972799552562, 504.8617100260923, 416.3988345998663, 588.3812517821389]
car [1131.1360273387495, 507.34796487596714, 1314.8119922987316, 568.7119851434774]
car [422.2339401276275, 526.9402247021096, 468.6497481419568, 554.7530874007318]
car [1281.2665466021217, 514.8555654512011, 1510.7723447949186, 573.8105326505057]
car [0.0, 511.7475294226665, 99.43302552865296, 893.9216044131464]
car [1160.1645517150166, 505.58341070380857, 1283.7219197261613, 548.9428581549932]
car [449.33167281233443, 526.9247548661883, 490.44072775558834, 551.237140311665]
car [940.756217875987, 523.1656929518311, 1073.7431689758841, 570.1403596616241]
car [470.6787569880436, 529.5255374271533, 506.31328923469977, 548.6048625317832]
car [156.25365707340762, 499.76643460529374, 484.9757118215355, 702.709220509205]
car [833.026171482914, 520.2388801493253, 921.5251098943879, 551.8560866377923]
car [534.3067733405136, 492.0598421461617, 803.9304693435221, 749.1063930593459]
