car [718.6764523986302, 747.7496036169707, 861.9408225954616, 876.6724813162081]
car [1227.4472917045218, 776.5081334335308, 1430.1473167911167, 900.0]
car [1110.8870609142068, 753.0487278371702, 1204.3843925811311, 842.4770288831074]
car [693.8297178328514, 768.8685674966487, 780.9021228454247, 847.6351502744312]
car [882.4646671049329, 748.1474141380304, 957.9749432051917, 830.0048198971115]
pedestrian [1461.880881143391, 752.7952408831704, 1518.465604872482, 877.6104090707166]
pedestrian [1494.9173027936274, 730.4381873643008, 1560.922076978131, 866.5519884016472]
car [11.234781394083452, 794.1603940905154, 135.69364933994748, 866.3050895845996]
pedestrian [1417.702552824984, 777.8339869463997, 1483.4849581312933, 893.9344500890825]
car [1178.073395901451, 754.9581451750824, 1374.389069035407, 900.0]
