car [113.12556422428453, 536.7434322312089, 199.41653108514296, 579.424418241403]
bicycle [947.1507851657373, 531.3010910567978, 992.5935497970615, 571.680029241214]
car [1283.5532164192616, 538.6624870102203, 1363.1095280592863, 564.7746453933086]
car [0.0, 531.9898470620866, 22.905065193155547, 559.9752635948214]
pedestrian [792.7153828494406, 530.7064150191751, 811.8234189655863, 572.2445535680844]
pedestrian [568.7102549432338, 529.3014070119731, 594.6261400192556, 571.1403383491788]
car [1234.0503405351917, 536.2433693873243, 1295.436022127114, 564.6764821121502]
car [669.3951470969621, 534.4640909455853, 805.4633295550316, 579.3592635864223]
car [76.84982676214153, 539.5188638086642, 162.0719629551256, 575.8814743496828]
car [979.7571650066208, 524.3283478515542, 1092.8221177136402, 574.5359032338876]
