car [741.855080324609, 495.09792083223886, 803.3402355141319, 541.9358161653105]
bicycle [354.2143666318782, 482.1529969148049, 446.5381772775406, 577.5459598662959]
car [566.9233688493806, 486.7268309924036, 678.4378882801564, 600.8678143062436]
other_vehicle [527.7702721838588, 472.7784026433799, 579.2371528789037, 537.6388946225949]
car [1338.7002489660467, 486.9470869711686, 1600.0, 575.2252909474648]
car [1279.905611928741, 498.4957830911356, 1423.0299560650494, 544.5132861346533]
car [561.2832230962446, 502.8294891347851, 586.5684843796291, 528.5642274338168]
car [823.1940482198777, 413.33059686140723, 1405.5115985026266, 786.0294124703337]
car [494.52965314496345, 508.1350096364939, 554.0351451892503, 558.0185634994677]
car [682.5759302018186, 503.6682117504949, 707.3392941748111, 522.831754388274]
