car [720.0754788383023, 509.61962009979595, 863.2387385953531, 609.5228616757083]
car [1284.5472828696602, 504.06344953575297, 1473.5906610709083, 613.5249464163943]
car [386.35374650567485, 499.7430614033223, 512.8950363239147, 542.3821579083818]
car [292.2497482298207, 518.2717775613818, 757.0765485939311, 793.1720843666727]
car [1073.6939648398704, 510.17216364217865, 1188.1013008445523, 591.1634376195404]
car [1054.6923106998272, 507.69236798777104, 1091.7798924788765, 536.3693087880517]
other_vehicle [1298.6874790588815, 501.10087889266305, 1373.2717636005127, 549.0101808137798]
car [904.6163127534153, 491.831104390221, 1075.4759248585076, 629.2849833507846]
car [625.3904074508257, 498.8254167575444, 828.6526937204256, 652.9008930578351]
car [1013.8045608567697, 503.3664945174241, 1056.7393752313326, 538.6927818978141]
car [1084.2095456193163, 504.9318771674682, 1136.4025320072865, 546.4851345174591]
car [910.0268986127246, 505.73344336177433, 942.0424038451521, 539.1181895297739]
car [886.2095881534278, 512.5825325197893, 933.5916466743538, 546.8717231850404]
