car [1481.9166814438252, 552.2383332491031, 1600.0, 625.908594737507]
car [329.003007897212, 556.2959691488454, 507.0556179744043, 623.7288688746655]
car [854.4899532539198, 553.7445793502899, 1110.3290349479978, 648.2484009487089]
car [1104.9419932891176, 541.2241327792117, 1321.7609894030493, 630.2595855506453]
car [1283.8953843628537, 538.8197995721034, 1448.4327233705192, 612.4143863437372]
car [1337.263362453857, 545.4312562179141, 1541.9951301274984, 641.272697720393]
car [0.0, 560.7447004107714, 8.371491212972037, 640.6129177354541]
car [753.9030372906327, 503.2022188821239, 1376.1455680641727, 884.487529103676]
car [90.92114020160761, 572.0711860293936, 281.05533287469245, 634.3518071581863]
car [1447.028388081338, 540.2844689771716, 1600.0, 709.3225136119025]
car [347.37685007492365, 505.8646281103757, 812.7401246950452, 697.0576690532645]
car [1047.4876267351128, 558.4306664420052, 1345.1670097460003, 675.6507697442045]
car [1579.0489722530433, 552.2412046735757, 1600.0, 612.3093069421197]
car [613.1127869804767, 516.934887867797, 1073.3643260936105, 742.2787704945455]
