car [1002.3770933772164, 514.7323544623479, 1091.7262586375352, 551.9706677147141]
car [1585.7287942176768, 510.22148907189546, 1600.0, 611.8106617942993]
car [764.8445541310184, 510.48732025360266, 813.2687160731092, 534.1315608568531]
car [355.90323461520677, 503.12237024963946, 419.3072213647984, 559.4826656548222]
truck [588.7118982383561, 395.97392863420424, 817.8406331425156, 578.366048928765]
car [1057.098525038837, 497.09567719761475, 1244.8381255560394, 564.1511424206896]
car [573.9888582761126, 508.861136383377, 591.7874046754166, 524.9106876280786]
pedestrian [1426.0353511999317, 505.8579254995339, 1466.2798683213234, 561.1463333099058]
car [846.083983395531, 507.3992202982019, 943.4188550488329, 547.3485466552208]
car [517.263121160316, 507.5252181448327, 558.3390451808153, 542.8963922733009]
car [332.4316509460088, 502.2643508248357, 493.98999550852807, 648.0010890863603]
car [951.8287569811384, 512.5214679146786, 1023.9254272469227, 547.5470141416173]
car [1188.996829386528, 510.96711344722723, 1305.7368939636333, 544.5257966061504]
car [403.1283508361175, 504.74698879742886, 487.1689760102244, 576.9272357501209]
