other_vehicle [46.426913735883566, 542.4691434920093, 138.71097013705452, 581.6804339996123]
car [709.11356548281, 540.0787212650877, 797.8595987382726, 597.6618769636091]
car [0.0, 547.9568645953377, 76.48188841326966, 601.7022592273023]
car [0.0, 551.8390320222768, 122.33498026261665, 608.476576315186]
car [542.8771333982646, 546.0562426646791, 589.7954311078274, 583.1141013377188]
car [0.0, 547.9010455188416, 297.15533557596785, 690.6946064446086]
car [279.3639323256111, 549.490400192143, 321.9022822736649, 570.5696649313707]
car [750.8050323898816, 543.1135930369102, 911.3878022426843, 648.4942651265891]
car [541.4970676295278, 538.2040847756974, 565.9033194003712, 561.5246655814475]
car [621.5129536894843, 540.3060429534031, 639.1466471038987, 555.0722628738451]
pedestrian [797.0637073270557, 522.4582726569215, 823.3860951472815, 570.9183484515731]
car [88.27708853424626, 550.7262934473248, 159.7015694889751, 578.3519998679201]
car [503.54821459445077, 542.1880635382075, 545.4775634736267, 570.2962540129525]
pedestrian [790.6093780181218, 517.2662139425895, 818.1385944997228, 573.663507688217]
