bicycle [309.6458483462927, 553.9902941195666, 473.08452425935485, 673.3478478072051]
truck [724.6484570959839, 469.9849506911452, 964.836517735829, 575.2276540083949]
bicycle [259.90222927233486, 533.3501655735213, 394.26056600665294, 633.5650098512151]
car [588.8462239643385, 512.1611387157596, 720.1955214348353, 555.3712554743315]
bicycle [0.0, 532.7641158079358, 188.56933709299602, 645.2625222064084]
car [1003.1565390959545, 510.4854142683037, 1307.578277525357, 602.4967687493707]
car [1067.443313238448, 490.1523213088826, 1334.7198785004625, 579.3895580294153]
bicycle [116.90446429495192, 531.788878765143, 271.769897554817, 635.506870510801]
bicycle [960.8518172486425, 479.43094238258016, 1118.988766547466, 650.3842899899522]
car [757.7172839331389, 484.60737304090406, 972.63507610821, 565.074899129614]
car [562.871914191082, 511.95298010672803, 700.7368239448921, 560.8547145457435]
car [448.93747030562037, 505.90482186100036, 557.7516354362353, 555.3097933212415]
