truck [573.3942536331739, 431.10829414433164, 680.0655803128778, 560.5652845643033]
car [580.6301933605233, 504.04665360073824, 681.3095302531888, 586.5952175608851]
car [877.5102724510967, 445.3772488805626, 1600.0, 900.0]
car [698.8070643031081, 475.98985146022756, 803.2111054195484, 567.0396126981376]
car [846.3796427903152, 504.8422086390457, 994.2339035463922, 581.5996450182938]
car [440.3749610641258, 492.39755617927716, 542.3215169983557, 566.70757965949]
car [940.5306584101893, 495.3044105405279, 1115.464504892611, 575.1161837732216]
car [1285.272239067963, 479.9371967678537, 1600.0, 675.0244750727502]
car [227.27005086604274, 516.0574089090162, 448.2979660398283, 640.9614890775666]
car [537.7426176829607, 503.38456632639276, 759.7315776154386, 673.379835933553]
