car [943.5254411030324, 533.0733552569593, 1065.65043068648, 578.3159298644337]
car [1529.897204440939, 529.9005030792669, 1600.0, 622.5435799550444]
car [436.67733816668783, 524.5871920779421, 527.556385903166, 561.2646166846185]
car [1115.8611917710302, 506.79078985173754, 1574.5399663137753, 645.3074453467641]
car [1113.7103816035249, 526.6994543117733, 1234.9367054385568, 579.0707304488053]
car [511.7617507519315, 508.54685159529186, 710.7841859142685, 585.8830318994998]
car [1038.591992424657, 539.1759892497819, 1126.5323380500877, 571.2488948840848]
car [893.4274243218172, 529.3415832366669, 1011.4616528608302, 577.6016463337376]
car [744.1020009422459, 532.0999685729835, 872.8059454745178, 575.6985562112479]
car [873.4552420841919, 522.080651802337, 983.6859956768246, 557.3317838418994]
car [0.0, 403.37154111994704, 366.83066437680526, 845.0686544310051]
car [1083.4328179395466, 534.1878427561729, 1186.9974258770033, 574.7291986574079]
