car [675.1729288842229, 529.5508276056396, 719.178772293361, 568.860790583358]
car [1362.4174706775148, 575.6240725694398, 1600.0, 900.0]
car [871.2726777701865, 497.89120026660385, 1525.5887791108537, 900.0]
car [680.5829551749048, 532.1916579930958, 729.6860538711567, 573.8716491885028]
other_vehicle [254.24267999121238, 529.3328492107881, 325.31385135448187, 573.0394116520721]
car [720.0965995859372, 540.9909307781938, 815.2688209907155, 613.3089377354077]
car [697.6562249180135, 533.1396573431568, 772.6733649363457, 592.7105474063117]
car [612.0101455426378, 537.2669826628766, 635.3668485180266, 556.3484551048781]
car [656.1219587592777, 533.4066015861328, 696.8285204939149, 561.743168015841]
car [749.8964654279735, 526.6301643774975, 933.4956256104077, 666.244888683307]
car [591.2522142078176, 532.8803333881654, 611.5220031193398, 552.5193825800068]
car [690.2569716498048, 539.7074799129259, 745.0215364808776, 582.8692860209791]
