car [219.3929709043514, 541.1586540373263, 290.5452014307476, 574.1839195631308]
car [756.9496440938074, 499.19956792776946, 1023.4533745624299, 706.482399386982]
other_vehicle [631.1304161573876, 521.913624817069, 664.6089091673264, 558.6167500560902]
car [13.591976816716612, 544.2913321036366, 147.22302701199138, 592.2295541935766]
car [860.2744456469109, 437.72365106455356, 1600.0, 900.0]
car [602.0062634273627, 537.5118875024081, 620.4052629295822, 553.2378337147134]
car [154.43905485641093, 538.4851992383155, 245.2761298457076, 578.9406649823779]
other_vehicle [651.3689955976105, 499.0853971432609, 727.7848404005138, 581.5146158353998]
car [284.83666186221467, 541.2389120710764, 344.2001434746499, 569.4785181687126]
car [428.4732720899129, 532.0933523495485, 534.9701607551004, 617.7824383343914]
other_vehicle [662.9994401148506, 468.3500440164964, 827.4847277755423, 616.5493220961238]
car [666.4418101036616, 540.7134208003579, 732.9689963330649, 584.609129008087]
car [98.98916823479804, 541.3635901573206, 186.727937553238, 580.7996020788639]
car [713.3287875819286, 545.3207176796036, 866.2757313219835, 639.2157590497881]
car [347.07932963098324, 539.8578427128728, 438.3784264451215, 589.1808773564679]
car [647.413009807288, 538.8580033375016, 686.5904842727348, 570.8616234588254]
car [640.8260635625487, 538.1869987612889, 669.8333786042152, 561.7460107739554]
car [0.0, 532.1206448698853, 43.623359775523646, 606.4288666126724]
