car [1180.0989637562586, 537.805562857909, 1296.874931790331, 591.4886937830083]
other_vehicle [1386.5436759108718, 539.7949236416855, 1487.2540974999995, 587.2915042069022]
car [1351.3108779327104, 557.7471292980179, 1427.8422667284412, 587.0921056639318]
car [305.6405185489446, 571.0685176446926, 497.1647744141166, 627.3767032570402]
other_vehicle [0.0, 491.8274426883177, 283.07035715731024, 637.1156488039891]
car [1267.456175542479, 563.0969731182201, 1336.7077276488606, 589.214314370528]
car [1053.9909301148136, 563.6021886445304, 1152.8353085931205, 597.1619554140024]
car [911.390043023937, 549.3898095433491, 1098.3702355275198, 619.8125102241835]
car [485.4325668645094, 564.5918839808959, 641.7991674443454, 621.1129736299522]
car [679.2045674403367, 539.1796996069602, 842.4085180231534, 609.9605503875587]
car [820.8071140691935, 551.536207700323, 962.5425470942508, 605.7807973281645]
car [1138.1054764504015, 564.137257190611, 1221.2645321582158, 593.9722027620355]
car [502.5970651651551, 560.8136156695718, 1312.1956347438143, 900.0]
car [1305.3489691487416, 558.5510172858541, 1368.1720333203448, 588.2657555730146]
truck [867.4184023572287, 495.8994584552851, 1093.0593854793565, 612.8513779096266]
