truck [389.11774992858216, 543.9789722680449, 445.8982864881338, 581.1496924106922]
car [291.74839338824313, 560.9847322849694, 336.6810625226119, 585.3111883802819]
car [215.90813262545495, 546.93745661786, 497.5514355268676, 643.5310911770898]
car [1215.2277376884253, 537.7348840497013, 1279.1258083196608, 564.6551306152348]
car [1446.3370863871858, 554.8840939966773, 1578.7626074656066, 594.5124356843723]
car [390.82997824002894, 534.6163845328063, 900.2988094694895, 750.4625890641855]
car [876.994077799601, 551.9457074668634, 1006.3528487664297, 601.4082444246199]
car [1191.060194470066, 548.619765847718, 1258.526789072947, 580.2769426752792]
car [1168.4574058331823, 554.2819564096179, 1314.8966426397894, 603.316874173357]
car [972.7179640288305, 538.9680305316017, 1300.4146678290847, 645.795671242192]
car [301.87331567534324, 561.0125317680704, 398.98821604582696, 608.2731587793122]
car [1306.4859123808978, 552.3025825342149, 1430.3975545331912, 590.6116020501695]
car [407.6995015715646, 559.2106091229006, 480.71194039992474, 596.764129377175]
