car [772.6418138933806, 491.4979247025772, 1117.42377424636, 728.1740021522432]
car [362.889888028056, 555.9466197513852, 512.9522312157167, 642.2169069944233]
car [0.0, 462.8322638193279, 298.0709330956157, 900.0]
car [589.1910396433441, 547.9796001930323, 661.2046646934027, 610.04629923333]
other_vehicle [347.59873855666183, 530.8474129654948, 399.4316762696445, 563.8488179699038]
car [495.78741713225173, 551.2860619647932, 560.9342244577476, 595.0830125637456]
car [554.2732411877577, 542.5056775355667, 574.5056914790443, 557.530570366786]
car [307.40379649507287, 544.914886355335, 379.6355165840236, 589.2698975099576]
car [240.94970605689602, 520.058004585151, 379.1347848768999, 603.4288664372756]
car [580.4728242702953, 539.0817690973124, 604.9684570193474, 559.573046019177]
car [393.5573153202316, 542.2251416277695, 473.8224604565456, 594.32596808005]
car [569.9494462593475, 543.417810761867, 598.0889102054741, 563.5384736807556]
car [380.83649111126476, 547.2448507713912, 423.40683212796495, 569.6107292433192]
