car [747.9797830012219, 519.3803003112489, 913.2493699092918, 654.8487249875504]
car [668.4165719767548, 537.350625704796, 708.1062093574043, 568.550128266976]
car [710.4726795292717, 539.0877556239595, 813.0227049098285, 610.6810839682573]
car [312.7632341830939, 540.6094732908591, 429.8085977688746, 605.7746635747978]
car [692.5918059134439, 531.5720560753324, 764.2226255024382, 591.7122822163902]
other_vehicle [282.8916831712828, 530.2199823458867, 342.81020428248263, 564.550271488657]
car [443.1992460396947, 533.7008614256315, 500.7054341906546, 575.3542178946619]
car [1328.95037510144, 538.2231844085893, 1600.0, 900.0]
car [686.81549415426, 538.6137328999044, 738.4948927861028, 578.7859718053509]
car [677.4642603864304, 537.9791738226447, 720.4220293691443, 573.1054207852898]
car [581.3645675823861, 534.1985411277594, 607.7590004188015, 555.649414157303]
car [448.5692930299776, 530.7542554912598, 553.3483282207482, 613.9787722098977]
car [659.1727383215367, 534.2077020696522, 682.6415577566388, 555.4053421660137]
car [827.3074829563868, 516.2904035388741, 1207.0413320672217, 766.7462715615486]
