car [146.8420172658686, 526.2055663755519, 675.1328174490716, 820.9339683336991]
car [0.0, 484.0787285387799, 299.15086845487974, 900.0]
car [734.4750231954811, 479.1927502063581, 1162.7187263896617, 871.9231548413929]
car [1059.9881218329865, 493.7991054345616, 1212.335555951109, 608.8716772493963]
car [809.59694017563, 511.40715779698826, 882.5558049128249, 574.0749647506555]
car [1160.0046987729872, 498.5858555504039, 1423.3764891583191, 670.5966265436383]
car [1359.8141425961796, 456.354605638478, 1600.0, 881.8328157496818]
car [1041.875613998422, 507.9584900190619, 1129.7044713664982, 584.273322403533]
car [1309.5145915163948, 502.250635572193, 1590.8643083314453, 643.9024165690132]
bus [1548.3852779457081, 487.9569847972488, 1600.0, 579.9488881471352]
car [1321.145099131316, 531.2596775974421, 1374.5788532239997, 555.3814506021369]
car [1002.2740025331611, 510.55213716166577, 1040.3349840529709, 544.8897126139166]
bus [1364.0066366052536, 485.6902349889945, 1507.134549348035, 565.3900382943625]
car [733.064355811553, 522.9652744581384, 856.7157905018581, 609.3443307308129]
car [922.6463699751916, 510.5604346306359, 989.382671462895, 573.4492129339819]
car [1027.4878048217213, 508.84623488920545, 1094.148288463019, 568.2878048352594]
