car [578.2821165630968, 537.4296755887506, 612.7099887609174, 567.3654354529301]
car [589.4191950407137, 539.0197816773435, 629.7466726379622, 567.3005273368099]
car [600.4026976763782, 533.9658564817576, 656.9179719085832, 571.5257166730433]
car [540.6791988448011, 540.0478332837325, 595.1929358006875, 577.6079105011606]
car [1227.3827812116483, 525.2036595847285, 1383.6210973719399, 591.029627681905]
car [470.74004515702995, 537.4646260556658, 515.1902056950415, 580.6737091056257]
car [410.06778865468584, 541.9503485791689, 488.75047219652913, 586.3974169975243]
other_vehicle [0.0, 395.8127992689981, 514.8469512383003, 625.2869426294469]
car [1052.8153684100005, 536.546263977882, 1202.8121765281203, 586.748160639595]
car [1406.361002873378, 540.3343741363061, 1600.0, 685.5996046130232]
pedestrian [927.6559392801532, 534.7884666639502, 949.4379330152827, 571.824105509755]
car [526.4380668518456, 541.3597323834554, 553.3818271512309, 564.1976914679274]
car [1390.0137509177916, 531.8688387501401, 1474.5337167287091, 567.7732352835914]
car [275.8382835961512, 530.334386596086, 387.950359048074, 564.6055924236143]
car [532.0950649755605, 539.4233985651613, 575.1118826975861, 570.7399384302987]
