car [1330.1535574840718, 554.7563782442701, 1600.0, 729.4891055374609]
car [269.1057420166883, 554.6916887984588, 413.99990730544357, 601.5614311673746]
bicycle [334.71914602326876, 550.7258977823889, 413.4093972572444, 618.6026010071888]
car [1209.3665616115754, 542.913663690307, 1300.3267155451003, 620.7955122587537]
car [441.2010925018457, 546.8934023624644, 569.1504265319144, 593.9032465997695]
car [899.3864570053147, 560.3873814086312, 1019.7228502098474, 656.1654005549987]
pedestrian [1175.8868561110066, 540.237219862563, 1211.3078770221712, 591.3333750388288]
car [464.5620804996168, 550.3457187167329, 586.8776225351899, 590.368157382921]
car [183.88367923269817, 553.7490257336143, 321.99586102463655, 591.8491146333438]
car [352.5320482169481, 545.3811301090678, 505.6190868765925, 603.1589855771791]
car [1575.2133616879084, 534.1395278899394, 1600.0, 584.0552736528158]
car [826.0133239336315, 565.0596863904924, 863.4497730327882, 592.6156744474932]
pedestrian [1173.1501635987354, 537.1122481483985, 1196.2917077602783, 580.2726215784868]
car [985.6912879102216, 548.3072585010389, 1024.4698297371008, 583.5392207525148]
car [0.0, 540.4230159571049, 120.5764914936441, 606.705246935882]
car [840.6128156969405, 558.2925336440042, 928.7251522619897, 616.2222864480694]
car [1011.7138362436889, 536.4584196911319, 1091.125034365116, 598.0863502332849]
car [711.5418190923757, 547.6714806585484, 802.7489149623053, 584.5875625362955]
pedestrian [1145.7163467553758, 548.3233289582099, 1167.5212746447796, 582.5191602881406]
car [97.54309433990028, 554.3517416047869, 242.90262146885854, 602.6745351066936]
car [0.0, 553.8905387475767, 57.525975894916854, 598.1891212738875]
