car [1468.9247390522685, 529.8201349608804, 1600.0, 649.4905937767649]
car [855.3589764843812, 565.7518446479523, 907.8989205368551, 601.1016552190339]
car [689.8612404811039, 572.0578023484012, 773.89575862057, 605.4920697335342]
car [819.3313827108469, 572.4651558843193, 862.1397620030849, 595.4492779924827]
car [1087.2866017040826, 556.8044064954896, 1177.8424143615155, 632.3450669421172]
car [920.5202822550704, 563.9911663772399, 963.0128054327652, 585.7283554809886]
car [467.1310727375696, 584.3084390514268, 556.6846904900877, 615.252173862785]
pedestrian [1017.4283901716935, 561.5970398112514, 1032.505712641209, 591.9617166897783]
car [1066.9765226058457, 559.3285706070093, 1132.9958821575108, 584.9419295049227]
car [891.1386893825654, 559.7426627452336, 940.3852475296762, 588.3212517879168]
car [1034.606080225586, 551.8456128957472, 1116.4847309055563, 587.3976675606314]
car [1597.2891586645233, 527.5162146225122, 1600.0, 582.3320242815723]
car [1139.3269356575781, 546.9112397174882, 1178.0846569069643, 578.3528543539175]
car [931.7464656318383, 557.9797387607238, 990.6833296377968, 598.8424729903767]
