pedestrian [387.4957957784473, 532.5943047879247, 418.34487428860757, 586.600297323193]
car [444.4873481048727, 544.617042098921, 528.2684785662706, 579.92168966162]
pedestrian [407.8735506109742, 533.0357057485154, 438.2324896934663, 587.3323243442142]
pedestrian [1013.3184015577388, 539.4788151236786, 1033.4907907192937, 572.7823872782159]
car [1328.2260611875765, 543.7602040811188, 1379.7441679847527, 568.5468813238668]
car [146.53506550922887, 537.7408267385475, 254.0405150728953, 581.811339665705]
car [926.971649559389, 543.0243759700269, 1032.6627934334163, 579.4335773007354]
bicycle [1216.8410983019673, 539.2006214229912, 1249.2297990081884, 569.7087704611743]
car [91.33739133805439, 536.8308657466453, 135.99390355509266, 556.5206470423888]
pedestrian [869.5340174335059, 538.9567985812505, 892.137832271158, 572.5362299456791]
car [1140.7298141752806, 534.166595628321, 1231.9249440614415, 576.3843474604627]
car [387.9859784290896, 546.8391424929231, 471.2994400969513, 577.3913530018846]
car [1364.1480047982195, 545.8151506751467, 1432.6414795361143, 568.7501209412322]
car [198.12002528381535, 539.6735985992549, 251.85482270149305, 564.9430466602356]
