car [700.3967301521369, 528.1956808067853, 807.4254799987907, 618.7564812447582]
truck [649.8810169724924, 507.0831974115562, 706.9823801688657, 579.2362926929542]
car [953.3949371531304, 319.99912441018586, 1600.0, 900.0]
car [591.2745782902969, 551.8085193026585, 625.0934629695264, 580.7630816483372]
car [0.0, 570.4290425479059, 56.729672923577496, 609.1719976008516]
car [333.37854371265075, 550.8686601178275, 444.27708896906, 615.3849994150027]
car [771.0904113709015, 546.3929414438255, 1045.2896744452864, 706.0120210780303]
car [49.93354669763433, 563.926077959783, 135.18889565689167, 600.387005146802]
car [564.0656545287868, 543.7605026365885, 595.3569024421992, 574.4437868583366]
other_vehicle [665.0028292881174, 508.44078237430983, 742.352489122452, 593.8298662152197]
car [720.8646157259353, 529.0899586586535, 863.6805630651727, 643.8149283169816]
car [687.6779955204437, 550.619152005975, 765.5263893228312, 599.1583638766275]
car [657.2536243680961, 523.7157832412797, 714.2896628380774, 580.9551277753366]
car [239.32781772466828, 560.3246948159066, 296.61329006343175, 582.7380011352424]
car [319.742234796331, 548.527200991796, 500.8919172815854, 664.2879544674588]
car [497.5268331404709, 540.6176649882967, 542.7116950558924, 578.9916228888873]
