car [1331.6070827764156, 485.76279163305827, 1600.0, 751.7132206596974]
car [748.0899514972784, 508.6243480271773, 772.9650139560227, 522.772130528467]
car [1003.645663973764, 510.93738674729605, 1074.5177963462224, 537.8968863450508]
car [1342.0367090117709, 511.05786904269627, 1553.7509840972161, 565.9106415517017]
car [526.7120451430153, 508.2304384627328, 562.3037973920926, 544.1105671768821]
pedestrian [364.61741282696886, 497.53715872222233, 395.78452905477957, 554.9141434552794]
car [914.1160706509571, 507.5508666003875, 961.4065129238713, 531.5258783028946]
car [553.6574946516004, 508.54559532937895, 677.3534656884557, 607.3891552874164]
car [502.472486087559, 507.46272212608056, 557.3294229758424, 550.232671958442]
car [973.9532298864636, 512.300950335822, 1027.7308715105949, 534.5961611274347]
car [780.0364659205819, 499.09128781109496, 814.1215151538378, 524.4192173058451]
car [1234.764023141528, 511.13909668640053, 1366.726480653862, 554.0709818884102]
car [1073.3012390417894, 511.1277778593628, 1169.000713756417, 543.932062257674]
car [482.33153553063374, 506.9793395679545, 544.8178233837722, 557.3267077090277]
car [542.9996784177134, 509.2964092271804, 576.4811775032761, 538.6383120204052]
pedestrian [389.38361361068445, 489.23928457171394, 421.8364445517382, 555.9033633480204]
car [868.7302575511071, 509.9680748626392, 902.8111948004506, 526.5842438173325]
car [850.5112146056762, 503.848786149512, 884.708915106289, 527.2130755032615]
