car [1317.39500232953, 510.74800856170714, 1469.0084439611028, 554.3671234457063]
car [285.8107475185665, 495.9021610990315, 499.66183472235366, 627.6048819549488]
car [0.0, 488.66451359828176, 396.327754280543, 770.7482426695107]
car [683.0414733688324, 507.6380632364197, 709.6129194408912, 524.8082329550502]
car [868.2685418212582, 489.9345156902469, 1062.0096150501845, 594.4284371049097]
car [590.0198564339456, 501.53056382117285, 667.1806871064235, 566.4459191978891]
car [1370.6853420454352, 517.692136962829, 1520.6954778357288, 554.9105153149013]
truck [862.5823960712471, 480.30581532591367, 924.02928040806, 527.0209687793821]
car [1074.9151805688382, 506.44383300970355, 1175.282218370604, 547.9558664922245]
car [702.8150591825745, 504.8764572528272, 740.2168141221936, 528.3261584143647]
