car [825.9917931324444, 512.1029775625053, 875.6940351651598, 532.0171815814327]
bus [704.8361761707561, 494.1768083982114, 755.5167045923688, 545.7338058713207]
car [588.3594212908408, 512.7995044851478, 636.4739198518539, 533.5512438565769]
other_vehicle [1422.5050723557636, 439.70531493492877, 1600.0, 561.2293806515617]
car [400.1540942891707, 504.32630806901426, 466.1150890721411, 531.2999104693029]
car [309.1266550765515, 517.0680816569767, 363.78377741591225, 536.0339746229178]
bicycle [769.6037738482959, 516.2089087009376, 807.0633614873445, 581.7921684260331]
car [523.816176156966, 517.1343966028243, 570.5829220515536, 534.3337143731904]
car [497.3364990521082, 511.73676034884573, 550.6910611168967, 531.6472960200103]
bicycle [924.6238075812017, 511.20268926364525, 962.9647046251367, 559.7116604681241]
car [760.4412616499707, 503.2981982699682, 824.4738778168545, 524.8330281827904]
