car [844.9349787930524, 532.9536873649495, 949.1709240427795, 563.8153110860819]
car [168.55723936092855, 543.1826237653825, 248.1883113281163, 577.5204322320503]
car [433.2660041114208, 536.897061911762, 466.12033995367017, 558.5630223620834]
car [585.37527398446, 532.3417563946107, 603.7728061148641, 549.5243445743235]
car [468.15781979223493, 536.7658845942028, 495.9888843706105, 554.5355003919179]
car [1268.0573299675802, 525.2348045815883, 1417.754665328288, 562.5519251560289]
bicycle [805.9835681948529, 524.2908464713603, 848.5586489467399, 561.003185231476]
car [605.7662983582532, 534.3390285957558, 628.2697827614376, 553.9418106257792]
car [558.7391041812697, 534.6173419939817, 584.9980691624907, 555.5763023926067]
car [484.3076315705424, 534.0320878463539, 524.6431843889575, 562.3045531883014]
car [383.0349808436556, 540.3790182945066, 416.4310266229571, 558.7060219458045]
car [1089.082855643519, 522.9439741337366, 1223.5563333471364, 562.5694570998808]
car [1453.8105032115202, 504.67632365165883, 1600.0, 560.2252445973998]
