car [464.54918708086325, 507.1946340234528, 554.9549159883129, 544.5778777180939]
car [24.09661015971028, 493.25003480597445, 130.24834642438023, 544.1542877375979]
car [273.3568255568293, 499.7011459319001, 411.0216213117807, 560.266840818679]
car [498.9688287749055, 511.39196139704575, 673.2603268471315, 580.3449282973661]
car [363.5181137708326, 495.64451866265745, 559.818031420332, 581.6121171817438]
car [821.023269874072, 525.2745186056037, 1019.461625158085, 597.6696139773726]
car [91.13178248246786, 507.77061555625056, 158.0579846460354, 534.6626659153648]
pedestrian [339.2738314405001, 505.8339836860122, 369.3777895141242, 543.4663866222255]
car [214.22558673829943, 499.1207265083368, 312.08782627503984, 544.5015028835847]
car [0.0, 499.8515543463338, 50.51233349590132, 526.1600958202605]
car [247.45094625406793, 505.8102065339045, 498.21723303760064, 595.2189548844652]
