car [618.611741627448, 522.3757869975202, 834.884964935279, 596.567112469809]
car [481.12285908987235, 531.1112310618897, 628.3234800039702, 580.9596378195031]
car [378.54660055365525, 524.8360334743219, 521.5287687036569, 578.3705573533398]
car [0.0, 487.3991384672168, 125.7497786351692, 735.6917116423652]
car [153.08393360151234, 512.8279088320907, 268.2556280599024, 555.0701518788948]
car [229.0101833001172, 522.3533059455816, 353.2695633170453, 560.2050204574703]
car [798.8383766941038, 514.0866215129779, 1147.193214099595, 656.2162564380009]
car [0.0, 502.88119341689173, 81.98527348198635, 547.2700438204678]
car [1142.6826338126198, 546.1304414340773, 1459.0478597342337, 645.8695587828133]
car [343.3699183396961, 513.6727106825177, 496.3434684062885, 570.095223269297]
bus [1477.6140503916863, 469.2076183265119, 1600.0, 660.4235035139313]
