car [569.5719076708577, 521.9490921847776, 744.5504017125453, 586.2985803009806]
car [0.0, 531.4029864763024, 28.0950720601949, 556.9771058052785]
car [1246.9874335803304, 531.9035268517739, 1318.044579771807, 561.750742983566]
car [216.90905753224325, 534.6477221396982, 276.08049067900146, 562.3651626834054]
car [1091.2369422441993, 501.80376648702486, 1209.050872759164, 565.2735874226196]
car [291.38539744348014, 536.4843431216069, 379.42800556885993, 570.8370273539571]
car [1420.0785037652372, 531.8544196276971, 1482.7725863571357, 555.7571728675667]
car [1023.4047136496541, 532.8077784837765, 1121.5472457500755, 568.2108735213308]
pedestrian [75.17028943895684, 519.5453214579198, 111.05666238903004, 590.8865983848574]
car [1256.5965246963153, 528.6093597697503, 1422.331039748824, 584.5223889503886]
car [643.8205316047815, 468.1502743499042, 1156.6234738649073, 733.3348333734309]
car [904.8404244670438, 521.35314194395, 1062.9637944052795, 580.7974030405649]
