car [643.2225183214204, 510.7690374789215, 661.6112920684183, 528.122073812064]
car [539.2226947668984, 500.42179964645624, 621.509571139433, 578.0101182201238]
car [927.050547328442, 489.76236859415053, 1168.260703445004, 619.866606752267]
pedestrian [497.65188126432776, 505.8959264371121, 515.536958499289, 543.9513653223299]
car [701.3096829685654, 507.1327109707978, 741.9797760413944, 538.5511824364019]
car [682.44029249598, 514.5387086033761, 703.3655325479268, 531.1686256767804]
other_vehicle [1106.6925380286398, 482.78834128628597, 1325.0304889361587, 574.1679187906432]
other_vehicle [850.9155762030463, 503.7598421720549, 907.45560526908, 541.7465580161518]
car [650.5799014855633, 511.8442493061391, 678.2118272817903, 537.0029782236118]
car [1063.3967135064916, 532.4790832891155, 1146.2990568885468, 562.613692134811]
car [849.3908722769164, 506.0854560644634, 1249.8685113910424, 713.623240069537]
