car [433.59646993169326, 509.65489617710654, 583.9352008741213, 561.7034746865726]
car [113.91561964904915, 522.4187700802524, 209.69211332214348, 562.1098343489806]
car [901.348476975624, 489.46113068370033, 1051.9268017062277, 550.090087433443]
car [702.8942471961645, 490.40946588216764, 886.5255866804364, 558.0040330798189]
car [92.54386404332413, 522.2482046483273, 197.4264471583102, 554.8583732007514]
car [834.1590087850614, 479.5079399615611, 956.8204001528966, 523.473422131203]
car [630.6736045347238, 501.7193594088498, 782.9861712735877, 550.2304195866893]
car [479.61640785426044, 492.921030205085, 673.5067254829999, 566.1534359674275]
car [0.0, 529.0505718362795, 101.05065363039857, 570.3839516637998]
car [293.7223654512012, 507.8566189078622, 411.22832963656066, 553.5583483257482]
car [830.4075515925259, 483.97969755126456, 1018.9511492582893, 559.9734873352908]
car [1135.6255729839493, 475.128316982702, 1260.8028026319273, 528.0063665975855]
