car [247.9011923309337, 515.6663023481427, 414.2746248355463, 580.6151274297303]
bus [1300.297261500198, 485.50249476393714, 1377.3202037989063, 532.1977265490094]
car [1130.0080872719825, 515.9319015433559, 1200.632941442234, 545.7865084537233]
car [411.90282910010063, 516.0244441725034, 549.6425881235352, 568.850812542796]
car [625.1992769328102, 514.5100883338633, 742.221525810788, 562.2629119027699]
car [1231.967417917381, 503.88839800524994, 1307.444440767523, 537.8314862962867]
car [643.0332987716934, 514.1690076939939, 721.4558895397208, 541.5702353722502]
car [84.06483201397461, 521.2201214972033, 240.32903510652324, 580.6984752438306]
car [1071.3986657182095, 504.9567035675583, 1133.142192051177, 536.0426285916323]
car [984.6331942856515, 518.5128216787512, 1054.1151652946055, 546.0296111276821]
car [0.0, 517.2599913659395, 134.34339280663968, 590.6575442162763]
car [820.5898235834482, 507.69978252623156, 896.0782558500582, 543.6041651034864]
car [548.0798933808941, 522.3914394952207, 661.4177585073658, 559.6004793246632]
truck [828.8334538214933, 479.04349793083964, 998.7790931060831, 554.3128783143806]
car [983.03809473015, 494.941680218462, 1059.1890492058003, 528.5175058878038]
car [1384.5592938015307, 508.63867411936604, 1424.6709541561193, 527.7338634311355]
car [457.2182275967003, 525.8838388799653, 566.9488372534322, 566.4909401441904]
car [602.5397401717923, 516.7456525402727, 701.9138492271549, 556.9287229087163]
car [0.0, 536.4040902345502, 20.182014282999617, 586.209282610047]
car [393.5028952045852, 522.9911581057743, 489.4710591939979, 554.5312987385737]
car [524.442328421943, 513.4794706772477, 614.4266797264404, 543.7337769928881]
car [1016.0066539021018, 517.7531368377457, 1081.768736219244, 545.2074085734638]
car [828.1129043112504, 500.35107462680133, 937.859365358775, 550.3980272673248]
car [1193.2288648158633, 515.0184060745855, 1258.217160815305, 543.603782493017]
car [726.6493851526836, 514.5782537737028, 824.3930079644493, 552.3486015239257]
car [956.4771292584995, 511.37633563667623, 1030.158625536127, 543.0206742370019]
car [1112.0478856595453, 505.77268939833846, 1165.3267451872152, 534.1346872219461]
