car [958.5737661800127, 554.0770515350404, 1086.329116341913, 604.0799963214245]
car [1062.9058637398443, 549.1976458912294, 1180.189046246496, 596.1831050361224]
car [205.6579776530262, 566.9973289428729, 402.1471930613553, 630.2018014317016]
other_vehicle [0.0, 481.7777724556207, 150.07524228737276, 637.4071374392764]
car [1294.261411418246, 561.3775328974571, 1364.156249917683, 585.6253626480693]
car [428.73683669203945, 543.5640641200463, 637.2755193636781, 625.3211118984046]
other_vehicle [418.8395073398558, 502.15616882188056, 706.873428404632, 619.2398681627993]
other_vehicle [1209.4131220555591, 532.4574921728729, 1324.7875297865498, 591.9249957076242]
car [493.2211605410223, 525.7496350770055, 778.3543258050188, 649.9994241083605]
car [1176.8542972037192, 562.4006610612884, 1259.6209771327274, 590.3211729702816]
car [819.3247126983541, 550.7246346455395, 944.1256252743478, 604.8650598389272]
car [1367.317706974462, 556.3266137846814, 1443.189346422955, 588.0164370659297]
car [944.7290176550403, 566.0413849251343, 1045.2668365436066, 600.8278224003258]
car [707.91433328895, 558.912973086886, 829.4747207376712, 608.0886315448026]
