car [336.1299446908067, 439.18938896316416, 1316.5200971303034, 900.0]
car [1112.984441875662, 568.3062107437767, 1203.1487067287192, 598.9537812954146]
other_vehicle [1424.8294428899758, 543.5916092606783, 1521.302412452676, 588.9871623109351]
car [918.5507574355017, 568.7680039580777, 1025.2078154748904, 604.0586734538019]
car [1240.3002265020552, 560.8782598857198, 1325.8935878463612, 594.7543752574178]
car [416.19266169467613, 547.6446497031651, 609.6999235911225, 619.8298523667372]
car [1162.5527948836225, 563.6239410405975, 1294.3173837895138, 613.839985084205]
car [999.9406814948184, 536.1371857263143, 1139.868082266223, 604.2985954381785]
other_vehicle [1291.1801545834153, 543.1308500994079, 1403.1341227762184, 593.2695250258105]
car [860.3201892212023, 555.910188637659, 1001.3851540383555, 613.2001027649414]
other_vehicle [1350.4614469684552, 543.9282630038873, 1447.269827647986, 589.822213409861]
car [164.3035585054276, 529.4859070290222, 399.98425026865704, 622.5666020356778]
car [0.0, 565.8613456558272, 9.761956330772588, 637.7130451829283]
