car [881.9737859467696, 515.078452181891, 916.5963770020443, 531.578064298444]
car [564.7637229370359, 491.62274982778115, 673.7906651898027, 590.1160237543168]
car [988.7087939545353, 512.1840687460374, 1049.891612491975, 541.5800734474784]
car [658.8956937081449, 506.4330270457453, 696.8853080621902, 534.3565569579505]
car [1588.735443516624, 519.5515952701281, 1600.0, 762.1308109523051]
car [788.8764082866512, 506.00159497323233, 886.7442897543909, 556.8575716417677]
car [325.7356296959378, 486.49478346566326, 497.5449508695476, 607.3646349474916]
car [829.0774890137851, 508.96789187366335, 863.0649676704691, 524.8431060830771]
other_vehicle [516.3852740691113, 473.2949866426173, 579.79481074993, 536.2013794234241]
car [37.38083978580399, 467.4564645456212, 386.87238223150615, 715.1293924875158]
car [1308.458165311088, 513.12683582115, 1534.7973856060123, 580.9589449045867]
other_vehicle [469.201199909305, 468.91018409724705, 561.1339203604907, 552.09535327686]
car [955.763170431475, 515.2660493388662, 1008.2690052800136, 539.3311098766843]
other_vehicle [409.54353801342984, 445.22960822408686, 552.9145576425904, 574.0326057397066]
