other_vehicle [651.8363311969791, 519.2170350491425, 685.2855086928352, 553.9006435189376]
car [694.4897545409317, 541.3988932364667, 757.9580487594851, 582.6219238983856]
car [709.4965384496567, 540.9519671424194, 792.5892308086688, 594.6734617890497]
car [358.123109727846, 540.232153940153, 457.67287801364586, 596.267893588711]
other_vehicle [812.3368672626143, 381.08762450596333, 1064.6345762353558, 690.3480026095069]
car [503.6286755234622, 537.7431113339262, 542.243038610821, 562.341773403813]
car [741.245524603391, 521.7456997932161, 915.596015321333, 648.0370269926823]
car [12.593135206730569, 549.4423306304552, 119.81612641577658, 587.4766606961336]
car [436.40121381329425, 541.8248264351635, 465.7236585128711, 559.4554628847468]
car [595.4088068869991, 542.3192169327709, 617.8077436034071, 557.8506604600609]
car [731.2996079734045, 543.5333240373576, 831.1170980241534, 610.5529871437159]
