car [373.3990982449708, 508.311457994568, 784.1426818580021, 670.4894102348215]
car [1107.1172707026512, 556.7250428437031, 1389.3233000246873, 673.5158444869669]
car [851.2876652212558, 528.6223818726536, 1132.9287773668623, 642.8566365580233]
car [453.6689430662283, 547.7341375053561, 940.1966415346583, 753.0635724749342]
car [162.20554240274876, 558.2268794135125, 231.43371031981945, 603.3906570335964]
car [1412.4282222517218, 548.3142069647471, 1600.0, 629.969711477372]
car [1191.960074196981, 547.6312039487586, 1380.2843203239795, 626.127962518213]
car [1383.6137155257309, 558.9934271041585, 1465.7306697540982, 590.3973547426008]
car [427.34645588855665, 514.9749886060289, 1311.790720321786, 900.0]
car [1340.0067873689363, 546.4987860235709, 1423.5348179926104, 600.3004930119564]
car [1538.7144437500071, 531.8618561788662, 1600.0, 677.6334529527296]
