car [563.3880921487224, 525.9501336240828, 606.4045827240212, 559.9843944916572]
car [0.0, 548.4783206297428, 267.643802267303, 689.4045589291151]
car [397.0333233543858, 518.3998220498097, 551.0723423386768, 634.3510825773741]
bicycle [385.9431352766708, 527.5093678309775, 440.74347027085446, 613.3299762311052]
bicycle [422.50835859742836, 538.8097155984123, 454.3676867224218, 584.6873176201593]
pedestrian [882.7804816445565, 514.1420421253268, 921.5319147477115, 595.9344898651116]
pedestrian [910.0692582993904, 506.8574183975766, 945.6779835607763, 592.2747881732665]
bicycle [327.1354704464954, 536.486589107431, 376.8252899419141, 617.9775266880582]
car [527.5164109489715, 532.1672274391751, 559.4463977082346, 555.6016448732769]
car [508.0192012424957, 532.9278174909912, 543.2400185347235, 560.676823206343]
