car [267.8722055610503, 528.575306375425, 396.1567786687902, 570.9181101033441]
car [480.41296841843433, 528.2426334005827, 632.2235052451341, 586.2575765788924]
car [761.6677395214931, 547.5436065312115, 804.1768774335094, 576.1924923394012]
car [987.8991338361129, 541.8368140820587, 1391.6884802114193, 675.5014456565535]
car [10.60605774050296, 515.5984103007561, 222.41505825707384, 577.6608237557208]
car [1190.2667231482346, 525.483491175594, 1600.0, 668.9928576381994]
car [910.9648596851472, 549.2489323228685, 1110.8641174206334, 629.767792054681]
car [823.1966211894157, 554.6485039500038, 861.4093012768626, 582.0368364758775]
car [694.676186637775, 551.9084642719895, 748.2915959767038, 581.9814311536473]
car [556.1784826600011, 545.3186015933273, 644.0659189002174, 587.3575907090272]
car [996.1026975022966, 528.892789113549, 1314.737595687714, 653.1746365683756]
car [635.4972742568955, 523.7594485405473, 1448.3498213510245, 843.7419525229454]
