car [983.6962012797496, 547.4418932088572, 1322.385180929815, 670.2066581985222]
car [1271.8309013179698, 547.1321425312896, 1425.4981584763852, 605.3856792761758]
car [148.37245279074585, 527.4320977885719, 773.137841711625, 782.6124849318273]
car [1445.4619467643072, 548.7140731634998, 1600.0, 625.5696519840036]
car [948.4031011842543, 557.1441769715877, 1036.4236422709068, 587.0474521652276]
car [1066.4877214345402, 523.6139422245153, 1269.4702946234786, 616.0072640057152]
car [720.6038804305201, 562.670181538151, 775.4465095420057, 583.0581509231786]
car [0.0, 382.3388311374408, 674.4232945754761, 900.0]
car [1165.6140175648568, 552.7159805929967, 1283.0593532387445, 587.3178943746217]
car [974.2442765808606, 556.7137850885981, 1082.0208794472585, 591.697013041712]
car [1592.1142578110077, 552.1590815452469, 1600.0, 602.3791906062775]
car [1527.5065893282983, 551.1924153195015, 1600.0, 585.6653940629708]
car [1277.1948914786465, 530.8568592154307, 1600.0, 738.1030623221711]
car [1439.9525103888259, 544.9024192078679, 1541.7941103062844, 601.1994654068534]
