other_vehicle [190.50964324780608, 520.4117540270765, 291.4449581159022, 573.8581914976495]
bus [609.0901558741817, 498.50695385773446, 656.3830619459333, 553.2592407946988]
car [686.6579785463935, 529.91604053941, 756.9770519836826, 577.9176427934973]
car [700.1252217933879, 527.5256075711425, 798.0330440497465, 590.3472132296708]
other_vehicle [346.4869184053058, 518.315363156949, 398.82410368759673, 552.5652139304456]
car [675.5938392554077, 528.541319334909, 732.3134596709671, 567.7664081673253]
car [596.7151828375007, 524.5679834065841, 672.0483365029419, 593.5413477018267]
car [668.7755930281494, 527.3032332941744, 710.8744824092869, 558.1183874336976]
car [743.9570275933485, 501.5095811795793, 1035.1412014323114, 706.2596367370755]
other_vehicle [0.0, 521.0723285900007, 74.38717010637907, 605.2403959428209]
car [1599.472903621029, 644.3335732376225, 1600.0, 654.96716753856]
car [566.9421214203958, 524.1060021689593, 599.9350257586542, 552.6080207021141]
car [0.0, 535.1327763938151, 219.38626098576506, 681.9481429826817]
car [897.0929158015541, 535.9901791857018, 1600.0, 900.0]
car [528.0500568297662, 525.8896505941996, 557.6598278306631, 548.1772158823183]
car [660.0117924615514, 526.8313486141989, 691.8437493124253, 549.5109083014436]
