car [533.6988898558016, 545.1953966867785, 582.6500814794773, 585.5227120560361]
car [1481.9087055740345, 541.8434394113091, 1582.4519835266615, 567.8881576501859]
car [976.6829960639972, 544.9703268081626, 1037.4381866251956, 564.2861910501989]
car [1256.8574535271098, 546.0987265854005, 1345.5236921147878, 575.3981152348247]
car [1088.1025011819104, 542.1147308501693, 1155.4645303866382, 564.8370186078433]
car [482.5347646605291, 540.1321247051663, 515.7549558087686, 564.9481561633224]
car [1039.8672207453858, 540.7558890332381, 1129.21751868556, 569.0645959431542]
car [1597.4644910677223, 550.0309993896342, 1600.0, 580.1122808997676]
car [575.4075463673531, 538.7027198688012, 673.5469131840788, 631.3981309342253]
car [151.61507178080362, 536.7132842090638, 333.9480180246444, 645.0763104074946]
car [281.6588173667718, 556.3582131216817, 316.625205539067, 581.5009269678571]
car [0.0, 553.919425845012, 403.6148192677215, 784.6955189551677]
car [1401.023033045956, 537.2629629969059, 1506.932198990314, 569.7257922535659]
car [483.4509107022956, 547.4106024499866, 559.4908675456809, 604.3928336044632]
car [1280.4901515713339, 540.4117074293225, 1380.1482047679349, 567.499042762935]
car [522.3630041619235, 540.3395095540309, 555.8914246982748, 567.3194339375694]
bus [791.7755793416804, 523.3060002147706, 946.1582665961903, 565.2759643475474]
car [1154.155799579978, 547.5814769623328, 1223.3543446861213, 567.4301937995453]
car [455.22536010117176, 539.4563482430972, 498.87717844712404, 569.0308223395582]
car [731.7150364368972, 547.0068377037109, 776.9447684956635, 563.4947257396808]
car [379.0918785210995, 532.4145014411685, 450.54111982051035, 580.7621869988383]
truck [0.0, 534.8837940684487, 30.464649495423995, 609.5775511869239]
