other_vehicle [173.94856723711627, 526.4859888237625, 285.38674417071877, 593.4090389447707]
bus [0.0, 514.8270518452456, 81.01201026294969, 616.1307394779635]
bus [599.9447048827416, 486.1314922360083, 676.0118167154453, 581.1703358560025]
car [338.3551844236796, 555.0474350195997, 378.7520391644611, 574.7921025521465]
car [684.6089109493358, 538.3267914334732, 729.1665628610004, 571.7819484313271]
truck [228.52501846253418, 510.81199986543714, 363.59914847435556, 590.0960124284244]
car [399.01504058217085, 543.2530683449169, 535.2247926072994, 631.1412456838997]
car [400.14649133199566, 545.6107349711625, 447.3606840276534, 575.5440053506461]
car [567.9829413838405, 540.056661561887, 603.8009071121877, 567.2411640339559]
car [43.10208781789198, 547.9377452508566, 199.37906991856073, 616.465526514478]
car [359.8720021641151, 551.6359411226754, 392.3831386307569, 572.0055041053836]
