car [1150.3565554795184, 506.3672409621316, 1239.4917260460008, 568.7859606505574]
car [1519.1519566770162, 516.2644229725161, 1600.0, 695.6344533340506]
car [728.0417664248504, 508.410799046084, 849.3646989441288, 604.6333516348005]
car [909.2197960350643, 511.6794711144309, 942.8944370406165, 540.2898980676248]
car [864.9389761375068, 513.3532643417442, 919.6612213006005, 554.9328309768117]
car [917.5543696078574, 509.52897767665024, 972.3241364722089, 558.4861166170659]
car [1315.1586552106958, 533.1003806264241, 1359.2864327386046, 556.0041953199741]
car [0.0, 496.77782542726754, 603.3647924055055, 900.0]
car [1013.0762993569255, 514.2402713748085, 1043.5163880703105, 540.0997729850368]
car [825.5921974047752, 517.1389513155067, 894.7895449437581, 570.8384783237619]
car [1379.17135375485, 534.2731448222596, 1435.2598559776857, 565.4073036964502]
car [912.2090605831504, 512.0446457316662, 1022.5479908963691, 606.6691386730812]
car [618.8493092163218, 476.5036366576517, 825.8198052219378, 641.6686273758417]
car [1026.06311067392, 510.3232122141523, 1081.1522670887698, 557.1180126365664]
car [888.3373870807432, 510.25078930531424, 932.3184943948679, 548.4800300182549]
car [784.3167197588352, 514.6642068794573, 874.014093159532, 583.2995991894328]
other_vehicle [1401.7904624888633, 503.97665049210076, 1527.1318000825256, 574.3569804910545]
car [1560.9001437198938, 542.6772020822318, 1600.0, 586.4509257872575]
car [1299.0984527720245, 527.4456961471517, 1341.749242150274, 553.4940630641584]
car [1476.801488702682, 539.5705610966954, 1573.3170739637435, 580.2286659229716]
