animal [1403.2812440118769, 500.67521903841737, 1422.747027670876, 519.067592164681]
car [509.1903288138277, 502.8392503080369, 654.8768250967573, 560.3065468797458]
car [945.7064754186371, 484.30835669091203, 1000.8770998576882, 513.2600024973068]
car [398.13914976862986, 499.7733986372806, 563.7528342999607, 562.6286312540658]
car [905.0704064449366, 489.4087087802954, 961.2853718165001, 514.7644453252882]
car [200.12965028460042, 513.9343495735935, 383.31130279293643, 574.5523609561571]
pedestrian [1373.1863463681368, 465.51819926932865, 1406.9028463623165, 520.4958869181171]
car [0.0, 515.8675510978654, 219.08690482817684, 604.1008879219562]
truck [736.8560600301129, 463.47375428164077, 857.2628038380161, 531.7701305824908]
car [659.9218154179181, 484.9563773417817, 800.3845881062374, 542.7701929811437]
car [1172.7542395739576, 475.7142112056584, 1216.4119777659823, 499.6014851718655]
car [752.2878301948147, 488.329470333699, 907.617598600793, 563.7291897435548]
car [1027.4634234419837, 485.81047731621595, 1089.2011036075523, 513.3341586174256]
car [553.0873620543391, 498.6798580203011, 687.0326365176282, 548.8629171687281]
car [0.0, 526.2521183533667, 106.32194730014832, 595.2115314058645]
pedestrian [498.8752553827727, 495.31310512076425, 598.9208441714717, 658.8151201486322]
car [996.8271995646999, 486.77555185098436, 1041.7961676161776, 508.86545150022823]
car [855.5429707256394, 489.4839869432986, 921.2698578950651, 520.8107170399486]
car [217.81027453360392, 509.4408842467923, 422.145952275361, 592.8088271802154]
pedestrian [386.51586527325105, 476.8006620597922, 506.39174867316166, 678.6756068887266]
