car [573.84762709771, 529.9766830408898, 601.6388207203047, 550.739047762313]
car [515.5049717266605, 531.5699842014303, 557.9176668620407, 558.3881174689757]
car [0.0, 546.8730754960594, 168.4994027772919, 884.3161153256741]
car [661.3693697927337, 530.4570543446812, 694.9961145380834, 553.8190079493643]
other_vehicle [296.02211107472726, 521.8117070252356, 367.91684831975834, 565.7042961823142]
bus [0.0, 513.7360488037665, 171.20039497179818, 602.3815264091609]
car [730.3963697472327, 527.2882911055293, 828.4860460413969, 605.6294406108938]
car [763.5272668659607, 491.44979596823504, 1049.1689893642238, 696.0629702603258]
car [524.9959232293663, 529.0052537762541, 570.276549592073, 562.9886796090296]
car [688.4628940754183, 530.066288297312, 765.025659789572, 585.0337343609583]
car [908.4435708222956, 366.44294954307554, 1600.0, 900.0]
car [358.35907361599374, 533.0501348812074, 456.33713997559875, 587.484604456741]
