car [838.2631555131536, 524.4972422506349, 1106.9416783107947, 757.9958503079731]
car [857.6467708877146, 522.2480668625977, 913.4751584087986, 564.3724098556361]
car [914.6632113807275, 496.22585867378996, 1009.5141137376064, 604.5572963782425]
car [845.8966705113714, 523.5656874802881, 905.2068879404525, 571.0658881195877]
car [772.3971738023448, 527.8949594262156, 877.2754738662184, 597.8395252128417]
other_vehicle [1593.2257162352544, 513.325644969959, 1600.0, 576.6090118318865]
car [884.9263252350535, 523.1205245374466, 926.3077694834654, 555.4946165831426]
car [708.3918979801014, 527.8550874905346, 846.2554795967054, 621.9396163976265]
car [900.099545323647, 517.2012854051634, 934.4521551153118, 545.201492050504]
bicycle [655.9558438970091, 502.7097963521959, 734.7229170273596, 606.595238379272]
car [923.455497943889, 517.2229001835575, 982.7307474824291, 571.9132456840314]
car [599.2733846692116, 532.0941360479483, 806.1137663302287, 667.9702493174019]
car [812.509890531694, 511.3566400247523, 896.3947249853911, 583.765263241633]
car [0.0, 590.7379924943507, 102.48633832384483, 900.0]
