car [1102.8040776764192, 505.73092088566733, 1260.450282250148, 564.5906024342056]
car [1012.9122087477557, 520.5959723179294, 1103.0563820196328, 553.9029841047409]
car [315.2813481470879, 501.47756669775293, 414.8220454870434, 539.1638230852567]
car [1559.6410756540247, 519.9950066055211, 1600.0, 753.975142770988]
car [1256.0779666784574, 517.0526463530359, 1437.155895000814, 575.4982536913307]
car [919.2190578366294, 510.4786775816762, 984.6606704133835, 541.8612641894969]
car [311.0018034697329, 501.2760668183605, 344.7809967685503, 521.0645750759205]
truck [409.26309823405626, 482.2908276136773, 506.5856061166942, 525.9419928511307]
car [577.0273797806095, 511.81608924498215, 659.2582411501664, 580.7458216316819]
car [708.4745770526275, 491.76000215501665, 810.8166682395154, 573.0538100563747]
car [644.7739757188457, 507.7117602417491, 672.9243960340569, 528.5965810516481]
car [949.8179259760783, 512.175543038259, 1016.886150415586, 534.468398526917]
car [786.4099833845978, 510.02827697745846, 830.7957379129077, 533.5160441270954]
car [665.7493857238827, 508.6934940692427, 709.5549357671791, 542.7046539038439]
car [1448.1827989794886, 533.9678365210594, 1600.0, 596.552999230108]
