car [0.0, 553.196483039716, 61.68450874995232, 604.1076539433307]
car [1211.5870174075362, 562.0926221622026, 1310.0274955279306, 595.22817692098]
car [358.7858575052906, 546.517899060113, 584.3597429069858, 626.3499092248389]
car [162.7492417457994, 563.703640691762, 207.64944654694003, 582.7788175023015]
car [965.0367352167534, 562.385778170904, 1101.2688758722452, 607.0065733205644]
car [861.855915340255, 560.6648474982197, 994.7944821325227, 605.1591125771575]
car [165.4469845746792, 481.2319330128634, 765.950730567155, 801.3539752672433]
car [1331.8770376984373, 557.1379381870264, 1443.4839464168658, 596.821475624491]
car [30.7728800507796, 569.5614888647045, 111.29417261632659, 599.4061624699827]
car [1156.1547352411253, 559.3950287852989, 1275.06827381443, 600.2856607971482]
car [1471.649839839272, 564.420684536416, 1538.702266543652, 587.177067609813]
