car [0.0, 557.8507559587309, 71.20676429962505, 605.0502780399065]
car [264.6588567429325, 544.3508406046733, 341.1222235595956, 584.7230731234504]
car [1011.7700380176401, 536.2217669722021, 1093.5251460220593, 560.5201829673393]
car [1163.4283352937532, 520.7221384969354, 1298.0857724671453, 567.9782500089136]
car [633.8388039795599, 541.9948791927884, 698.5750484341779, 592.7007449373694]
car [422.86961526312325, 541.3606199186291, 505.50993489440003, 588.6187317862714]
car [1103.0561020771224, 538.1326937213914, 1181.369979707828, 559.1367723689195]
car [180.93558103432167, 534.8275618824574, 299.4778150479114, 592.2063381814684]
truck [202.24052499993394, 510.8164612345025, 307.8105441247461, 581.6604542054997]
car [56.70708257266697, 556.6315975882765, 156.85684494096856, 596.9103139540516]
other_vehicle [353.5466333169881, 531.3577786941567, 406.8551818948136, 568.3922209299799]
car [144.43732922434617, 554.0899638547106, 222.37804115401465, 589.6123419307388]
pedestrian [901.6448657188322, 531.7888779011307, 920.3368921135977, 561.4087006010498]
car [644.9992584917624, 535.3528186894753, 682.3562830560778, 568.3596104856213]
car [240.63724341640682, 520.6001928704362, 508.62650372984217, 691.3304345910338]
car [743.4406704875984, 538.9436172663998, 813.9480188009729, 563.7331244666503]
