car [1216.2150474133784, 554.1028355318439, 1300.5724736616792, 585.2719142499359]
car [860.4888835302622, 538.0304142868482, 1018.5201039922163, 599.7022702051339]
car [1547.768618029568, 550.8446519749507, 1600.0, 581.0276151637825]
car [0.0, 202.33397069186893, 821.5795567730133, 900.0]
car [798.3465907070025, 543.7976192147137, 925.8389485305319, 591.6069666435383]
bus [317.81142506181715, 463.42382227816455, 760.8528119293261, 605.0850043505601]
car [951.3434788468761, 553.0503996607272, 1056.5946956109938, 591.233966021435]
car [1447.586123925383, 556.5527488979518, 1507.9368114819947, 578.5112292531355]
car [1484.8135401726668, 552.1341544662273, 1542.6321995688409, 577.2098176004544]
car [168.39332098154875, 526.6097827707614, 395.37357121459553, 612.4074257734993]
car [932.6849305276728, 538.4019389237927, 1286.5355953890287, 688.5708829621783]
car [0.0, 546.3224701907919, 166.557540392627, 615.8020032941548]
