car [833.2802138045652, 506.99704037726605, 905.0371590245433, 544.9307972641004]
car [1341.3315469656116, 533.9607442960469, 1521.375849419695, 598.6673809712271]
car [892.4213579690372, 507.10667860693405, 991.7196820016339, 556.9951646953328]
car [657.7958137408311, 508.9603350511928, 685.8149111028126, 531.6245189279132]
truck [1030.9283749932008, 449.0592151975602, 1320.247879569301, 585.9882331641323]
other_vehicle [1187.3082063349143, 492.2868927996741, 1374.657107399497, 582.1294405068492]
motorcycle [1557.6928702007806, 551.901757318739, 1600.0, 610.3428159912407]
other_vehicle [953.9651430925393, 495.23533751776694, 1052.0887276137053, 552.3611378011653]
bus [873.3395149966847, 501.1438812489441, 943.7351383710387, 541.3944966865201]
car [593.1822786923577, 506.38631126850606, 648.9612397886167, 554.7987672354523]
car [645.7309542832381, 510.68161516838103, 665.0712268197806, 527.6163461250968]
car [739.2890126412624, 476.0348869762294, 954.1210397036086, 623.5488869801248]
car [686.8002234355149, 507.7568213781853, 748.6232440924847, 554.4029997922895]
