car [642.9667735100757, 541.1965630117531, 812.5186778513176, 615.6899301507771]
car [385.9684015320471, 532.1663035874161, 534.1746241480562, 616.6741992171019]
car [511.57636211398375, 545.4700070167984, 660.5978746517286, 610.9777652097905]
car [341.10563292879556, 541.3890626005816, 440.20361146540785, 598.0911279222813]
car [255.1742177800253, 539.8886976761402, 312.45012264347105, 571.1652431420068]
car [428.5934582705988, 531.773621214239, 541.1420397645941, 594.168312651255]
car [237.55387387512235, 538.3618116704635, 285.9512282832111, 566.3905215470422]
car [302.762205461506, 535.1996170976528, 390.7235295680653, 588.7150562712606]
car [1323.2777086809942, 568.2842965324177, 1600.0, 729.4229832759298]
car [1263.488043205526, 592.5807459269839, 1406.4304885184008, 647.2468931302827]
car [157.45918457047082, 535.7550439448457, 224.69609516115548, 559.9764149976413]
car [283.695910241584, 535.0047123805465, 345.2494540931342, 578.2289731364014]
