car [580.5408441769582, 501.72309971569456, 674.8644588069182, 580.868419713593]
car [372.57971977606053, 487.9973440879317, 520.0288964679969, 595.5348328820893]
car [719.6891813496657, 503.41269382474974, 819.9078852098617, 573.7631941814817]
car [713.125880628678, 509.95845328010313, 747.5023126079681, 534.3421441787485]
car [37.91590857871284, 467.20890569812974, 436.543539713845, 726.4996884433563]
car [493.4562445818916, 499.60567644816723, 562.6442505023658, 547.0556127204695]
car [652.0116689040391, 493.0705342759585, 680.3684982614542, 521.0190574669168]
other_vehicle [1522.485746417197, 463.4291405824512, 1600.0, 588.3988964458713]
other_vehicle [1276.7740900950794, 466.2899375047004, 1600.0, 591.166840345754]
car [249.97574970147724, 486.79068673689363, 392.862238951887, 533.6268759442448]
car [557.1256477869441, 500.87403474053787, 586.4869410313579, 527.0644960169667]
car [452.82066431686303, 487.08155757853854, 556.5976850889189, 564.0142405390936]
car [944.7608010664318, 505.81806483531466, 1003.5191315239283, 534.9314806512319]
car [980.0070180713038, 491.34350129304914, 1069.3903590630114, 541.4069132114935]
car [568.2627566422439, 496.6966343444186, 594.8175371531689, 523.0211944255633]
car [482.5431028328601, 498.457482027504, 580.9259485505742, 533.6152792065417]
car [1100.610386058134, 510.4791436413789, 1186.4427039544519, 553.3949079816803]
car [1176.7600960254013, 509.5050491581368, 1331.637130801666, 564.9846300325687]
car [1048.1165673194703, 514.8245621933493, 1129.2999293560867, 546.8681536431517]
