other_vehicle [63.46132482536435, 517.8460998334419, 205.83822609444258, 591.3137551250485]
car [435.96524460393005, 541.0721359707517, 502.77530005268284, 583.257828001481]
car [452.77738862782866, 537.8989881286158, 491.2163759184338, 563.7384501067024]
car [559.3950982651072, 532.9459518967998, 597.9017395470603, 566.1332902630353]
car [0.0, 547.9603824315392, 157.54539928187972, 708.4952042821589]
car [714.1378692416456, 539.8477596661363, 803.0157148356144, 609.3890768109038]
car [685.4125029723579, 538.390722828996, 726.4216766177743, 572.9543621301074]
car [491.3937516095411, 532.9266308782178, 533.7775771877659, 565.9177519378759]
car [621.9569874916074, 536.2504129919012, 652.5472213543893, 563.880601451959]
other_vehicle [220.50470671990144, 524.0564608178104, 311.53109353601513, 575.7387756518058]
car [704.6987310461859, 537.9013607619812, 768.0036364371277, 591.8411668672047]
car [676.6249183274022, 532.997372060518, 714.393739245323, 566.6140934181054]
car [594.718170275927, 533.7924305285316, 617.9645887920374, 553.8289984524891]
car [319.38213820521014, 537.2180101543612, 515.3598651287145, 669.112604531314]
