car [963.7670695532499, 516.1801152016188, 1017.5034698189955, 540.3494857286961]
car [896.7932852682994, 518.0299820352895, 1329.969862963149, 724.769837713993]
car [187.30014950115375, 493.00581075061257, 464.7864692753361, 679.5076951613088]
car [701.2358143668035, 503.97837369679166, 767.5080296768188, 557.2873553816527]
car [523.724783256944, 499.28843693595337, 580.2701731481441, 549.057905552323]
other_vehicle [568.5038902251906, 486.57116853689, 605.2723946279975, 529.3171075144581]
car [592.986200259596, 499.1659697871359, 727.1707902066333, 611.057078266989]
car [346.9529270423346, 477.87191666198333, 510.4623003730358, 614.6626297502181]
car [502.2480560930787, 503.8426962058457, 565.6128494866717, 558.9770475679233]
car [775.7210597883992, 509.31441681004094, 849.3097246516818, 546.8078938582757]
car [583.07925908059, 497.78479415887887, 611.49376982801, 523.2193954226248]
car [555.2476912834469, 507.5093955493338, 589.6934009083217, 537.2959243428811]
other_vehicle [410.17994956264425, 431.25403364288263, 554.7957850710646, 585.3252116003879]
car [0.0, 522.4550220244216, 365.3451877254445, 900.0]
pedestrian [171.7116464204855, 490.48761686086425, 210.78105413600898, 556.922960867251]
