car [342.8743056508755, 487.4605812705361, 501.7850201813233, 602.029937126339]
other_vehicle [511.75976402686297, 465.3184210932599, 577.0163125231528, 531.5061223909851]
other_vehicle [487.7675432223327, 457.9007962629856, 572.5148082495784, 541.8752877103005]
car [423.5555718541707, 487.2169568916392, 507.36046553080445, 568.6434635338808]
car [661.1864258002655, 499.56342609582674, 698.2474766489929, 528.6388054032622]
car [0.0, 292.13775794933065, 436.1750124156252, 801.8910250116681]
car [579.369904256679, 488.0436425096223, 659.9397230137397, 564.0208078969463]
bus [538.9298587629323, 471.13785308319393, 587.6660183538382, 524.1952878906591]
car [843.2068164549279, 504.337167526769, 872.8041291907059, 519.8881341659511]
car [466.5861950390875, 486.33738611107725, 546.4990413848361, 555.378750022478]
car [867.9647331938256, 496.6162762139095, 922.0768274652017, 524.9809653532551]
