car [1294.726999449896, 501.0298359929007, 1345.979277427739, 536.0342819899896]
truck [1531.2511282597109, 434.91457391670025, 1600.0, 562.9159171449529]
car [1032.530903246438, 500.26951165404665, 1091.104150728053, 545.3479778392389]
car [920.6516238176956, 493.45248392418824, 1011.0371736662762, 578.952004363327]
car [1315.8484096749726, 508.99685549967325, 1367.6881935066865, 538.8358398235612]
car [832.5211452505215, 497.09341399868794, 1042.597588387408, 681.4691117824121]
car [1146.4474277232305, 484.13276703112695, 1240.631868912273, 547.8513226374583]
car [907.2060914845013, 498.3194848154927, 938.0695173196115, 518.7330940866199]
other_vehicle [1353.4453937425553, 473.8850900765774, 1478.6993475678548, 552.7236255479531]
car [1272.346678163605, 501.9157143591506, 1309.4458395499173, 529.8995737124103]
car [1116.1990577970014, 501.0491271078255, 1347.0127819982029, 660.6805030973762]
car [1045.4319694834492, 495.89185940381697, 1130.9556270117605, 555.734570233859]
car [1084.0480195009252, 497.3128895227771, 1131.3319325431069, 530.5674195675824]
car [938.575757622417, 480.992315035442, 993.5726529112987, 522.1189468656424]
car [754.4900928009664, 497.41736707597096, 858.7764344872995, 574.9748354533778]
other_vehicle [1512.9400100650585, 478.94896341391757, 1600.0, 562.6579395342183]
car [849.7060192381741, 491.6152154360565, 907.4041621308933, 538.6116766523955]
