car [0.0, 504.02133778229404, 139.3636075478577, 557.3714688697086]
car [75.92798089394785, 509.26105245015134, 204.2253161857888, 548.9613309662083]
car [727.7117113857308, 496.3430698683846, 790.982147039706, 520.4924131643272]
car [259.7660386381964, 499.97861626200665, 363.3462272198559, 541.5881235839047]
car [301.0803457472023, 498.2008457469559, 394.32664177207477, 537.8551987041752]
car [496.626601811535, 503.69210190263146, 692.4019985921567, 568.7494494861908]
car [601.2016429342113, 492.3757707688582, 738.9604920409213, 546.894066923752]
car [19.670497325935223, 479.76908651254826, 109.82992382600501, 508.9065538021651]
car [593.0329128752586, 501.79875295897045, 731.7325247269871, 548.812213912238]
car [325.677025510925, 495.235667988055, 413.05848389823853, 533.7485346311269]
car [184.0871139367259, 499.03808100093426, 294.83914253954873, 542.3269940608986]
car [0.0, 508.0179045151098, 63.494899262653576, 565.0724218568247]
car [1.3076029604728299, 500.71136006966236, 99.66356276054618, 538.5817534070553]
car [545.9559896837512, 505.1204529113718, 705.5041342378282, 560.655051022652]
car [223.28737953435842, 501.0089342634759, 326.6352310149662, 541.9353637955387]
car [330.12369218679686, 507.9491743100078, 439.373150733825, 554.4824125794921]
