car [195.84463272050633, 547.8436054422369, 253.0573296057936, 567.3725734524709]
car [781.8632258397106, 507.25632455844163, 1112.9138552488382, 713.5702088348213]
car [750.8888083919829, 534.4910712527795, 921.7114899389887, 641.8821629626999]
car [530.6868136862511, 532.1057637824658, 558.1691127692071, 556.1711249778219]
car [24.92695637859124, 556.1788663369928, 97.06589279977142, 579.0019995267859]
car [452.1937555869641, 527.2330249297834, 495.73940650461657, 555.1284833050728]
car [684.2591482094837, 531.7958923870481, 742.537871934814, 573.9937793891486]
car [114.87792415830033, 553.0410645313257, 173.57140110015234, 574.6848827214752]
car [0.0, 558.4946095141843, 61.61467832075862, 579.7262541675948]
other_vehicle [659.8555732290074, 498.37575808587053, 712.6730648091888, 558.9294094880146]
car [899.815288051051, 323.71493868121087, 1600.0, 900.0]
car [180.8852990266331, 546.9244917756484, 249.8308577318514, 570.4793002097919]
car [630.7489033759119, 525.2453993246888, 734.4460275700409, 581.0166742373408]
car [289.1036272798125, 521.8406584776577, 487.27787357631456, 642.1062553827662]
car [434.70159999513174, 530.6782391486332, 485.82841342828414, 557.8288438683936]
pedestrian [729.5112954187207, 522.3001589802274, 754.7044826910412, 560.0188701533108]
car [548.7262767807988, 534.7745276708167, 592.136504442486, 564.3604395592091]
