car [41.10489749578847, 463.15250974056414, 313.9446596389362, 547.7053931199465]
car [777.4157529327587, 497.42689095248016, 827.295084197588, 528.4260090147233]
car [891.8287871342494, 509.2637150450285, 946.2412029275469, 535.706979030741]
car [936.7664997188455, 505.97167296911283, 1012.0397452838026, 542.6496558050084]
car [1044.228282457279, 514.3733345111617, 1150.6335280809346, 557.7171807855372]
car [1417.1038409565274, 515.1287748938041, 1600.0, 900.0]
car [976.1912788469806, 507.46139192567944, 1087.4669150072036, 553.6906627053845]
car [650.7865987509048, 499.17085100165457, 678.1638928134187, 522.3569241088641]
car [685.6074839615484, 495.43637307442805, 750.5127429980647, 546.7458873023782]
car [1468.142986464494, 506.44707947634544, 1600.0, 637.046453673763]
car [856.6990993443605, 503.3748754630637, 920.0868329994812, 536.8702873568528]
car [1144.6147684096686, 511.8957912876918, 1296.3116847689614, 574.3088770324301]
car [743.059448194913, 498.58192219481197, 787.4367979182132, 522.861134798458]
car [1245.1182417996358, 498.6776408458159, 1537.8392906052632, 601.7077314839286]
car [981.5280102073582, 505.7491710995407, 1047.7849301699887, 543.5662042848745]
car [597.4593036079513, 496.46517070704346, 630.3000381589333, 526.8023619654977]
car [801.5265641179019, 498.00600048410934, 856.3016605300793, 532.73463438556]
bus [882.9810315770485, 494.29049366015863, 957.3180319530912, 534.747082674889]
car [25.738808864464282, 487.7853878322569, 162.30321558972193, 568.46456075288]
car [572.2384498200486, 496.54781098477895, 645.1197485019183, 559.5290310061939]
car [832.137241877146, 507.8525840510673, 870.4072269380655, 531.1838723090665]
other_vehicle [935.6488977479779, 491.26103491864455, 1004.209526484206, 538.9394522513529]
car [679.1908352145435, 491.52386772907164, 721.8634118580517, 532.9445399781121]
car [1098.841094640224, 516.2813926276698, 1197.55605014964, 558.1126459773644]
car [1463.4726759291789, 522.9029825678597, 1600.0, 608.6677580203288]
car [0.0, 479.5223710215032, 0.625606121035006, 509.7969891961892]
