car [465.13691755533176, 588.2651142574188, 819.7491752911799, 714.9358120321041]
car [1467.3775633123253, 594.1642889493548, 1600.0, 665.5843163624604]
car [900.8903756533618, 605.7594396093004, 1133.1983119465078, 689.9033051854619]
car [1332.2755632652866, 593.8933967567816, 1502.8321599460949, 664.45787634493]
car [981.6145613368265, 573.9740968782654, 1321.7417802577124, 712.513527710441]
car [1514.9901966537986, 585.188689643259, 1600.0, 649.7516074186555]
car [293.36608783479744, 591.3837224422672, 861.9489464152182, 786.8397607919777]
car [756.7008925405054, 601.4323759048661, 1055.028570150367, 710.7858064317288]
car [0.0, 578.7406980815346, 74.14929058250301, 803.9408676971107]
car [1175.3187359045767, 594.2890021586946, 1371.0367955029594, 670.7021986069628]
car [154.20330388160576, 605.615699882225, 652.0160486640289, 752.2941070200333]
car [0.0, 618.5512335436338, 236.23772239831615, 736.1717968034252]
truck [1047.907986109975, 454.58356942881574, 1523.56123952486, 682.8476874549831]
