car [949.930514979111, 554.9209106870678, 1026.1701447068228, 592.9135690179363]
car [1038.8282131753424, 548.4811458551447, 1290.5054568534933, 659.7575500182762]
truck [579.6985404717207, 457.397443402203, 759.0762695624243, 596.2033012768352]
bus [1099.8675873329166, 520.3051472568749, 1596.6942529916957, 658.6041230595579]
car [468.56432202758583, 541.8124718422328, 512.8513005535725, 572.2060658768509]
car [767.2916820802013, 538.2185485846104, 890.7930688187117, 606.8381091944929]
car [680.7817636048376, 546.1807724164466, 810.2086213598014, 613.7310938764905]
car [859.7746261697803, 556.9215185211439, 1178.276683378654, 693.007907629309]
car [878.7029364806374, 549.5313432539433, 1071.2100977079717, 634.3920629071222]
car [498.28584408453725, 535.7602627040471, 582.2777746678138, 591.6319907771672]
car [636.9044737000914, 557.9451996660473, 1088.1209136865593, 795.5455913190353]
car [348.39048139526653, 530.6262418064654, 396.3787327367611, 564.1328814848443]
car [484.9847462508315, 535.2797918144311, 554.7160985432093, 586.3991257145802]
car [587.2757255331804, 554.5363697176456, 815.7931890712365, 671.9181219056309]
car [525.9377642066536, 543.7937965843007, 626.822545168268, 607.0852405971768]
car [492.76636023203145, 530.1009575496603, 544.9336932719275, 575.3695312537467]
car [544.8702548180416, 530.5759090248878, 700.3391945663037, 629.454348729197]
car [753.188017424963, 550.0742310058754, 941.7350502659424, 639.1983920047848]
