car [0.0, 525.9989800600528, 148.1745968970669, 601.7833721599771]
car [816.5484719325342, 516.2224158976985, 914.0840653892834, 559.9342239293998]
car [0.0, 545.8376510060311, 32.36532778447619, 597.1445127024786]
car [614.5666244019606, 522.220150990018, 714.5431899288754, 562.9616366198717]
car [652.8612559978599, 520.7909293568072, 731.8804707150131, 548.6427685856391]
car [832.1719185275725, 513.55046337758, 908.0352712658527, 549.8758530924981]
bus [1313.1177244871478, 489.31906127535945, 1390.632870328439, 536.4178411322777]
car [425.57153538335456, 523.1869843716439, 564.2424347168496, 577.0101018395762]
car [510.3841408581183, 522.1046562167422, 648.8445841236135, 580.1660903168317]
car [126.4389955851127, 527.9640939776568, 231.62137607190843, 567.2265630713699]
car [287.8870779985329, 534.4583486188003, 419.1972040405647, 583.59309776946]
car [226.74114071165545, 535.6401219164162, 373.77418549597184, 586.9636290904944]
car [534.4584396482131, 520.504725817531, 625.1365585396964, 551.2864627611131]
car [1132.8370004771614, 512.3007514176389, 1187.3562201056204, 539.0548754444404]
car [1145.7680550720013, 520.535537170189, 1216.8340642538126, 550.7456231790416]
truck [841.1908950430231, 484.3089527232725, 1011.5890033162311, 560.5554274427642]
car [1208.217915217842, 519.409542264365, 1273.6248548583842, 548.3026422969575]
car [1396.2187218695321, 512.4218476152676, 1436.5093623654477, 531.7573038649651]
car [561.7072452589292, 529.1888879666164, 675.8179542707917, 567.0949030445995]
car [0.0, 538.4224431056613, 184.50436473240674, 604.948059201711]
car [995.2284762083675, 500.07312871692915, 1071.590114290652, 534.0914053645669]
car [403.7240760225011, 530.5567549246075, 500.4646608385575, 562.6829704196167]
car [1245.6991317790248, 508.0516912579148, 1321.5466195042661, 542.3293880238721]
car [1100.1171423465264, 515.9864926792337, 1158.3814433034609, 544.3809919562729]
car [742.4925517754953, 521.4336705741331, 841.1738186782869, 559.7458055969707]
car [1032.0247700713373, 517.5868186942921, 1103.0589140319826, 545.3745256834446]
