car [996.0470648243037, 547.8363647748087, 1184.6091141456532, 621.2098860281704]
car [963.1599606195417, 546.402930768008, 1066.0089402820863, 596.283775217544]
other_vehicle [1206.2406939966882, 529.1993039624359, 1317.3883009937297, 586.1626583482864]
car [875.2945801148666, 551.3246254777149, 998.0618026562867, 599.7230343183229]
car [432.23792844757196, 556.2015326943531, 669.1625536773283, 638.0876826161684]
car [458.4361737847109, 562.1924598382831, 593.4840143871144, 617.173908107227]
other_vehicle [526.0664428908757, 479.6153874938077, 888.6327020501584, 654.3755023345991]
car [1484.6916986022381, 550.9413607934396, 1578.9714149511597, 587.2064074618974]
car [0.0, 476.20329348454226, 948.5073662427116, 900.0]
car [1301.7809787273065, 557.3014670063118, 1366.251518003175, 582.8550609787812]
car [1546.3063336082612, 551.0926992365694, 1600.0, 584.2897329241769]
bus [1050.5191670765457, 516.1075990673168, 1222.2088573715903, 592.7526443845147]
car [863.7587311664726, 548.7158121951132, 989.5419707842472, 600.378132701878]
car [1156.6431359425255, 534.7996868464732, 1324.843695591514, 608.4523052073384]
car [1244.9496331782395, 551.7185620641517, 1323.8681868732945, 584.4917015531125]
car [1409.06164795356, 544.2992783750685, 1524.3295211404914, 592.2995593943642]
car [0.0, 535.1017674216475, 253.15934737024963, 809.7140907358762]
car [1319.042315803558, 535.4446681103337, 1455.8426101878665, 596.6522186665527]
