car [809.4313976551252, 513.0343867448863, 882.5755585484156, 575.8204264388592]
car [1525.01988665659, 517.5515703008937, 1600.0, 592.60088774407]
car [732.4154443530248, 524.9666749260592, 856.5198078174794, 611.5495533175655]
car [1061.2342711420802, 495.29292708771493, 1212.5913617165406, 609.4685196687329]
car [138.4523970411144, 529.5090241127012, 673.2934567744256, 827.7679515817366]
car [1026.7024084262218, 510.13243068982933, 1091.653247025455, 568.174991649576]
bus [1549.415184728828, 488.2008087069873, 1600.0, 580.1691816651767]
car [1267.5840033713546, 508.6356813591063, 1497.0236461458396, 630.3909127685639]
car [1357.3591306055093, 457.87714602401434, 1600.0, 887.3593260192035]
car [1169.439179892268, 518.5182479951101, 1281.2414335003193, 584.5198721459861]
car [731.2634556488945, 482.13707878577475, 1162.7638938577272, 877.9564874048303]
car [923.3950042796533, 509.50251088132444, 989.122488699736, 571.4460586072694]
bus [1364.626953434325, 485.98330334734885, 1507.9359198881814, 565.7908428380598]
car [1159.71522336433, 499.9288158221045, 1422.756548870849, 671.9582173222145]
car [1001.0650132064993, 511.8209108000352, 1036.753347828298, 544.1232290274222]
car [0.0, 490.3881548642335, 290.5470646674327, 900.0]
car [1042.107781721721, 509.19276500423655, 1130.105010691241, 585.6804710316298]
