car [665.0826080683626, 536.0789683116786, 702.5932818936442, 567.5084050926123]
car [0.0, 556.7016385195687, 62.920565415115405, 596.561216600283]
other_vehicle [650.5818213119401, 513.2114620805803, 691.9915111214065, 556.1418558166722]
bus [647.0497708769959, 507.3340951951438, 684.3293977674692, 553.5044734340823]
car [70.22631879671073, 552.9270964881487, 162.19477539498092, 587.8275946779827]
car [657.920902127216, 533.0889761810741, 690.5051580087722, 560.828654114478]
car [347.9757459223881, 542.992423833882, 386.16672690558283, 561.1378674693862]
car [0.0, 552.9749228474179, 218.64821743572708, 693.4430403221655]
car [577.0316631649598, 536.1710617666932, 606.398439549945, 558.5016461507652]
car [368.30744880391876, 527.4864468569582, 522.3864036895359, 629.5446765707484]
truck [683.7702389383404, 511.67568604510103, 781.1754468128158, 599.3310923223196]
car [149.74788814301104, 551.3511832608513, 214.4951266272122, 579.5839077826055]
