car [0.0, 749.9823647667669, 70.67670197803024, 900.0]
car [692.379836034203, 747.5108716030578, 791.6951275543328, 838.2662150124384]
car [46.19473265223205, 778.4395014051821, 610.1294669259919, 900.0]
car [1007.7954577202671, 748.6910458817047, 1222.927944655388, 900.0]
car [925.801257815081, 762.1640578402947, 998.9078417875462, 826.8594683624453]
car [163.17160976268588, 748.7311769548037, 349.5418713505244, 869.8469567866407]
car [1467.2570032098454, 753.8440509462166, 1600.0, 824.8621313491054]
car [424.2579980237576, 727.9270581624826, 629.1811517333367, 888.1364934022735]
car [381.04911055300704, 723.5194587947063, 547.3576272928151, 845.5675071719137]
car [818.0396017436129, 760.5809978475355, 951.0763421500241, 874.7778896178023]
car [0.0, 730.8987493134161, 240.05753447798904, 893.0644897685244]
car [702.6743391183763, 766.0553339817809, 883.1566357921422, 900.0]
