car [0.0, 755.9151842983584, 466.35028717641046, 900.0]
car [1302.5125279011772, 701.7936709410833, 1600.0, 900.0]
other_vehicle [1229.1061746917803, 650.1764181108905, 1508.5721373526794, 900.0]
car [1170.3348239955462, 762.0201398410513, 1278.9351390145707, 835.6709859533707]
other_vehicle [1134.8347592780985, 695.9069168313108, 1287.255107467652, 834.5356833759151]
car [518.0544127248996, 737.049260571115, 686.5384236448057, 866.77540673008]
car [1450.4321831053328, 795.1476504598065, 1600.0, 900.0]
car [1200.596574191106, 747.1298814012665, 1353.4622652240314, 869.912780037018]
car [1377.7610765449406, 768.7351134635993, 1600.0, 900.0]
car [1270.5048812750056, 771.5705284877519, 1496.0471892521261, 900.0]
car [714.8534020470693, 749.9620483264183, 821.2891357292992, 833.4680752198656]
