car [665.5033200054157, 533.5026010889936, 719.507738706958, 566.9701370076942]
car [23.76559979573297, 556.524722016182, 93.06726956501832, 586.7478862802354]
car [332.2313557623704, 547.533560340797, 395.2065784967704, 587.870028108055]
car [1045.8048392831386, 515.0197210272144, 1434.0651934674954, 646.3847398388094]
car [0.0, 556.300169733811, 59.51178998830983, 591.0618374731508]
car [520.4101905273393, 538.2998737837975, 558.045822343607, 567.0267403801541]
car [1453.2333283883074, 534.841614399801, 1600.0, 607.9614374888616]
car [459.04294128749507, 541.1950999729121, 519.5018566469555, 596.6509198074309]
car [1292.8331669731122, 542.5009308111856, 1506.069032301108, 617.0684034110617]
car [323.5401227410177, 538.1791201295435, 359.07697059748546, 569.1351738436293]
