car [590.1223072877174, 490.2448700719438, 644.3618409019142, 538.8541000272982]
car [560.210590624132, 500.83066467958776, 679.4841883254388, 604.4891011316417]
car [783.1803993884831, 478.08576493456303, 1066.7169745684407, 669.1290598084389]
bus [367.1344089606592, 386.85362301684034, 569.6973601152249, 591.3605231969153]
car [662.92814247336, 499.9834806821724, 708.4688608416915, 536.3849137233321]
car [560.4205363104862, 501.27588130966984, 585.9037987346279, 526.6631244077284]
car [736.5511131970753, 506.4907095864733, 790.8608982542739, 538.8434803698316]
car [710.4252713525456, 505.1423290890786, 747.9101798380002, 528.9966401173737]
truck [766.6808149612832, 479.3516660681017, 826.3066213471687, 517.9559295447501]
car [651.2706025909808, 503.28219074055954, 678.578843850606, 523.8690908783705]
