car [1179.7336946118994, 573.9122847222294, 1600.0, 900.0]
car [1560.8711743138358, 582.3053337878221, 1600.0, 664.7692075335328]
car [1186.9595466747098, 595.6061444221774, 1600.0, 800.5745107382626]
car [1097.980559528496, 604.6896142674681, 1153.6100734168613, 638.5261029729412]
car [0.0, 561.2048510003033, 942.8609247796498, 900.0]
truck [1355.2113638550018, 562.2372603684432, 1536.5913130146594, 639.9653593364654]
car [1167.0688967828617, 601.6444902220811, 1254.119652097112, 646.1124829281183]
car [1125.4390457647721, 606.1991308451104, 1191.045805642506, 645.0372250786949]
car [1196.6165252575258, 565.6205644293597, 1302.91095305355, 640.6244071308274]
other_vehicle [0.0, 432.9738455420115, 611.3637065512311, 803.8229228453054]
car [740.141674789339, 596.7709508908833, 840.178230101564, 646.7187802135161]
car [0.0, 567.5272462934739, 1027.903201236037, 900.0]
pedestrian [1098.8101885993392, 586.3704823396209, 1133.3917500863033, 642.5183510361613]
