car [177.70741517237212, 528.4768853728671, 329.1480260572659, 608.9795349889874]
car [374.65589056445634, 537.8122540011126, 399.2638664862833, 557.7856264140765]
car [715.2391208898362, 534.2265179076327, 816.7650515101685, 574.7264540640647]
car [166.75014969719675, 529.749418213558, 268.90223095528296, 584.1502649937665]
car [397.67892972995037, 538.3056361927804, 468.1411913044405, 589.86050599255]
car [902.1375202054867, 535.9342002937294, 998.1193884310712, 566.9371274431757]
car [450.02688515017525, 531.7773023759893, 506.1648556976635, 576.1960955215562]
car [563.964867408788, 528.111107691753, 603.7806499574414, 556.0053829468161]
car [494.09565046030457, 536.6926473743183, 562.7832415357597, 591.1986569089067]
car [581.2164804333349, 533.81533150986, 620.4232849260338, 565.6527244460045]
car [327.3397103024029, 535.9610389178006, 375.3398189174826, 566.3344106014622]
car [772.8840584971346, 523.8945501615956, 892.7979179704237, 569.6162220892116]
car [899.8033860814112, 535.033447891238, 1008.4096222045544, 570.9709567780812]
car [553.0313138246908, 537.078260568448, 585.4219554338684, 557.9904580329162]
car [0.0, 547.7762176079799, 113.9787335012574, 594.8792490514284]
