car [960.4549346775261, 537.6500424918912, 1048.4330974855154, 566.0363890966383]
car [546.9734924000355, 537.9077944812879, 577.0482612857335, 563.7834754393708]
car [514.3539599548167, 541.6046982137152, 559.934916444698, 576.0428841561579]
car [433.62166217574526, 543.6064008346433, 519.0444148363397, 603.5568100852337]
bus [5.096959648694873, 521.8937882277548, 168.0322270458444, 567.0163648082447]
car [911.7858384620419, 540.1720236313175, 990.6883853440934, 564.4683518249013]
car [148.84618396771327, 494.78302961399055, 446.23777844372336, 710.6647326235992]
bicycle [668.8340947135931, 538.9924729524495, 686.3994822034142, 558.8671244328852]
car [378.66647347798164, 538.9198922035623, 457.29709742702875, 586.6928586273814]
car [458.62481717937965, 535.8381345183759, 503.87066614876363, 569.5815686124217]
car [1263.6958722681245, 543.9782503569786, 1384.6238474796758, 572.3141273485414]
car [571.4389377915369, 540.0267592352819, 592.3719655375744, 556.3939439174628]
car [851.9925991239269, 541.4086405674707, 931.7141963725892, 564.7186912228575]
car [0.0, 515.9695561123809, 190.56689118865089, 623.5668581071694]
car [422.35457775857884, 536.0025096933032, 455.99489817398216, 564.3026785713135]
car [1343.4557064386313, 538.4532288967634, 1475.1079784957476, 572.1884142421854]
other_vehicle [1038.759679424316, 528.9421239018524, 1133.3587186720597, 568.5043984304533]
car [1498.4710475790519, 539.5195559634546, 1600.0, 574.919554140853]
car [784.3535614392208, 539.2216515641348, 864.9840308018003, 564.345252744121]
bus [399.4401019626733, 523.3704125769563, 462.44110980683416, 557.5578618250471]
car [575.9683263176762, 543.3237702388253, 649.1276751315573, 601.9704305135916]
