car [444.15185687361753, 720.9856921297844, 590.8207606486704, 843.3273581779299]
car [1313.8981812505754, 729.50363425298, 1401.1087084372336, 791.5437200213455]
car [881.684629777505, 750.9857827997118, 1015.5637756843147, 881.5041237832938]
car [611.4094202347837, 715.737400221953, 705.4024057494968, 797.2915185794462]
car [0.0, 739.7560188512381, 402.53198201338523, 900.0]
car [677.1859752278741, 730.0565458406808, 795.8800097753629, 838.9560473629869]
car [209.0728913704193, 741.775272772779, 466.46718916892115, 898.0975952196679]
car [1422.57037881601, 719.5065258410661, 1600.0, 895.2465581809353]
car [794.2816207339055, 739.9020759640257, 872.0099686801709, 802.9662297723457]
car [0.0, 702.6143928309881, 160.20380268904754, 866.763647489575]
car [1095.5936200333706, 741.0802640483658, 1209.981797501425, 836.3640400831854]
