car [109.20288375609252, 504.36531758917505, 237.20705363150847, 541.2642063463003]
car [1103.0856161910694, 510.7799539156759, 1261.634466398446, 576.0003696715738]
car [0.0, 499.1389197414342, 79.52612725115232, 534.5962272849839]
car [791.209437850954, 505.9177619286179, 823.7025679483, 524.7747809548911]
truck [472.09341805041925, 500.544677630385, 522.5351543096016, 524.531581820937]
car [417.21994119194625, 501.815014903311, 452.6510055107211, 516.8696266948978]
car [67.89506881152262, 502.0292618599293, 181.8451115643971, 535.7783251607935]
car [646.8091830758573, 499.4761068965981, 673.6098516247878, 520.5345923725952]
car [713.8752081663454, 500.4579180424064, 749.0058021784921, 526.295820124034]
car [1092.410517177721, 510.8804734597099, 1328.7338655855885, 602.7888982256795]
car [677.8282994032828, 504.1635253038944, 735.0336137222491, 546.9530553728601]
car [1309.2092005083823, 495.5898595952255, 1600.0, 661.1904977050616]
car [449.3600646731861, 501.67326269635066, 490.0842255714731, 529.1208244826506]
car [0.0, 497.7467919363375, 47.65392845630497, 540.8999703381966]
car [542.5466640943953, 504.8360961283499, 640.3628685685317, 584.1414010182116]
car [1181.3759224902815, 513.6744428870758, 1320.4220669468896, 567.6846096339411]
other_vehicle [919.8534238477213, 475.08339883973844, 1069.0191273528417, 561.8315103648076]
car [914.834593549161, 493.20920336155973, 1166.7648573031365, 616.4991348614834]
car [1573.4832765742783, 537.0513855327769, 1600.0, 599.5259851103634]
car [866.7940855288781, 503.0503675839889, 929.4239574804315, 535.8451292627657]
car [293.1077491130433, 503.97576633752755, 401.9957076149007, 541.5409816860249]
