car [1474.1142694036484, 542.7292920921795, 1600.0, 601.6352856307648]
car [0.0, 513.8590596936921, 244.40634069196062, 808.8040935220444]
car [327.6443666294369, 474.67833424158783, 517.1208198088709, 613.1939938835844]
truck [432.74388504724567, 427.460477420556, 577.2418588124608, 572.312943212086]
car [733.9390988856966, 502.84083482826145, 782.1479496530587, 534.4668273173418]
car [588.0896686135528, 500.47071529574265, 682.6184302508431, 583.9277481409115]
car [61.88375952557814, 505.1761257714211, 440.1230446397699, 716.641863668116]
car [701.851815271079, 503.8633988511348, 782.8046663745204, 559.5366299538176]
car [667.2212197247501, 504.83733512852086, 713.5249017249818, 539.865806428541]
car [1533.7841662631492, 517.635438849271, 1600.0, 776.4853264333632]
car [1077.165744006414, 522.8574691777729, 1155.8126385534094, 555.089676963093]
car [821.116611703881, 506.78610022519723, 933.3837116258992, 569.2048091805854]
