car [595.8630193928377, 532.0954625029915, 615.9816993214773, 549.4495877591999]
car [151.90573047464812, 547.1475905704839, 212.5963683764972, 576.1912909069146]
other_vehicle [715.4212047411551, 399.8578971311505, 1076.0935232255986, 693.8577284438946]
car [531.909962675624, 522.7211556152362, 587.8847412700824, 572.5634279735029]
other_vehicle [867.5613203122143, 304.62687059073113, 1233.1772356068914, 736.4773823775057]
car [676.5331818599942, 507.3643464987772, 723.0095573894549, 562.6152522020443]
car [688.3667970099292, 527.9929169208804, 745.2721440657589, 573.0837239479424]
car [702.9699919556521, 536.062516801086, 773.6007850099204, 584.459917395699]
car [194.80185269125525, 504.9163537969132, 458.81601978159415, 678.1558744943508]
car [718.5904359966307, 535.2815260962655, 816.9666186929137, 601.6624544853776]
