car [978.2517814841667, 502.0749020321889, 1048.5072590408995, 534.8401470595417]
car [428.90736415765826, 495.0899653425143, 530.7422441016861, 565.3135242146715]
car [479.6378038031952, 497.3671387819606, 553.9546237116033, 547.282285638461]
car [1433.2714475363948, 505.31148079443096, 1600.0, 592.8542757255451]
car [503.4102805659683, 497.75728908517306, 561.6165767405772, 539.695363841533]
other_vehicle [1253.6433624278955, 469.83678670219956, 1501.8777411826136, 574.1646302698574]
car [592.7653869504386, 496.90761756324025, 661.8895567653907, 551.2217566445321]
other_vehicle [859.3622019755092, 484.48955302747805, 916.0092093873776, 520.5810936993099]
car [0.0, 506.5205611029218, 353.4459667345648, 882.9516204782]
other_vehicle [1012.4379327914315, 483.1260930679602, 1144.1298129656875, 543.5501893213054]
car [1130.2173971488933, 508.0478376913943, 1238.9150008009965, 553.293380191977]
other_vehicle [931.3827723729027, 486.3804759734038, 1010.5960216333635, 530.5364649125856]
