bus [0.0, 92.84450900308823, 480.6794369732032, 884.9533636405979]
car [536.2958556355508, 476.94159569174394, 601.0484608907827, 543.4717127742914]
car [941.1665457461328, 486.7707914331572, 1154.8570189722077, 590.2996692924689]
car [738.3644410236338, 503.17464739217695, 856.4644194987761, 593.6653124569308]
other_vehicle [585.2915760014266, 496.1290442977419, 616.6579507655192, 527.7243262786277]
car [1245.2775435159776, 513.9527543121162, 1600.0, 673.2530578038884]
car [361.6064267609637, 513.4142374475663, 528.0868549716284, 616.6749318070946]
car [655.5991951319987, 506.9539401061752, 675.9156785702678, 522.7512901481332]
car [610.7755602236888, 507.34438755117725, 660.1476335428351, 553.675336861804]
car [813.7159484196115, 441.5040093565341, 1199.9388859480775, 699.467909885219]
car [695.2374836293426, 504.0154440316608, 750.3775302924001, 551.2531556178182]
car [1577.143049438098, 510.84478598273984, 1600.0, 603.2248731082661]
car [576.4202185648252, 509.66546736783533, 693.6548404980285, 618.671445300087]
car [524.4581133817825, 515.118736918374, 580.9514139399749, 563.8071174877877]
