car [94.60737281071256, 506.33863549314003, 260.1450637914616, 568.105094741249]
car [736.5427584782193, 520.8301356897139, 1037.9883889010937, 633.5098289058799]
car [730.2002313063684, 529.7919169033928, 776.7138907543776, 547.4803851467915]
car [1404.4825322847134, 541.3467521646801, 1600.0, 649.3081304266291]
car [1315.7357773138267, 557.5829550243853, 1600.0, 657.6217425978401]
car [104.2133509365565, 490.8164841803881, 331.2323674556856, 590.1719480069511]
bus [226.46289289835627, 407.32443653218667, 692.9557558819954, 590.349785270979]
car [762.6745991614018, 517.5427421418259, 1213.5957354409513, 681.9247255126816]
car [367.2647211989706, 491.7606519183707, 679.4733411546416, 627.5504018895481]
car [1006.3400974001137, 532.7288234965872, 1327.8639288518957, 639.7625468919507]
car [688.7294891860871, 535.1369849614341, 791.9198658210064, 583.1215727262964]
bus [21.581823181271556, 469.1862019925641, 306.79883507824945, 559.7909512859663]
