car [351.96883231745664, 529.6526390551084, 454.6520894872521, 587.8344006250895]
car [594.8306802704204, 520.7843187934941, 644.0126817630874, 563.13886886003]
other_vehicle [670.4422008992105, 474.3951421683253, 768.3852611219847, 575.5019750864037]
car [520.8273579614241, 529.089174851704, 557.6621706639672, 556.0377697198772]
car [0.0, 548.6110885986178, 53.014529207704065, 596.8360789304821]
car [696.3769307855177, 517.2455571933942, 805.894221539795, 595.4945324185969]
car [483.9646777146726, 527.9737189198418, 532.2520982456506, 561.221246338091]
car [768.398131622377, 534.0374210452227, 1003.1211570747657, 678.6488000384893]
other_vehicle [663.24918760145, 515.9954438076044, 695.1770986360223, 547.0974078831074]
car [0.0, 505.41497478438055, 299.8532674300529, 672.874976710121]
car [554.6097167372678, 530.8142683780515, 578.251569052013, 548.3795399921522]
car [572.0028160648726, 527.2440668249435, 605.5928000460791, 551.3779552737416]
