car [1211.163998432571, 788.6520692538221, 1445.7760590750731, 900.0]
car [1594.2297888615176, 838.6126246898459, 1600.0, 900.0]
car [1158.3857489374475, 769.4321818399126, 1344.1562470293782, 900.0]
car [527.9149597617007, 781.5634792676129, 668.8416207507404, 871.1951274988304]
car [1185.6421067823726, 784.8925009279309, 1387.3674963857627, 900.0]
other_vehicle [1090.3103565470997, 734.3218178662648, 1202.5170186292257, 847.8214837865146]
car [0.0, 745.0185127069819, 79.73564487389213, 900.0]
car [1136.1281757653167, 793.8210703021182, 1300.1741572455792, 900.0]
other_vehicle [1126.0101998297916, 678.1033920408306, 1337.228884754308, 896.8438409244712]
car [652.3418385613201, 771.7713069957437, 829.553975374157, 900.0]
other_vehicle [1276.3041299824736, 497.18509996318176, 1600.0, 900.0]
