car [782.0017948285172, 511.9647385800109, 850.3480476595967, 553.2810890885811]
car [376.150750855366, 493.32069753852727, 519.9008771800359, 597.0394458466188]
car [141.14199948514928, 420.39406496087395, 464.327244508773, 676.0664611640163]
other_vehicle [583.5263573475007, 486.6885544880324, 619.5308710091839, 526.33925830795]
car [559.2945038867467, 478.7614726781945, 610.3528840276704, 532.5054604440688]
car [1227.0436801915487, 526.790808457773, 1308.3011293521186, 553.5551055718367]
car [496.5742476620738, 467.34449693995015, 574.7142403916378, 552.0433052301504]
car [678.312759174962, 508.0444403034984, 720.1903342820211, 536.7269491667763]
car [574.3038071175035, 502.5388338256758, 669.410404039152, 578.9543654813591]
car [0.0, 373.3392403680969, 334.4379116438733, 900.0]
car [1598.2016448024824, 542.4157125923696, 1600.0, 600.2012157307416]
car [535.5091282557183, 507.0885684824453, 582.5261076634175, 540.7100998648275]
car [543.1593014904098, 501.9639562641414, 587.1364841339046, 535.7423218958156]
car [1252.3514725637829, 525.2374363715489, 1368.807881222013, 568.1979785819955]
car [557.6249161887181, 501.42077750758256, 595.5398772572778, 534.2843774605932]
car [466.937373568998, 510.7152734526113, 540.4150501417095, 570.0456791133707]
