car [852.4346054517562, 495.09852064643377, 933.3114809025989, 547.8047947194676]
bicycle [280.59810197791666, 517.8930553808444, 352.6231465487369, 570.8818885348882]
bicycle [173.36164124829497, 496.43863594844345, 264.98673301604606, 555.4220048585045]
car [174.47410508611753, 485.77347712705534, 295.3756475237055, 542.4679941836129]
bicycle [65.26873803969967, 499.3944112940003, 159.91671303177534, 574.1587842459592]
car [1258.3776442104881, 531.7343356899269, 1418.3899481031904, 586.0247850729297]
bicycle [165.343512084382, 496.66917527389813, 260.47546037941106, 557.7270535249914]
bicycle [165.9326727768878, 496.46792726929874, 259.5035590518055, 556.5181773001791]
pedestrian [499.024603783412, 497.65546715390974, 525.9385107998262, 534.1149222175447]
bicycle [176.52022279711773, 496.3742540046439, 266.9547326244515, 554.6627089453015]
bicycle [107.55841117486617, 503.2839260608702, 189.63987920179065, 562.1988440991327]
bicycle [184.080382378592, 496.191073003002, 271.4698897100751, 552.6803386826406]
bicycle [87.78312288250669, 502.294262892645, 176.8949243896667, 564.1101324284163]
bicycle [79.05090208041399, 498.3560562599465, 169.50974666292868, 574.741803605504]
car [268.01094451815914, 494.5346866800152, 351.24563251954055, 537.3788991178578]
car [661.5530729751026, 501.8722370739731, 696.1809976725555, 527.1856175579173]
truck [929.3230261849758, 437.4339333067721, 1255.6641882094852, 576.9040472991846]
car [576.6026355490992, 490.43344289886016, 605.2617434475357, 521.8366051658714]
car [922.3872861387603, 513.3647367102211, 998.0569471347222, 553.5195354643907]
bicycle [127.21187456464062, 423.1703383135392, 151.931898181891, 484.79701712028066]
car [221.4532353599643, 511.13913001105544, 476.0226757626281, 662.0082139013948]
bicycle [179.5506902212446, 496.28750120583425, 268.6690997394922, 553.7930375029994]
bicycle [109.30357492362309, 502.9863245261041, 189.9118404265053, 560.8284916562485]
bicycle [186.84765285877975, 496.14353017997126, 273.263199418454, 552.0645218851764]
bicycle [156.38337616556237, 496.64593010657086, 253.46361005162646, 558.717448503265]
car [916.4474285751124, 507.53825784123404, 1600.0, 876.6280759912559]
bicycle [91.44034731073127, 501.54872700075794, 178.94523593663362, 568.6148459076368]
car [591.9419682832474, 504.4232542458034, 675.0845111403627, 570.0941203627137]
bicycle [105.38430773278733, 499.1534853572083, 189.45162335691552, 563.9925370202498]
car [1153.0646830352775, 526.8960518218481, 1293.3854394896584, 572.6154700417316]
