car [496.0898842166101, 512.6891336800011, 615.4194428347499, 564.7624036718082]
car [263.70949281326614, 520.0040768913993, 513.6973467150651, 648.3556856197246]
other_vehicle [1598.0318400057033, 462.08269660135295, 1600.0, 518.9595848216397]
car [194.43699543572887, 523.1099279299056, 336.2827902408137, 606.1508009335353]
car [157.968148611183, 509.2544275210713, 186.9428207190123, 525.2315914589267]
car [155.21021665495343, 520.6370701203867, 274.3195601611013, 595.4535659835467]
car [82.37523314277931, 516.241226568523, 143.94853628440788, 553.1732370863788]
car [419.70063789401934, 506.41324474090743, 513.862803047255, 554.4605443512216]
car [217.55100766419565, 510.7388266709238, 259.68500409868415, 533.4897299243542]
pedestrian [1362.280058642364, 460.0345528710211, 1431.7054321215808, 529.8228546283627]
car [195.71140148710532, 511.0381185947303, 234.63245199421374, 531.1629255635505]
car [1003.7624498190426, 475.03331506482164, 1193.122080778308, 545.1422538167014]
car [132.84139197955884, 521.1252679106099, 218.9210140245794, 575.5125169152249]
car [510.60873665914806, 449.2868959264596, 896.9410064621613, 655.0703901974055]
