truck [886.4741139186522, 0.0, 1600.0, 900.0]
car [784.5018736034932, 499.0117881620959, 819.2692094441123, 519.9222346149896]
car [450.5299074465676, 495.57274066112757, 514.7153948859587, 524.2895172681066]
car [813.3702954773687, 497.68863337150043, 863.3156446101822, 525.5388137949686]
car [558.6226154503026, 502.4557956817708, 727.1144708280558, 666.6616294585749]
car [803.5131775666205, 498.92615998317194, 844.2163488423565, 523.083429235072]
car [750.5487620529606, 502.7740283107521, 803.8117632750439, 534.8791582750641]
car [0.0, 489.4780891628159, 30.906875443943935, 539.40395644683]
car [742.9963722033556, 493.5369637066587, 771.3111648996685, 514.9839646600582]
car [682.1854458062254, 491.35522735384933, 733.0498510906192, 530.6188506051849]
car [843.6459837974561, 498.7107004981553, 903.9803316836537, 531.0647044520443]
car [869.9878277231343, 492.2281265803733, 951.8330655265553, 535.3426927509274]
