pedestrian [368.2554479870847, 523.2756048523544, 391.1396651817841, 561.923966482415]
car [615.0839956057234, 537.2095185419437, 664.4538541068877, 554.8343426264661]
car [529.6503037965149, 524.0523377248771, 601.4632985555919, 553.9419750816941]
car [141.13107513266783, 522.965148985297, 230.94044051082938, 549.9923049392298]
car [500.03783484400134, 535.6061646696759, 562.3526579792742, 555.6423802883713]
car [0.0, 482.78702128039475, 278.2208859236904, 639.268486551086]
car [584.6714103747537, 537.5125107964503, 637.8063634365001, 556.2857726758267]
truck [570.9328311880156, 530.0751244033463, 628.322264914946, 557.3570611354774]
car [606.6377142535592, 537.1170641018315, 662.9726802328167, 554.7340772569755]
car [390.2652749066369, 532.6257889559209, 460.14791936351656, 554.4155144624707]
car [650.9490333932382, 535.1722707523189, 699.1852830195353, 555.880265210993]
car [290.0639716562838, 528.1051222015285, 368.0290983995317, 551.5031550382134]
car [351.077824318836, 529.251476269191, 427.52281137824997, 552.2906348935137]
car [1075.1804056034625, 542.6201245494977, 1354.0764427670267, 626.3517970506159]
car [221.74202472327974, 521.8393329966841, 317.1777835869353, 549.9472222081749]
car [445.40281888831794, 530.2328024682797, 515.0564161803145, 556.2672910650854]
car [686.9072859797574, 543.1270192594973, 738.7534461630947, 560.1434088105377]
