car [908.6152845426261, 589.0241464986667, 939.2801481771687, 614.2357766547666]
bicycle [823.8212755650237, 575.0332090479749, 851.5524227850335, 625.3361521743234]
car [893.8233501948573, 588.6228223493498, 933.7784560392897, 617.6137830474247]
bicycle [856.1600662089121, 572.0811172618622, 891.6720583542362, 624.6773562479821]
car [1004.8037093847043, 575.609662045123, 1057.572253254181, 620.0900751819256]
pedestrian [1488.8285687691705, 535.0159822163823, 1578.6798213935365, 642.0317461524068]
car [881.6741630937455, 580.3875803145794, 927.8147518828147, 621.5628432314197]
car [862.9728205904833, 583.3980171201879, 912.9269236585596, 624.5745658629284]
bicycle [820.5253280954456, 572.6294020890948, 847.9807969948969, 626.5896329647829]
car [236.74317772452866, 567.7371282291106, 409.70729557223893, 634.3510875951056]
car [0.0, 559.5464514403744, 250.78753987748473, 638.6755918899388]
car [535.8093171374508, 565.970497861329, 708.9641017342396, 649.3254543928737]
pedestrian [1366.287585244927, 558.2719841490946, 1420.7028625221863, 633.3245017070102]
car [776.601922292607, 588.0753273039837, 837.8445186162031, 630.0839917085974]
car [0.0, 550.270219041786, 144.84646911395373, 651.8576317324507]
