other_vehicle [747.6048714624175, 444.5539206293789, 891.4167285113145, 576.2320492306078]
car [1192.2491476961309, 484.72943047648226, 1362.9724270687657, 594.5028963184077]
car [1550.708513002629, 527.5189225949332, 1600.0, 634.7318355663289]
car [1115.3982346080782, 485.2090912504878, 1375.6606992507034, 671.4682268431475]
other_vehicle [849.1413899233872, 476.1573370575851, 909.5485309693066, 546.2666073161295]
car [968.2325123288031, 506.9067396101123, 997.0439233046076, 532.1249852193072]
car [1013.4166884263217, 507.27894653185734, 1055.7372026715934, 539.1063439660488]
car [1053.7003590546685, 507.54726031411434, 1157.5965936153502, 586.9085093240535]
car [542.8319128107094, 487.97822562663157, 788.492167044172, 673.5770739586994]
bus [1211.7319459515377, 484.6248947105174, 1307.3209385859852, 548.0994265293538]
truck [0.0, 0.0, 736.0942413477044, 900.0]
car [1269.7756723664827, 516.3179767306127, 1413.2760593564692, 584.8350205591869]
car [983.8688189965366, 507.50891523140376, 1032.9566738692265, 544.9084754210354]
car [1044.5025438846606, 504.4705381485857, 1090.445065325585, 532.2872904607409]
car [672.877802237232, 469.6356410770844, 839.8392601678207, 608.4529000002576]
car [861.5107540347332, 512.7279558209875, 1021.1414449490804, 647.1602942031095]
car [1356.385442389663, 514.8087667216494, 1576.4404257723045, 602.9254027932664]
truck [905.3465936680585, 450.4611520571999, 990.2475450529956, 558.3039147904279]
car [1067.4460668513036, 512.3697485480918, 1113.5098940507946, 537.5605961802269]
