car [201.27419615548644, 547.6804374806024, 266.6368711634878, 579.179083725343]
car [507.8762578717843, 544.3959199533728, 568.7245291607626, 591.406113846137]
car [286.261382032918, 543.4693087314479, 331.29675392386196, 569.3179343301914]
bicycle [752.2863633320117, 541.6514674609629, 787.2565969785408, 561.3734009403435]
car [313.8926034613754, 549.1212758556345, 353.6707701149022, 568.0554833062753]
car [829.8460617907716, 520.0534085174074, 980.6349899830383, 577.3365023531337]
car [425.0108099302587, 542.9417369897126, 467.90005020391965, 568.0890287805186]
car [398.3489952749155, 543.2251245147205, 450.99778890940127, 573.3818500147563]
truck [462.37402668122695, 521.0781116327563, 509.209760561677, 561.7666962323663]
car [243.22443821897298, 529.0484883075007, 307.7138009790887, 575.0432971805341]
car [1192.6456717563285, 526.4734969700363, 1272.2745311820279, 550.1109573776465]
car [475.27092194906277, 545.036533534394, 527.7163069691705, 578.2905400883751]
bicycle [754.8792768436448, 542.2892378378202, 786.9325520954179, 562.6910807399256]
car [564.2106734281141, 540.0029847247756, 583.0819678654267, 556.2045208055338]
car [1022.8765386255591, 529.5797000121827, 1137.6539244927362, 567.8200897359544]
