car [1210.9802729316955, 541.9287976986625, 1329.2783604657227, 594.1792018182923]
car [143.79221189652023, 518.6362478061061, 460.89817163391615, 642.4620507108608]
car [1189.4270128030066, 547.4986823313972, 1287.5388895365943, 584.8453896410707]
car [101.20476343612616, 531.615495749179, 271.9389319784099, 587.742519892618]
car [0.0, 545.1530719666528, 127.7027286119063, 620.0256829431961]
car [819.716889645632, 543.1765638474645, 944.0260282507866, 591.2140995981625]
bus [1168.4963578026716, 512.2942365405365, 1409.7732583081965, 578.3042233191552]
car [582.3807467105329, 540.8449972524687, 771.1910577183577, 609.1562549354012]
car [1550.7009195177159, 555.3716891385036, 1600.0, 612.869993184459]
car [159.95279782103037, 548.8061867959493, 327.3116630176183, 614.2575169582528]
car [1414.3628038040329, 536.4470781871496, 1549.482197456931, 595.6800271831776]
