car [27.111911094780645, 490.16383804972287, 174.5463363278784, 536.4504695927136]
car [580.2066460371907, 498.27777581894276, 631.7565084507798, 546.0406832326563]
other_vehicle [0.0, 473.80596159816037, 58.316713895038205, 525.2336844421415]
car [186.99355466687504, 494.64273862287143, 322.8698715256476, 543.6330500151886]
car [118.66489346025485, 494.94859264825163, 286.8857951404422, 551.9620766653027]
car [698.2494402715084, 480.3427075391784, 753.2274891887164, 534.1947800822986]
car [749.1640908181271, 457.88113482160804, 1006.371041633049, 644.2948705016297]
bicycle [43.20937933345304, 476.3194019859422, 208.06277440259888, 635.1503021862947]
bicycle [1362.0655849603543, 523.0731645956765, 1423.9570142984112, 576.0749841024619]
car [546.1713867552182, 496.33656187670044, 646.2064929219628, 582.3622914970869]
truck [620.6977234520821, 475.8161499254751, 664.5110008130907, 523.027023376884]
car [1464.816798921497, 525.8655025152835, 1600.0, 603.5001326983697]
car [856.0294506978095, 503.55323667289315, 1016.3649938027665, 586.5213955210539]
car [667.3842624293046, 492.5529311897717, 693.2667731401792, 521.1891730429204]
car [0.0, 484.3929307138765, 46.180374544486284, 530.447387829786]
