car [720.1638355049424, 515.8665051337115, 845.2277070395439, 600.9861239813531]
car [0.0, 512.090268289372, 429.5083588807031, 796.6576331619304]
car [803.72622621301, 500.9336135439112, 1153.7462614574868, 716.5359086273533]
car [675.8790444372825, 525.4590705531772, 715.5217812364236, 557.385748158667]
car [910.1131884379632, 442.294919078621, 1600.0, 900.0]
car [687.0236263093282, 529.4132184418866, 742.5530227517979, 567.01235627346]
car [956.6376306624296, 506.5696645942424, 1093.1257187430303, 553.9844439376767]
car [472.73890765193744, 526.6621339178032, 518.9185198746451, 561.7144499259966]
car [543.9615761330213, 521.5434771217434, 589.7749380288361, 561.7751779171855]
car [748.1096133312094, 534.1667824582928, 903.2537281829278, 629.7008126699509]
other_vehicle [659.5023708958723, 495.8337571042929, 712.305088155979, 552.781707130634]
car [707.7672957564755, 530.9102761717874, 783.9622387887559, 579.0070305459802]
car [612.049324010054, 512.5740066870558, 654.5159620209087, 554.9368464407307]
