other_vehicle [44.22787602990962, 537.5726517313487, 150.48522311326593, 584.0864134833794]
car [126.47167192576899, 550.2257095338135, 215.4830406362926, 579.3773625370236]
car [0.0, 549.1676169577445, 56.04548044177539, 583.9182201760485]
car [417.00729495621397, 538.0627284477367, 497.3339985874752, 566.1446939468645]
car [323.0435416628781, 540.1476964903039, 405.7975087280602, 570.2213967767885]
car [945.4506366878717, 524.9391530387454, 988.8945479182611, 542.4285790356796]
car [889.8180759235463, 522.744463131646, 944.2383850880977, 545.9232275934144]
car [980.6443029238527, 525.0532868689279, 1025.352780731444, 542.0120948771895]
car [800.940167898458, 526.470121471989, 854.9908044287613, 547.9835941842658]
car [201.20110853729713, 546.7134517406611, 294.06366001086553, 576.3604055339098]
