car [1304.6443130504126, 525.7115387363647, 1501.4542336664967, 567.3615677187216]
car [1558.988716218712, 523.936809109181, 1600.0, 571.4847804317328]
car [1035.5847898641769, 523.6467549074877, 1179.9663866877902, 563.7138950281311]
bus [374.98169863689606, 510.28019625608573, 429.85984510880826, 546.7068234453068]
car [868.4339672932582, 528.8853294598229, 1010.1736300381126, 573.5753196428747]
car [488.46126304216347, 523.6388267097759, 562.7532869487341, 582.0789037617182]
car [582.7048924547684, 530.1736983820622, 705.2304586070566, 636.4707675459766]
car [1450.0699287691953, 516.2546876302886, 1600.0, 584.0567554804516]
truck [329.70525388997754, 514.8168638422719, 434.7507293053196, 559.5499013225109]
car [336.9119971527452, 520.5161974249719, 432.25663897428984, 574.8244096527981]
truck [1178.4571882410567, 466.2826308541856, 1448.700189415481, 561.016286066769]
car [753.5545597638143, 526.9638938543636, 810.4931090206829, 547.5377721483626]
car [0.0, 543.1456483135764, 54.55377797129206, 571.7709677161303]
car [0.0, 535.8667179757774, 32.310378550865195, 573.7505311756969]
truck [415.04086993631097, 446.56364924189074, 542.3216808005984, 614.2911548817709]
car [877.6232184133514, 525.037872146849, 1004.3093359382801, 563.6128182323326]
car [63.019922134745876, 528.4842317270669, 298.502850279352, 636.4085151662428]
car [1261.3495469965044, 525.8386940472778, 1422.8394955879817, 565.0635718336948]
truck [874.1790061370189, 487.1874303804651, 1068.2918145076374, 562.9097125811281]
