car [534.8465553744401, 748.972832331614, 683.9995155544933, 865.5089881631851]
car [1373.9397481205353, 727.2502110977392, 1600.0, 900.0]
car [1286.3653860228285, 777.8073869988939, 1554.5225251372235, 900.0]
car [1532.4758478801646, 812.0622660044422, 1600.0, 900.0]
car [0.0, 466.1502725381106, 521.1161857178057, 900.0]
car [1182.4187140828162, 773.9431082795908, 1328.906671409102, 884.9772926242792]
car [1460.4725488793104, 761.8980401050819, 1600.0, 900.0]
other_vehicle [1128.6973927967072, 659.5918025186078, 1342.7805409189411, 871.7562505929127]
pedestrian [1074.8712242411643, 755.8255415079518, 1125.4967533290842, 840.7451924763287]
bus [1093.5381505593232, 678.3492066185014, 1248.4989222721936, 838.3020240745252]
car [648.0807433637016, 764.1811218783505, 750.5472020130059, 846.6753812875576]
