car [572.0912262823642, 533.8153035530414, 596.1357755509331, 553.5455582085903]
other_vehicle [663.6477603702219, 512.2423504689785, 706.3134669828369, 556.0732868491777]
car [0.0, 554.8759555718923, 98.9893786821148, 601.6841195668167]
car [0.0, 545.6312835025414, 102.30158450971253, 707.439526255358]
pedestrian [1124.2431865450117, 520.2058034487573, 1245.3758353424414, 690.2636352399594]
car [701.243654229922, 535.0304457664083, 772.2252982636335, 589.3377934194378]
car [67.38308115435031, 556.1622910933479, 158.2176333261284, 592.8851437173089]
car [717.4947599774559, 536.6993533441233, 812.156248187646, 610.2676169746204]
car [372.00519747838035, 544.747905384609, 405.6338585092088, 561.8741897409982]
car [325.36087364115076, 547.7478390504033, 363.1672586694159, 567.7480725577672]
other_vehicle [669.5452920532658, 511.4765800437723, 716.2043632936874, 560.2845646105224]
car [169.37201116909586, 533.1742228062838, 288.38874831055534, 598.4080767632505]
car [692.7081516483322, 536.4085151420809, 743.7059382537722, 578.0371249801574]
car [678.0771437535734, 534.4469131325415, 719.0774513423504, 566.8426281730938]
car [691.815542777481, 534.4001466264965, 733.3061970881353, 571.6710224403777]
car [451.44340094930595, 520.1079730025082, 551.21299031194, 600.2136773509355]
car [737.4886466328769, 538.4977546817892, 889.9446144738653, 644.9654232202769]
