other_vehicle [482.23667662411395, 537.0535395554541, 589.2765062852386, 602.5433768231292]
other_vehicle [307.642484991753, 535.2426169785759, 444.8033687476293, 617.6911616934686]
car [699.835442308898, 554.3876904476795, 781.62845169048, 609.4116119604635]
car [197.54605175521476, 562.38989643761, 338.62440465188786, 619.7483389279593]
car [1015.4842251612189, 546.3593824770048, 1060.5658684824937, 589.0292380501052]
car [1004.9681782446255, 547.6506573389707, 1043.4587644321546, 581.3128282032607]
car [1073.901013385475, 548.9367897261957, 1176.198909913431, 633.4952386693348]
car [1008.3690405016846, 550.6781710609251, 1050.7396019490345, 582.8230887909341]
car [851.6525554563402, 549.8842966852318, 886.3873327924031, 580.902611169003]
car [1024.8718699133726, 553.4629006575273, 1092.5023539815274, 603.7678602946947]
car [0.0, 553.1034260713845, 387.91570547517944, 810.7180179392071]
car [1049.1019202656505, 543.4073401767378, 1129.7258212953018, 612.9947663054314]
car [438.91912066641515, 555.8552286993979, 525.7594868809987, 598.5651546342739]
car [989.6484479012089, 551.1857822690696, 1019.4543359247232, 575.1658435424754]
car [1024.8942080833756, 552.0482503899644, 1078.2489450207765, 595.5570834285875]
