car [734.0453312136531, 489.9762148030494, 899.3728599936859, 608.0098029617134]
car [894.5935591251623, 520.7620285111354, 943.0032169501695, 541.7770217026975]
car [587.0164588524141, 503.25165971004185, 701.2562673449798, 595.9180730755428]
other_vehicle [1229.4633755551245, 492.6503388342765, 1562.433330537485, 610.3398700095388]
car [219.33411933907692, 511.71233013216295, 502.02584869981695, 667.4577889885243]
other_vehicle [858.7097184387452, 505.11687310884446, 912.1813005505118, 538.2630927773266]
other_vehicle [958.4936181744647, 493.8139404822822, 1071.355549932223, 554.0270617596016]
car [522.4807752265812, 500.63399169966084, 570.5220257270049, 546.0847003019969]
car [650.4867560040145, 507.4273989050156, 689.8116659200465, 538.1057454218419]
car [595.1096977529493, 504.58638734686326, 624.1586660071964, 529.1017355577046]
car [917.1655770454574, 510.83318559230236, 1013.57793366825, 560.5255047050077]
car [839.4144597276321, 512.3857627073879, 885.2473406158914, 539.0310086649883]
car [478.67824976648836, 500.85496841989175, 554.7233965243728, 564.2298941629542]
car [0.0, 520.3183645389938, 352.99781432842144, 887.9061554580121]
car [1031.1348285053039, 498.22406491506064, 1479.245024080829, 680.9492042597711]
