car [1252.7736544515333, 745.2011817959068, 1531.9761159303569, 900.0]
car [1311.239822722749, 693.7249003428743, 1600.0, 900.0]
car [1401.2598754366963, 506.4454217775734, 1600.0, 900.0]
truck [1093.1350239040455, 719.3206774828662, 1206.6947522658968, 861.0587370484627]
car [350.35480524766876, 738.2794749342384, 769.675216621932, 900.0]
other_vehicle [1112.9336614257845, 724.7143099476111, 1248.708905069077, 885.3268926360541]
car [1186.6664582323895, 807.6510513481796, 1350.7010380322665, 900.0]
car [188.27003876015777, 800.2705739798253, 467.58368247501744, 900.0]
car [712.4475557910645, 761.6780645047951, 874.3961404566277, 900.0]
car [852.1419288861435, 805.4107836156, 925.2629052247962, 867.5564194043743]
