car [639.4636531837978, 502.5704590378578, 895.4682444034431, 607.5314393182163]
car [1087.6719327933647, 530.5081084753051, 1375.7419282259855, 631.7501789512214]
car [1208.1778922196195, 526.0536097291854, 1526.895868489866, 634.1978984549236]
car [0.0, 499.691058428246, 44.856950727311165, 536.0411775877261]
car [530.0094012763049, 502.49094264007175, 747.9606374629359, 588.5471615376897]
car [200.93471971379435, 512.3864744835755, 248.04571093333223, 528.8161871642986]
car [1429.9323602983216, 532.1256817026964, 1600.0, 639.3931825046238]
car [1201.5282332302245, 528.5399759556911, 1600.0, 665.4872157938707]
car [0.0, 492.23250441672536, 139.93442581670584, 550.9578697574264]
car [224.96975626538568, 500.01074268949674, 344.8507656667438, 552.0546778723285]
car [686.9205579829771, 481.3616768145848, 1600.0, 867.9861178747486]
car [249.6278490332136, 493.03101607892, 427.08093945599296, 572.3549813611922]
