car [718.1624506483975, 504.59555968935024, 758.4397070246337, 532.2262836518117]
other_vehicle [445.91882585525974, 440.86236617825074, 575.6741973546302, 571.2926392755151]
car [584.3903136178496, 503.5146452693139, 606.1460700968829, 525.4989271003644]
car [602.0390497186328, 500.595971479342, 658.7615948211873, 548.9511153441844]
car [371.4783384026153, 498.19833938274445, 441.4192620284938, 520.911285298322]
car [787.3625798234783, 505.3072956160754, 870.8128566274121, 555.3492241116918]
car [657.9460282716443, 507.1529587579127, 684.3320250478552, 529.6086606837157]
car [554.6564528663428, 503.54978478733176, 594.6950416182059, 538.9052152667487]
car [408.5298937186812, 504.7484081570042, 530.3966968831301, 597.4107804031195]
car [699.9172453406184, 503.6850074438373, 725.3734821646478, 525.5111058564287]
car [0.0, 541.5775926909271, 166.88253083790076, 893.1864876293098]
car [1159.654279731459, 486.8934405043081, 1600.0, 757.318253092152]
car [730.827349288237, 509.74880445097006, 836.1476827874155, 581.4556212819266]
car [0.0, 509.0590445046824, 448.63825146772473, 817.6719816408774]
car [675.5663860829452, 509.84064942251257, 719.0694725556097, 540.7060853498215]
