car [156.52232531980036, 506.43352140902823, 454.4770744668273, 688.7505002334611]
car [817.3148232805308, 557.9224504880169, 1526.2568758259085, 900.0]
car [544.5419061329586, 540.7921780499829, 573.2955955173891, 565.6222897599084]
motorcycle [1347.7017580056056, 601.0749351870971, 1600.0, 900.0]
car [654.6978014061912, 542.2253024233477, 710.5657837855956, 586.4572621358187]
bus [642.6474789533564, 497.72428740308067, 723.560112326345, 576.6762536364569]
truck [452.96690512177196, 509.75477089509, 523.1866290395209, 574.1346455319524]
other_vehicle [665.9527363234378, 450.23709880983864, 845.736427278111, 623.676887100951]
car [661.3720204208622, 546.0080746412928, 730.3130465270273, 594.8195484149858]
car [562.4238815442513, 542.7107032275962, 583.4755576083521, 560.1184533599841]
car [256.7125657452637, 544.1751084664643, 314.74651476396207, 573.4052993104004]
car [504.41692490130833, 537.2360197980747, 558.0070197123756, 578.7420219390131]
car [720.7240084429991, 552.7309429901974, 896.7570459683286, 662.540839340489]
