car [414.6649912700408, 521.3188701072198, 497.73098949394705, 551.3803169636417]
car [0.0, 504.4454537401636, 102.2479722880168, 544.3612095938332]
car [510.7444905615128, 525.3441128593878, 572.811881901707, 551.2527613691394]
car [100.6105338947895, 380.8948136852616, 1600.0, 900.0]
truck [0.0, 405.0406740699103, 288.0863887399216, 579.0786285569978]
car [477.66722798345734, 518.0970755567224, 542.540498394739, 544.5299145980287]
bicycle [255.3236488382265, 511.6850332344035, 335.717352891419, 599.9468012667376]
car [0.0, 507.0161628825098, 35.31859023549257, 545.0802183038758]
car [75.04954450556157, 494.61632594971593, 264.5700906268889, 553.2715046863516]
car [302.91749683882665, 512.1660204128342, 403.8998600992761, 551.057957974681]
car [0.0, 500.5088208499225, 372.1397237846497, 696.4143618047289]
car [0.0, 507.3442513667654, 102.96156073167776, 723.1023484800832]
