car [1109.0305916658197, 499.54552382097086, 1192.5201528330072, 572.6340302400732]
car [834.2653473856075, 517.4986270168947, 977.1773669038702, 600.6182039978454]
car [1000.0126047507745, 511.5083336560715, 1048.3379908988975, 536.5013982341167]
car [1127.8326426847823, 511.2230186718538, 1197.703799949419, 560.6811507650164]
car [940.3585802669828, 508.1854815312622, 998.7554421517897, 547.598626958119]
car [994.849313126504, 512.2029799883136, 1075.2623975700471, 562.4782409751632]
car [504.8757821439336, 523.9904745520454, 688.5366002504425, 598.0867511210981]
car [817.5456557884452, 520.0970182565711, 912.7971494716298, 565.3536471008273]
car [1032.9526117893993, 502.24233032908194, 1188.8387227430098, 617.1529757054584]
car [901.289334860013, 515.0378006781737, 974.6132760394936, 555.2349662721847]
car [700.1303169168951, 470.05777675947587, 872.5586261776048, 585.2667451587631]
car [919.1271569237563, 508.20073118170376, 1032.3854892535794, 576.3623094817608]
