car [797.2666002703427, 486.32418190946834, 1253.5383945514068, 722.576168795616]
car [1031.9870061537542, 494.44807067294914, 1180.3622553944217, 542.3345803597425]
car [1240.5232194974385, 483.3689796061889, 1489.8828468968402, 563.3249751715639]
car [723.8585547546542, 489.58605254882923, 782.4545308465342, 521.5478357034922]
car [490.4684840234455, 500.3117227648616, 602.5749494419064, 600.9447466716229]
car [573.6562488895289, 495.88548261226435, 626.9799501229314, 532.295634182012]
car [653.2376508582012, 485.59386299015074, 696.5441455853571, 514.5894272167496]
car [947.0797278686229, 488.78167123773125, 1075.1661824671698, 541.6138935957391]
car [1125.294378721648, 491.09555109659743, 1369.4793582885222, 563.6091265528551]
car [506.5118169790745, 501.0554126229612, 559.0710472321438, 549.2181475330472]
truck [739.2552198151903, 474.0222157552325, 831.8412073460585, 520.1678149770378]
car [870.1309957826941, 487.99959235541473, 957.8783974184996, 526.6032634474046]
truck [1274.8293758704, 421.1442331594918, 1600.0, 567.4314171712152]
car [416.4832628868732, 493.2848407691527, 477.4539603119174, 546.9219892436907]
truck [611.41714539293, 480.24043451120895, 664.7092696508746, 514.5922466452569]
car [686.08852198001, 485.5133129417327, 734.3260580912234, 517.9448252657642]
other_vehicle [828.1944699863376, 468.6625472586796, 918.3987222761605, 528.4721298005644]
car [766.8776692077766, 480.9738235826932, 860.8458604469167, 527.7203492045606]
