car [1077.4247208339941, 515.8164201042496, 1198.6684424799887, 554.8994967294885]
car [828.5902839543313, 500.80293878836164, 1308.391966658374, 748.2246896526051]
car [1465.970720894282, 523.4764054959945, 1600.0, 606.2849261206168]
car [646.7895550748027, 504.48923784825104, 679.140589769551, 520.82014217003]
car [1069.6759167074003, 494.95811151341667, 1193.975916749131, 542.3553872102199]
car [974.7927615707072, 512.7152512013587, 1021.0148669415136, 544.0931735963215]
car [1240.034013541888, 511.460027692954, 1433.5854734764334, 574.0521367732775]
car [1598.1760998642935, 530.197815816393, 1600.0, 581.3509589002217]
car [652.2280351768342, 506.5504542368744, 691.0989448329759, 526.466356740492]
car [655.2590335256787, 508.6039425420231, 760.2202202066867, 574.9365330381842]
car [997.742933559129, 512.2894522805734, 1065.4290566881812, 536.1914394131339]
car [536.5665285067417, 506.8870758081926, 642.3941780938767, 586.0442412285852]
car [842.7469407096528, 493.4188219529962, 958.1876603251688, 548.7893818142716]
car [1032.4807258116355, 506.4668380419368, 1173.065808987904, 561.6170507011967]
car [1165.9642557058605, 515.1524112619262, 1307.3815082859353, 560.360904611186]
pedestrian [387.78378294851035, 495.66709751348543, 404.73295273150364, 538.712060020266]
car [776.8154697850424, 506.70581031213027, 827.1024689108376, 530.8493661699315]
animal [0.0, 638.9513428288785, 26.451897887682694, 685.6183340096967]
pedestrian [366.7954509224052, 501.13067954116985, 383.78338007147977, 543.5454154084932]
car [606.5428605562743, 504.02536828530623, 638.141412744936, 520.6726146918802]
car [428.37926145285354, 509.32533828103647, 470.9536805482607, 544.2622627696159]
car [757.6930082736112, 509.2104023745551, 810.2067403447893, 532.2029499510726]
car [493.7250615554782, 508.44786694153765, 545.2320675413731, 544.1783081351051]
car [706.4189175135572, 504.2647875610437, 754.5804026997134, 530.400929943761]
