car [941.9616798041445, 499.89275075998285, 1071.7901812419348, 550.0333807974872]
car [204.45937242758424, 517.5417016330877, 296.4367757762987, 550.2280999300043]
car [53.78538244680342, 510.9805576712694, 165.8528930499486, 549.7635107662746]
car [259.11963790903974, 516.0189715192847, 348.57744115037616, 550.8066221578301]
car [1006.3267642609263, 515.9842280611964, 1097.9010796660098, 540.1258037845485]
car [866.9041253910196, 510.3793136164759, 958.0987352132612, 544.342807386778]
car [591.9169876965046, 526.9454359288535, 682.5117875712225, 602.3107371770488]
truck [10.263786313969668, 490.9133621174619, 186.0700561178949, 550.2339592019737]
car [1137.6327451317495, 503.54707152761966, 1266.1448088987804, 541.0283561491517]
bicycle [917.3019198053253, 519.6326860675387, 962.2914986637749, 559.0594056138507]
car [810.4132424526704, 519.9703801696988, 892.5034147886605, 545.6679755803028]
car [605.6963388258903, 525.6739354543041, 669.8979889050838, 575.2979685172525]
car [842.281394309039, 515.6456870646067, 922.8226263398458, 543.0082070684313]
car [228.55465793090895, 513.7518280779074, 339.5130809065285, 551.5464972617998]
car [0.0, 516.0234725498747, 25.15735372861871, 548.264548189473]
car [2.220412957099997, 513.2664290365103, 145.4431135100965, 555.7115332981167]
car [1022.9973051274316, 514.3727625411439, 1115.3942590608099, 540.6153003809442]
car [1301.679637573162, 502.3288796295112, 1412.150750431046, 536.2563813221208]
car [1303.2793830295007, 511.59061389270727, 1398.9545295811504, 537.0904810872788]
