car [1173.6299405928642, 535.3711948318099, 1252.369752543297, 566.5193468748712]
car [984.9568361648359, 537.4677807380333, 1082.8458940693738, 569.1710006907489]
car [477.7213054627393, 519.361744278938, 690.2116808945349, 597.552875566731]
car [265.92040388194664, 507.8288087508694, 570.3529835899315, 620.0982606953357]
car [1254.205733911598, 537.6728921787475, 1321.3467684699092, 563.0775696620788]
car [61.915235254569005, 494.60631480453054, 360.22951800309437, 606.0828279124096]
other_vehicle [337.9306077786158, 489.80326094275284, 551.9317217665609, 596.7954948917302]
car [623.8639554652932, 514.3142633261544, 794.8526063088859, 585.0643154635159]
car [88.55178868440068, 497.18847740707383, 390.6443939556804, 614.7102399283929]
car [900.6498439106568, 534.1654507894508, 1013.4848471459476, 576.1637911893309]
car [1120.1689700383238, 536.8900883505486, 1208.920408002813, 567.3295045057234]
car [781.3068740780966, 530.2584602884033, 904.1413256995883, 576.750347768459]
