car [1217.863543217959, 735.4873076283903, 1443.997205065517, 886.9497207846574]
car [316.3441793519388, 740.4033560167725, 730.1469877081761, 900.0]
car [1412.0735232187449, 733.9950297938126, 1600.0, 900.0]
car [324.9290580148344, 737.9714989790562, 530.4925101545405, 877.7644367418011]
car [1195.8800314390203, 718.5256034830727, 1380.6112449560717, 870.0966949889269]
other_vehicle [1127.3930126523212, 617.3203796538701, 1337.217038870215, 838.7622467213573]
car [1265.415886044214, 744.5765761492111, 1495.510079565836, 900.0]
car [1586.3500453054357, 783.1651814264566, 1600.0, 900.0]
other_vehicle [1299.8562430318038, 481.09887794857246, 1600.0, 900.0]
truck [793.8712909604109, 590.4915578988711, 957.1339192644039, 811.119802139863]
