other_vehicle [1529.829170884095, 543.4632085721531, 1600.0, 639.6414936203794]
car [313.92541836075213, 592.6049920538786, 594.0505624001242, 687.9668946929648]
other_vehicle [1133.417674798169, 539.0156343555898, 1364.5333024029464, 651.6859860490509]
car [845.1675526209295, 585.407383111259, 1014.6969925211548, 668.3540387835541]
car [0.0, 553.5597151129692, 268.5013246941509, 696.0648935488404]
car [1424.4347654895876, 604.6425608826078, 1574.7612639825159, 659.880361548041]
car [1326.9123945638642, 551.5497354666768, 1531.923790330818, 647.6441088351555]
car [623.9408445425031, 572.8276955993226, 872.3400765127792, 670.7574324700794]
car [986.6312532939547, 592.8881859745467, 1160.824427055151, 654.7487740510327]
motorcycle [1523.7671062983397, 602.9686102750069, 1600.0, 639.9325329302612]
