car [161.22429399089762, 490.69176909512834, 451.15388880913275, 675.1218027756405]
car [1338.1950695124176, 533.2928898552625, 1531.8917354314747, 590.8792488225139]
car [512.1428985582975, 499.48359953541114, 565.6241682338327, 542.8691717708748]
car [350.54135582691026, 507.70029915007194, 499.02987872699885, 605.7096284246461]
car [0.0, 532.9405745519396, 268.44562044294344, 900.0]
car [478.06897146492565, 501.9565758907625, 554.1517660822666, 552.903623003493]
car [577.5591957444045, 501.7032406875619, 651.2738854311339, 559.7017367791068]
car [1226.5412420040107, 527.1850557558512, 1374.2373691897383, 575.0414384984695]
car [429.9522828529095, 504.15482921033225, 528.6869851533686, 567.7210006468753]
car [1067.1610627295613, 512.4265839854049, 1154.7457472718668, 550.9811731635136]
other_vehicle [861.000285216293, 487.98112405504367, 919.2698837744365, 527.9848035296054]
car [1135.4725793839673, 514.7899273433317, 1251.5373142625624, 560.7230558126734]
