car [571.5315215152531, 523.2363382782419, 837.8180896278353, 624.1240067729407]
car [251.20485800486784, 511.59361920933907, 422.2788568429809, 581.0203964087966]
car [0.0, 511.5701381617659, 2.38204735058765, 563.3858690613623]
car [1376.829996741689, 552.2341510832773, 1600.0, 637.8070323376035]
car [0.0, 517.0959652052817, 10.77582984921403, 557.6730471093027]
car [703.2443849855, 527.8789508942842, 935.9189202203285, 613.7661921996388]
pedestrian [52.66076719084483, 519.243396318413, 70.40171208562785, 549.8203349642552]
car [652.30315558716, 534.4862105424122, 734.1881204712191, 574.6248208740152]
car [891.0318505991453, 529.0490826438214, 1600.0, 833.2674244340627]
car [154.619377658055, 525.6918423589342, 278.23534231776, 567.8186148639453]
