car [1107.0618127372613, 602.7583476313135, 1311.400442505122, 673.1424046696126]
car [0.0, 598.943537127558, 329.77574584749317, 707.1991793041924]
car [0.0, 503.09260524370745, 746.8679987623867, 821.6061097684932]
car [557.0412041301506, 596.0469907907843, 859.011729396242, 699.7672546442146]
car [1273.5950515199058, 596.240300510165, 1352.3414032271216, 635.4192535368625]
truck [957.5735287953665, 515.113300315819, 1452.8382372740803, 728.4749567417442]
car [1471.410427317879, 602.7199981005997, 1600.0, 652.2154814186737]
car [1235.5326265854249, 601.0423313999573, 1308.236472178078, 641.1235715827335]
truck [1516.0454564642914, 269.6555898719359, 1600.0, 852.6529419576483]
car [896.3409722037549, 601.7438574936059, 1000.5656547175316, 639.2973081274525]
