car [485.85956704619497, 569.9355720082004, 576.0966957627406, 612.6936274655519]
car [681.2756103287142, 568.5412450197048, 732.4940510351419, 594.8370507485489]
car [664.1353108433503, 554.2050038584301, 718.6326124174826, 587.790715630466]
car [1136.2220624217578, 547.6626555974801, 1275.26505926689, 600.1882671216616]
pedestrian [1515.084614736904, 497.4929671712372, 1578.8383241369563, 667.0054011552147]
car [240.4384719966697, 572.6467311763546, 365.20811375958823, 643.0612583243413]
car [398.09833938030295, 580.2525715387369, 488.32214624801105, 617.8204416531676]
truck [0.0, 557.112581062603, 141.7772838563675, 640.6958922730822]
car [759.4754874246574, 554.2776035490481, 792.3940457396507, 577.0248116281921]
car [715.0912417265107, 558.6814221272646, 759.0266628763592, 587.2157171906641]
car [550.5424862615916, 569.5480046701033, 620.0433415586832, 604.1766274058301]
car [0.0, 558.4469519784592, 564.6858226322529, 900.0]
car [1274.6579339244872, 533.3734865574693, 1473.9267714076177, 611.5531409310217]
car [1324.209811500497, 523.8514387032903, 1523.4842014285673, 596.183342572055]
car [1393.6422998139078, 512.7847602024193, 1600.0, 617.3367869369031]
car [737.7044294182676, 559.8056111593104, 773.1294806895048, 581.2958917152986]
car [573.7414256281429, 569.7804490957428, 647.6829190779742, 609.448549765949]
car [780.8942329373465, 541.7440230756616, 1062.3125834984198, 814.1737476473833]
car [873.537920343214, 557.4581899090807, 982.9922122663157, 603.4304314758853]
pedestrian [1406.9554341244786, 509.69395431409396, 1522.0628396429393, 658.3803791519179]
car [624.1731249763967, 555.5706965917235, 697.0171055665264, 600.7103817858606]
car [901.5352310374954, 556.8875924507246, 937.5481000272115, 586.5804940920465]
car [0.0, 580.2971246693164, 366.2274537957473, 829.250673695885]
