car [767.1103117975189, 529.7056431690039, 840.2264768608253, 552.7423475738968]
car [374.319883856539, 535.6977742472918, 498.92501186382003, 618.9838541800514]
car [1394.0959786811286, 528.227079293399, 1528.1408433968268, 559.7538010863274]
car [926.3189999909355, 527.8933611165501, 1004.5553977962089, 553.8479378424407]
car [402.50230254381887, 528.1910210615497, 447.1281538410749, 551.9586813316055]
car [475.92656413360027, 528.3345340840666, 543.7390883362765, 583.5477917854325]
car [341.0184605539756, 521.695055282776, 411.3881418754094, 566.9325543154754]
car [0.0, 537.8261671304174, 382.41419495353074, 763.2068955835721]
car [551.4764745956383, 524.4989372157037, 658.5541850374116, 630.4255198181867]
car [309.6963233179036, 532.6507181627929, 361.12936444362856, 552.9489229570448]
car [1126.0060745793476, 531.4888846362842, 1221.3086147067309, 556.824966639241]
car [362.7638476761186, 526.7539208960534, 445.5384451819286, 579.2820741335518]
car [1260.7980750708875, 527.8981323938601, 1370.4689045185073, 557.8445852376376]
car [476.1333900542867, 537.3622405215007, 707.8169106244708, 726.4923524786138]
car [528.7595460730316, 531.2520511163739, 569.1965613618357, 563.8117693084951]
car [881.1140912458541, 530.3288978004416, 952.0797549918599, 552.4687583298177]
car [0.0, 530.1354801278989, 216.01783249707344, 670.1260856933678]
car [213.9235098047609, 524.0763993227788, 368.3917452425815, 611.4774921302143]
bicycle [663.6767834459846, 529.7390264946156, 680.0698509355199, 548.33231728315]
car [474.8934186899343, 535.2045157886259, 512.469511907791, 564.3666797004244]
car [829.0008139022015, 531.5255020882937, 901.4660223301354, 552.9707634027613]
