car [1033.7107069303495, 531.8660634108383, 1132.4796408222019, 568.5129511398466]
truck [617.1425532630209, 484.6807526351196, 822.8834027642483, 578.7182275671521]
bicycle [1230.5503217844514, 534.3835365039484, 1265.2022318684196, 563.5978700537631]
car [1354.5913258597623, 525.5626802456408, 1447.6153816729734, 565.9951665100192]
car [5.24318852418931, 505.8044516358104, 104.6105486503521, 574.2266224670087]
car [824.705604677601, 530.9043976524583, 923.1366299443569, 573.1191727864922]
car [81.99721606419355, 518.2276439434698, 182.46461415032417, 557.4288989380312]
car [931.3751589842481, 533.0919265736628, 1035.6414495090346, 571.2866801758017]
car [1109.9505847289172, 530.1609686885934, 1203.341615823881, 566.1653357600311]
car [0.0, 513.7815774371691, 65.36833674684775, 543.6454121853392]
