car [285.36259644733906, 527.5783270310802, 422.94759431036414, 603.4540346236143]
car [1053.9252727533626, 438.7516344074162, 1600.0, 744.102834203446]
car [563.1672716616872, 514.6844497116145, 601.4991176725007, 547.896931236729]
car [80.43131087738215, 537.5305268835028, 176.7607578248513, 570.7493787112634]
car [151.14314604692666, 529.1358886266652, 227.78699740511513, 564.6092076875627]
car [538.8480699668124, 526.8861967776066, 594.4395795719572, 564.6160527403541]
car [6.873382029493755, 533.9730337802723, 76.94062958632222, 564.3490630063305]
car [707.8788865266846, 525.329337286743, 777.6730023792, 572.3718070564967]
pedestrian [778.1295246463907, 506.16080740188545, 806.9092527117938, 553.5531430492043]
car [722.7811907022273, 515.2388844704515, 832.9416675645075, 593.4094719888554]
car [564.6146040851611, 520.1014274892392, 597.6119432150704, 549.8726403895955]
car [688.6286882104591, 517.7320322007921, 749.4245336886847, 562.9720939366371]
