car [612.831597625795, 543.578674797367, 644.9589382893222, 573.9069116357648]
car [444.7036221695424, 543.6184490055599, 473.04400800648165, 563.2269962205306]
car [0.0, 558.209852591175, 81.19186213544388, 598.751604165676]
car [467.4922598186735, 545.9697690510385, 490.39110866312325, 561.1802576783849]
car [692.5910135884037, 538.529897989129, 775.3220064231365, 600.2468411265987]
car [393.8267965519469, 543.836770904142, 435.16142604387824, 569.1494068147864]
car [653.3496186416659, 540.1320785204664, 676.2940031162395, 561.0366457882168]
car [43.10243965650248, 550.6288440485779, 196.87617735566855, 611.4387681451609]
pedestrian [36.75720279000091, 546.9579429688106, 61.228369809306386, 594.0305410431168]
car [268.36646558579673, 545.14336673583, 328.61739923813724, 578.6573156372668]
car [678.9469568079352, 545.4082293118454, 751.7039785490686, 588.5696609425868]
car [718.8754765710801, 546.012140931457, 805.6424429904553, 616.7014616410372]
car [515.6745393386728, 544.3878007098448, 545.9557662636481, 565.4825346283418]
car [348.5975696151561, 547.2463164740121, 401.5643084008917, 574.8664277144873]
car [325.52216536700917, 542.3182520630156, 374.8565290299678, 568.109508823158]
car [153.27285811739907, 547.9884511615613, 231.77266973652542, 579.5921343919156]
car [422.49740705370215, 545.2412931054528, 456.64504972228497, 566.2032066596939]
car [469.57329598105207, 546.4409980745899, 544.8329926457953, 599.297129376211]
car [225.61813288314025, 549.1880376132591, 288.68494307335556, 577.9654861917893]
car [88.66484558007335, 548.0634302802625, 197.3018690292139, 597.4334194890837]
