car [1407.162085416559, 562.5283879832004, 1480.1774649074623, 589.0956305914244]
car [989.3899449284924, 557.760794921409, 1159.3983289994958, 620.0156986931581]
car [1480.8579648272994, 563.3609565480378, 1564.0930943321566, 596.8352511550539]
bus [758.7924924333657, 504.03606932866103, 1004.7614607024975, 609.381083124117]
car [441.4982297527365, 547.3193986693655, 631.7187107351122, 619.1714833645733]
car [977.2715832454634, 565.4943616286859, 1075.1578197479537, 601.7980843608279]
car [1247.8183369468557, 553.3594477136884, 1505.3668822273282, 658.1309665882347]
car [221.95316096433925, 564.1663462150306, 416.72345682943154, 625.8465950655626]
car [627.4994561963944, 546.9833607932427, 775.3970962693021, 613.4522404436249]
car [1081.5656177495362, 562.6802761628394, 1212.9971689613742, 613.1200946805516]
car [0.0, 545.7824985020169, 176.8231950234163, 632.9368323199416]
other_vehicle [1117.2459517681896, 525.1674719370689, 1268.1019703245925, 598.7108021192633]
