other_vehicle [1235.2703925663131, 637.1942874460194, 1488.1827193070226, 886.3754052531622]
other_vehicle [1123.97684993411, 675.5933635088746, 1250.654168376263, 804.2666639667351]
car [485.91201121093997, 735.021215328962, 829.5776377742467, 900.0]
car [898.3077642111507, 744.7442388898199, 990.0099871471743, 819.6487020415881]
car [1474.3938263934665, 766.3847232531035, 1600.0, 900.0]
car [1199.872994865257, 741.0083600920705, 1346.5565502731579, 857.9198808577808]
car [1165.5749992613603, 722.8578232187915, 1326.0007341295552, 849.7664237482444]
car [810.0234220899879, 738.6995600220364, 939.5081713603602, 837.7610446263202]
car [19.71550958927695, 740.6677557655132, 390.0544531015473, 900.0]
car [1023.9492098183255, 734.3419902845462, 1107.8037714252077, 802.9490096420168]
