car [1407.7298758463335, 542.8888803093446, 1526.952339318228, 572.9224827999509]
car [570.5130314029996, 538.9966268169266, 766.4119191548939, 709.0472041586024]
car [1113.1490917187784, 543.9743926587089, 1216.5857027824184, 573.7848520737545]
car [92.71062787316816, 528.3298234276224, 250.83767848175108, 585.8648159129509]
car [1480.0397024720683, 537.1918307883379, 1600.0, 572.3092865481096]
car [1245.8336127767325, 522.9459376028396, 1422.7815376566757, 579.2587728452087]
car [0.0, 528.4600073860902, 163.01039491054718, 603.5662884562076]
pedestrian [896.4022770320622, 534.3704436263546, 913.2534437754132, 569.0283621382597]
car [1045.6310594722647, 531.5691709860955, 1193.6756758427553, 574.2400177619397]
car [49.821062205097604, 536.8491442242126, 246.88608097703258, 592.9807900221209]
car [106.0971648653772, 535.8955936210142, 253.21122743124158, 575.7124826456698]
car [990.9284742600659, 527.20919350252, 1126.0258633588887, 571.3268718116769]
pedestrian [402.7297544492681, 532.7322719359088, 422.65596493411874, 565.9523105808647]
pedestrian [903.4186920313175, 533.5250059292907, 920.8861282188599, 567.6585428500372]
car [459.29401199858916, 536.1278124474842, 516.9096898517598, 570.687272385224]
car [948.0244414352956, 540.5774109535807, 1054.1959837181555, 571.4700463544428]
pedestrian [442.1973099194854, 535.5756853641877, 460.0432266595919, 566.1873094804483]
car [1276.3376137421585, 534.4748698807276, 1430.2699190084068, 572.7578066577718]
