car [900.3010269392803, 557.6271419043162, 1036.4363119630607, 605.6629847527813]
car [1507.5349847275052, 562.4711521569627, 1573.7419062852402, 592.2686030551113]
car [1185.8029995115753, 558.7429282897602, 1265.4830315342708, 590.0029834637925]
car [848.3592801961069, 555.8436808922352, 964.159693986323, 597.7687406044853]
car [1019.4651106053359, 556.0509005957068, 1112.5046270699816, 592.7766993281709]
car [0.0, 481.42629236461573, 175.09814268587948, 900.0]
car [1315.5384151760722, 555.1630072304246, 1424.8191387296567, 599.150459247119]
car [1241.852774222769, 562.9155280866446, 1313.6874505800897, 589.0990272094162]
car [1008.1773552334373, 556.1712525630346, 1120.2961723088636, 597.5347761320002]
car [1409.5947518170801, 557.1377577217174, 1583.8422720549313, 634.4361762675594]
car [174.98933868609663, 483.82815987552283, 822.1943727541563, 802.7831773740746]
