car [378.8710836456743, 508.58258259023296, 506.5960713507769, 596.9640583950317]
car [487.9905191816219, 498.7238521317857, 551.8667201685389, 555.6346146891962]
car [0.0, 507.9261227340419, 373.46669154563205, 877.0404767444973]
car [841.3063660967769, 511.7215182154189, 880.3210478753845, 533.8872662745382]
car [908.3188734706674, 516.9885798997171, 972.4217469533382, 544.5404441985772]
car [852.0501447998092, 513.1773353133772, 925.3580360778074, 550.7071649251252]
car [697.9900637024189, 481.7088494115684, 821.0719166170708, 578.1250882572084]
bus [930.3757471014158, 487.8701241318214, 1048.5486598641655, 552.3835632654802]
car [567.0018524197355, 502.0430365951986, 652.1903011598921, 573.5923319523239]
other_vehicle [1105.188192238684, 486.46630461520044, 1310.754167253994, 574.4651749360416]
car [506.0388750182907, 498.9086647131591, 559.6809043501894, 546.1743320002522]
car [527.9102294806006, 506.5823003112399, 564.8426281384255, 538.314442885273]
car [664.7778817586675, 508.0686363748316, 721.3079957188462, 547.4341475841613]
car [775.1301271583358, 509.1905243701619, 812.1168943934811, 530.7931243208469]
car [276.52003512633644, 511.57449793963707, 480.9644073680758, 644.7989332275623]
car [872.0550306206744, 500.60036733994184, 937.6152050324387, 542.1140092287469]
car [452.3778725225024, 504.9966792358025, 541.8100704924537, 569.808314878476]
