car [0.0, 549.5449142449702, 39.24078392353481, 815.2144987360755]
car [1506.9319692451486, 556.6966101835607, 1583.3170963419993, 588.868655978961]
car [132.93554827110515, 544.6411377963963, 193.592946102941, 575.7809210970106]
other_vehicle [1285.3333569390913, 532.1669824803395, 1418.5807063508187, 591.8991352460621]
car [257.9855042874593, 550.1714950142606, 352.3594988714097, 590.4944502947384]
car [0.0, 540.2772614680068, 434.30427965834247, 734.8632392468766]
car [1471.151084068717, 566.180131887156, 1541.029889120362, 589.2570925868015]
car [1264.2212454035564, 558.04872463535, 1403.7053962991877, 608.055967936499]
car [1139.4039379267492, 538.2280837736052, 1249.609399021507, 593.4546444091606]
car [1162.6594643895528, 557.0915863985479, 1288.9098518412045, 603.3519961518934]
car [395.1862423529949, 521.2111447262242, 552.7559379625112, 594.8459317363357]
car [1432.4830885361046, 565.3951761801525, 1497.2026774332453, 590.171679906475]
car [1352.4586182201906, 561.6243701014268, 1447.7562162669649, 596.049166970606]
car [1074.2975121221339, 559.4746784606375, 1190.3225220975048, 598.2308669708857]
car [0.0, 564.830469162665, 747.1470296116429, 900.0]
