pedestrian [1331.076728967539, 497.2862224475634, 1362.4620453936864, 540.7757254918658]
car [761.9895420234132, 527.1797966252781, 801.04269568772, 552.0449226746047]
car [31.15397554076473, 542.0045332727336, 308.844596336082, 663.4279618173256]
car [1116.92468643647, 511.8476885136134, 1590.9601908260352, 660.6968476856244]
car [1178.9568522979457, 521.4708367769383, 1379.6113947876754, 590.2791544866656]
truck [650.1021815722065, 515.4176204790299, 681.9079695139312, 548.8894281832476]
car [670.8292961701505, 525.401900227266, 717.173621067788, 564.2476213809764]
car [842.9646018963358, 527.3738157651154, 905.3873738177497, 556.8490591868093]
car [689.0412987056338, 535.89317451939, 737.7750197529582, 576.1217340045982]
car [368.15666056070063, 540.8223743169103, 523.3222789533769, 642.6941013147542]
car [201.8665586669736, 533.9116520661186, 270.7863041766814, 564.9486021620694]
car [316.1091011493136, 537.1444642503657, 352.44924987966874, 557.5168063595921]
car [1127.2108620324288, 493.58938552990304, 1225.463840587936, 522.9554842715936]
car [437.7641873936675, 535.4534000402691, 504.605616446443, 575.5863210615254]
car [1444.4376423314975, 522.617604449151, 1600.0, 577.0795709261313]
car [602.9905584898199, 535.6428920865403, 648.4379348263734, 572.4453534238467]
car [312.12066105537946, 538.8212518134048, 433.4907972514449, 603.0268352576652]
car [482.7694431976678, 531.5096621626819, 528.9604727223882, 565.9768640453273]
pedestrian [1240.0994123572807, 513.4225446507036, 1263.978964002769, 552.754232390931]
car [493.49849925228904, 537.5667229420835, 561.7343831672631, 587.2086590630418]
car [791.6621917252494, 528.9792095540388, 834.1132404472677, 552.0087346630661]
car [655.5421281126554, 529.616155479973, 721.0667439555544, 558.0223570343447]
car [633.2115567741968, 534.3529758309467, 665.6929737969069, 561.1375465966391]
car [0.0, 535.3610665013016, 86.18614811574474, 583.3445437358514]
car [562.3085061872779, 528.7038862227163, 595.2115210750441, 558.1680192784476]
truck [514.1269431566111, 516.9434455397467, 545.7527822477906, 547.4742507508531]
car [1007.9791770784071, 526.6239367248509, 1113.3131145210943, 573.0074882767445]
car [858.1223294367989, 519.1290102662607, 917.0858556119799, 550.570424131876]
car [544.8043517835184, 535.8944050551319, 589.4879905660196, 569.521361037635]
car [254.79375065392247, 534.8536365333845, 307.55892850420344, 562.1942784932295]
car [726.827517623547, 522.7669844351535, 759.4232296902652, 551.6758381565617]
