bicycle [215.18359256894811, 495.0332022146159, 379.14306548188085, 633.5944831691014]
bicycle [283.435356610895, 546.5344296422758, 500.582862158099, 721.0675067551198]
bicycle [272.1411456624067, 493.3186332372039, 429.765991232898, 623.2983394870378]
bicycle [147.7140989100952, 496.87719560047856, 317.4844413238259, 644.5919539733923]
bicycle [0.0, 504.7830538267, 144.60638368418228, 648.9217491360818]
car [933.8815907228228, 465.57023616052425, 1128.4481301744888, 549.2618947094977]
bicycle [388.4974078353999, 545.0708998069094, 580.4278821917478, 692.3468173472507]
car [1004.1648119221542, 481.5839556315153, 1261.0701603711686, 584.4933931996494]
bicycle [0.0, 506.50135278184763, 98.78061302962706, 652.9955213154618]
car [758.8911859628691, 468.5459420839995, 971.60879880494, 561.1135534602887]
bicycle [0.0, 568.2813286272101, 4.362290371460577, 655.1346383394038]
bicycle [101.67287099432326, 498.00396654085597, 274.273399403319, 651.2005603652773]
bicycle [319.1110208000158, 541.1485646840081, 529.2034634020004, 709.13861408712]
bicycle [252.45088411520464, 494.01094434230265, 413.0143117685389, 627.5707095423741]
bicycle [296.79625081300566, 492.54396844003696, 451.3555973456167, 618.6558589404642]
bicycle [0.0, 507.9671956403553, 55.322058359181696, 656.2024244372782]
pedestrian [1023.7863891990864, 457.0748147553347, 1084.9655804412885, 569.0353576914409]
car [1153.1386807555589, 470.63355166016686, 1373.6010633998326, 565.1148914811212]
car [1147.2254427086605, 471.83625316393426, 1281.871118622382, 519.5336148008441]
bicycle [183.4465471879149, 495.9400121574309, 350.46599188283335, 639.0393142861345]
bicycle [62.63503759155244, 499.18459820183966, 239.0691168254529, 658.587961487054]
bicycle [361.877202463082, 544.2822185877569, 555.9247343823139, 704.4324940795208]
