pedestrian [456.74686216135393, 518.8641213703138, 471.302853339559, 548.0498327531333]
bicycle [737.5985043269983, 513.833365440046, 774.760541057579, 574.5475506643063]
car [637.7690239411086, 522.5064052031775, 661.7079825674322, 543.7295173333606]
car [613.1283145988093, 522.1589152867973, 632.2979681410018, 540.4559411944019]
car [400.9844356384717, 526.3924566295763, 483.35327213539273, 578.8232432102375]
car [547.553280725052, 520.791848233798, 577.1733287389267, 544.0789111719049]
car [281.51156687053975, 525.6855273921366, 335.2810051749459, 553.6832187959244]
car [317.24872704705825, 530.8129347490934, 371.6759179645562, 558.5501011059524]
car [579.9343065381919, 520.041921556073, 613.1712863896751, 550.4864743561274]
car [495.94206091420887, 529.849693830627, 542.6011978184247, 556.4792325811183]
car [529.183085290628, 518.1671661136147, 591.6060215498289, 573.0728795788373]
