car [1038.1880819972205, 506.8622156122795, 1119.685420676216, 543.8589394685165]
car [1184.4852478894047, 515.4041038212356, 1302.9903440041962, 560.1779393775203]
other_vehicle [1266.1800167030042, 458.90748298058963, 1600.0, 585.3624906126363]
car [534.1510548335916, 501.0809214417438, 571.6820650190432, 532.7108054063236]
car [1099.7738808853321, 513.3803419424611, 1191.930710191501, 550.1021042477302]
car [477.85793715706984, 503.3606044473267, 548.2359688424302, 552.8568589905533]
car [670.2469423693071, 502.37711023008814, 720.4790823444682, 536.5647043655212]
car [945.7274342045524, 509.70449559782037, 994.3325504117122, 533.3492388420125]
car [567.1845303597217, 488.34232689800234, 653.1646449567763, 568.5177260327116]
car [543.0827710687781, 497.89441851412664, 577.9380445814479, 527.9419628220902]
other_vehicle [905.4874975706296, 496.32178016421665, 964.3212294956712, 527.7271017716148]
car [850.7037244181165, 505.5217888766277, 889.0714133693552, 524.4411140571626]
car [983.4917509154014, 504.1101517409334, 1054.0937660682564, 538.4716644467253]
car [645.0580335163705, 493.9737805297811, 673.233804563886, 520.5871741409102]
