car [1130.8729270895797, 510.1677403944837, 1243.2299328582492, 551.414211912348]
other_vehicle [859.9355082205635, 481.81095078757835, 920.9821278910578, 521.0753364354503]
car [1046.0875022116034, 508.2344211401956, 1130.967217292939, 541.9045246068911]
car [947.2025302565862, 505.6397984622606, 995.5408287803949, 530.3107682333801]
car [1247.215147789348, 515.2612834122131, 1387.8997710438894, 565.3749814431712]
car [986.8830803925221, 489.95912181695235, 1063.1943620178213, 534.7798775282401]
car [217.98693008496505, 472.52610672910913, 451.6511343627616, 622.3531066670948]
car [366.8238782323201, 497.8415437465657, 497.01448753682826, 578.0475105301258]
other_vehicle [898.0072452875943, 485.0307231083567, 958.5164983424007, 525.1771523144395]
car [438.8878554152243, 445.5190401221947, 722.673927839575, 699.4768732711399]
car [0.0, 457.1111919944019, 312.8656580953537, 770.3724014578362]
