car [119.53501693419042, 496.1071931097063, 228.67669191225232, 535.2419671651787]
car [0.0, 491.86354395679757, 63.08092682234038, 542.9861585491849]
car [769.588652762042, 486.6188362519468, 982.9817068377719, 636.2972532184908]
car [658.0070894914319, 496.09088668650696, 698.9347607400576, 528.4610774669784]
car [701.8822306606313, 499.5692956103849, 732.3901677134887, 522.7674809339914]
car [647.5080915669381, 497.06783921894163, 673.0123981606572, 519.7415373933201]
car [839.7548992721374, 501.6555467902163, 954.2412707779949, 565.4435010013176]
car [1.640044031234317, 491.09490460310633, 114.98702207286323, 529.9922419529058]
car [587.525829575883, 492.47900611471454, 650.9363605417067, 551.4650743317218]
car [730.1334326994697, 491.52211282246486, 780.5637845358997, 529.8623416722995]
