car [805.197171471351, 485.6292834961748, 844.7694106737905, 509.7136889103939]
car [865.2150533129707, 483.72862296289736, 945.6101026050993, 523.2657257624577]
car [814.2140754512027, 482.96161834318076, 874.3908214564145, 516.0537445854114]
car [774.8951712322036, 483.5587221735276, 819.0735338200826, 510.4183387889081]
car [561.3627423065813, 477.63822937922396, 670.7689088401685, 575.0041953969927]
car [251.89442756151067, 491.3615113853118, 351.33987125170006, 523.606261499243]
car [1063.6512442774851, 489.3085079855204, 1228.8937676227442, 551.2698338402435]
car [747.2266543491717, 488.75432848510115, 782.9922581292033, 506.4177260956495]
car [1218.952547885944, 478.653941024813, 1562.4430845496595, 583.8125075220393]
car [1030.0076343167225, 485.9061321354169, 1152.7953539023665, 536.6962877525998]
car [940.611516483322, 488.2904614283175, 1024.2472984256258, 526.7083950698161]
car [939.3867984070032, 489.09992735178855, 1056.9755614719295, 535.3332314340861]
car [664.4974353006135, 484.45404404851917, 702.993153632623, 510.73922753641875]
car [725.4938335568045, 487.3954068342125, 755.4984566750729, 504.12387598855975]
car [1566.271259795083, 470.4674099038513, 1600.0, 598.8087171446092]
