car [377.2121381625443, 495.54400643478374, 443.2743678164442, 518.8995315294213]
car [1203.1208090294438, 505.25327577336657, 1334.2398016173856, 553.0144884687988]
car [1304.9261770061107, 511.9215407684899, 1498.1521681655508, 566.6656321418311]
car [772.2240988371677, 500.91575056088584, 814.8977396603973, 523.3765412422873]
car [461.03796129067473, 501.9062224472719, 525.2090492402288, 521.8041857814712]
car [664.4292810993546, 495.5938973865811, 688.7428686097015, 516.5381556170306]
car [1121.1487452508989, 512.8181695567647, 1226.536795499365, 547.1469017009886]
car [1041.3975883111605, 475.0114494624507, 1140.7286328651821, 538.8149191463747]
car [250.72737734760958, 497.92108640736234, 376.9535593127443, 537.1348266366331]
car [890.9405831008104, 502.04242617242716, 984.0568582917657, 543.1198763547951]
car [1001.0085992545879, 506.79882580105294, 1112.8102994050535, 545.9970634782974]
car [954.4304962864715, 492.2061581235157, 1087.09758324196, 556.1734567828975]
car [172.26325232844326, 511.0241131890535, 448.4123069102885, 664.7144734867156]
car [802.5653568730007, 499.8327806940412, 852.4163607910658, 527.9842556617942]
car [546.7793077245537, 503.9136461583922, 652.2543949027399, 597.2099437390968]
car [737.4409314751175, 499.85148500213614, 807.8089108950455, 543.949454335161]
car [847.5600639968123, 495.7727420525915, 917.7023621012557, 536.0204014337565]
