car [717.5460544031095, 507.29820423646174, 755.5587555193538, 536.1648715895861]
car [803.9674736949617, 506.2215376151628, 853.2997560870785, 522.3958116823368]
car [744.7773379278607, 511.21336142324213, 787.3558908513565, 537.9166267587901]
car [821.9630190708629, 501.7573882782364, 882.1627219757883, 521.7531727181546]
car [682.4851246093418, 506.1397663487083, 723.862725730423, 541.3659243765925]
car [667.4434819685988, 503.8108588358255, 702.1194279964111, 533.3491737635409]
bicycle [555.3608798033795, 503.12937809252287, 571.7709400966451, 532.26702668282]
car [537.3776942791666, 484.04624515764766, 689.7082248098479, 622.8782223240693]
car [796.6074729243596, 518.3202612090626, 883.570638650962, 568.7512316522125]
car [819.165221373929, 504.92748776712864, 871.3588342646196, 521.7410351197155]
car [401.8458190703771, 498.78707143973367, 474.63148945448825, 524.1700461671479]
