car [633.9183943557512, 508.0219776082277, 675.7912329504996, 535.2840092581755]
car [513.7732628213583, 507.5550670368947, 560.3476536772781, 534.022146327024]
car [625.3277085868735, 503.82243237746474, 650.8566264476474, 522.1580097571743]
car [813.1734403961937, 491.51620708695225, 866.1147716693845, 539.5796133107959]
car [627.7108214661647, 494.1992762809013, 792.431647536556, 562.7619901397136]
car [485.06760295779645, 508.4963762448571, 538.4421039306311, 537.9144866417731]
car [583.3758100894123, 504.86461480022837, 626.548253446242, 526.4783260091782]
car [185.93712397773297, 518.1655598642492, 335.2819932407615, 572.188802279774]
car [390.2351223332865, 514.7965278777991, 527.2721275842397, 579.2295463104665]
car [434.49930439152683, 510.1076936620293, 499.107297844661, 543.5783538640832]
