car [939.7369085609561, 509.8615683871172, 1164.0905757573055, 611.5321575859718]
car [590.3718131414581, 502.7214815084737, 674.8474927791336, 575.9260527091802]
other_vehicle [1529.5210598070692, 480.59744728511026, 1600.0, 606.3585266665227]
car [526.2046257613929, 499.1934931457625, 575.6648105187753, 540.3677121959128]
car [342.59860957916777, 501.6882724051033, 504.80865215565507, 613.8488509865675]
car [482.52725655165693, 500.35933956570676, 559.6931838461103, 558.7330360741101]
car [424.2845563759523, 498.994640858243, 532.9390123541052, 581.0606516706027]
car [646.6266449195442, 503.17438268199726, 677.4516993534953, 528.1443461910724]
car [0.0, 468.85300700258375, 286.0681561615354, 900.0]
car [1046.9598008919459, 520.8969008289682, 1134.947669809761, 556.1897133645854]
bus [960.6766745198038, 486.9982205299377, 1086.5823009043559, 547.2532423793895]
car [141.25874610471823, 515.1213258092754, 430.4783668102107, 699.4074928023331]
car [508.2206367123024, 498.4473618062873, 569.1011841423235, 547.3449988716549]
truck [666.5037518005806, 454.62036718841165, 757.2122891453407, 543.3649844209668]
