car [1542.2433901511931, 574.5137700191733, 1600.0, 663.4613117524053]
car [0.0, 507.5134093972774, 52.9526726164242, 552.0364616161236]
car [365.9521209322953, 518.3377401658681, 545.661016573051, 591.1434877748065]
car [674.0430628918007, 537.6018070762859, 936.6176705335414, 628.5988760937432]
car [613.2868875233706, 533.931326440059, 790.9680754218876, 608.0697380767308]
car [797.2467751996921, 552.9811192380831, 976.1881938734348, 617.7668487449679]
car [419.9129455402231, 536.5728281706513, 556.6584434034957, 586.3197207368181]
car [103.76319818876821, 505.42614973223334, 274.1439987531016, 570.8168461997748]
other_vehicle [176.52027895586636, 487.2410792362373, 325.21344710909557, 574.458297321634]
car [301.16713938005466, 511.5936479329121, 441.1690675340681, 576.9697859705723]
car [285.1727788992833, 504.70588581580364, 506.8372245570335, 598.3147756408142]
bus [23.699850121037198, 490.3605915805208, 205.40752262202247, 562.0510203398892]
car [1068.712360939817, 555.9712174993708, 1340.577336556181, 647.6165107313693]
