car [14.77919196841141, 506.8764934196318, 133.78738858164002, 550.1854709692759]
car [70.75531814557208, 513.2946439207894, 315.12921466610095, 602.7975137016242]
car [1057.0545830375097, 554.165178744592, 1123.1116010058836, 603.1118763355475]
car [1050.125929919812, 565.7258939269959, 1075.5712947564068, 582.0309193412219]
car [1023.1720617185599, 558.4029631089305, 1059.806879349449, 588.1430188966457]
car [0.0, 495.25764839678976, 23.772763205703278, 574.4758765807559]
car [680.5548880921749, 519.1004834401745, 981.466639818548, 628.9847359512555]
car [467.17807296053235, 524.6593525969039, 1057.2339185189317, 777.8158023510822]
car [970.1298596305336, 560.6824338349803, 1038.5699458407676, 616.2543986558677]
car [1090.136337027599, 566.1717635500199, 1136.1551780410416, 599.0798523369876]
