other_vehicle [286.72362549286987, 518.9487537125476, 366.5550667993931, 568.48420881253]
car [618.1482571968909, 531.6806481953424, 654.5208184437929, 565.3108369333606]
car [77.83449812999682, 549.0914884700223, 210.12668094980467, 602.2184489412695]
car [83.17031201929954, 546.2708047324635, 190.48345590379293, 590.6783171327821]
car [678.0281550397119, 529.7478578058425, 726.9666382084825, 567.6905222147295]
car [0.0, 548.184920274651, 1.544576335010671, 594.6970327979056]
car [403.54584485169704, 536.8284690336035, 441.3782917763923, 561.6321556050467]
car [338.01078171255836, 535.2618011433294, 403.91891384436974, 572.9290701581756]
car [278.9415654903178, 543.6364022014617, 345.9389946090881, 577.1868105668877]
bus [195.59570735256506, 518.9034978188326, 354.297170893016, 574.2751060315451]
car [532.0202519465448, 538.1891940791014, 576.8968903781846, 569.992305501282]
