pedestrian [385.4776605833714, 480.5946463629279, 505.7240098457443, 683.2528325896146]
car [0.0, 526.5187995442197, 106.00263150313961, 595.5255783713544]
car [855.7057838752938, 489.6213512587032, 921.4505841639758, 520.965274811341]
car [398.0914408785679, 499.9747590381053, 563.817723723594, 562.9071552198695]
car [1115.7204894778677, 477.9054408670921, 1171.5277556084927, 510.23981328826784]
car [200.00279424849614, 514.1439415704197, 383.30782506990914, 574.8362133709804]
car [553.143831529187, 498.8629349992852, 687.1620657458983, 549.0998528391505]
car [883.8508139254852, 481.26387943234664, 1004.236713544257, 548.480991781632]
car [1179.3687260469503, 480.41604168837245, 1213.6628606564993, 496.83574954410176]
car [660.0459708486208, 485.13410134490704, 800.5788642264553, 543.0107960948418]
car [509.2227125722578, 503.0566633943301, 655.0086745316185, 560.5977283579155]
car [217.55661661998056, 509.71334511331855, 422.09994015810224, 593.2149721425492]
car [996.9912793584133, 486.8914568020186, 1041.968088502408, 508.9901685941093]
car [1031.3565359386264, 486.44284403887684, 1071.7897311563454, 504.68650016493405]
car [777.7212694453308, 492.01162148935276, 855.5069717073948, 527.5645543231876]
car [945.87032755544, 484.4298965990591, 1001.0532069357112, 513.393065634276]
pedestrian [498.6976607271047, 497.00567321944607, 598.9413847783541, 660.976665454193]
truck [736.9740765078526, 463.6122747123992, 857.4142504723142, 531.9370629728255]
pedestrian [1378.2887871983144, 465.27868591500453, 1408.797758944865, 515.0274572471188]
car [0.0, 480.73873955734325, 376.09587436487107, 666.4217388294066]
