pedestrian [310.5592407111646, 489.7502050299451, 350.5650080942094, 561.7387877715245]
car [717.2300882885379, 499.88667170014065, 797.2008147520698, 539.8003597996809]
car [558.5323504254079, 500.8166084200133, 636.72998079836, 564.127770191402]
car [0.0, 476.60557487433147, 235.91147363353676, 552.5343332757253]
pedestrian [465.81587248736065, 497.9434357339361, 476.2072802634418, 523.1835887676564]
car [1406.1868603530781, 522.1738481765557, 1528.0774892002307, 554.5767267490812]
car [489.47055709639363, 500.59349404177294, 522.5179256002875, 523.8006090310872]
car [659.0425978047434, 499.7418616443149, 686.3890260536705, 515.7482466926281]
truck [1207.0472065206482, 464.7620680052183, 1511.7776285313073, 581.7384389093417]
car [1163.0585844446573, 491.49905335206506, 1389.9752397636705, 577.6151323101238]
car [840.1875352929021, 496.81873947984553, 915.4975906013599, 532.0195397025379]
car [937.811707387116, 502.8418669829836, 1011.0562783329559, 535.551580594052]
car [1497.0590901270766, 524.3820521597933, 1600.0, 557.5753052914608]
car [683.7328151073436, 500.01818129782157, 709.3538420939032, 515.4046851882332]
car [998.0882912219546, 502.47170441853604, 1111.4831703962625, 548.8080732523812]
car [1585.1522416966081, 522.4558632811894, 1600.0, 554.4841362992005]
