car [759.1689461584945, 501.68837813700515, 828.2191542462343, 544.7640906770823]
car [0.0, 476.213825854647, 191.8491894012393, 833.7332264677239]
car [27.849572563177244, 509.1573268843784, 448.05825246187027, 743.1806168129718]
car [640.1710095734799, 504.7454228144657, 661.1716799416918, 521.6367911950903]
other_vehicle [1538.1159960692128, 460.80198108148693, 1600.0, 602.0670024367796]
car [574.3767835993841, 504.02846374103916, 597.2460887264828, 522.6024151060434]
car [521.9239884271942, 504.7104698254596, 571.7763344268668, 545.256154287644]
car [572.4054705013884, 502.2498008394046, 660.4803921568077, 575.8900794365958]
car [535.2791756667367, 496.54041573159776, 576.7914448311174, 537.1293641873468]
car [911.7895901247458, 328.6558480053185, 1600.0, 900.0]
car [496.87071044300706, 503.18910201435153, 559.8903644395085, 557.4886851649629]
car [307.02386302912527, 506.8447549351645, 500.94583623321716, 634.9501589423247]
car [443.24154875773434, 498.7833160403185, 539.9515660790645, 574.3456389922968]
car [718.6086248326594, 507.6322970319754, 825.5009733813125, 578.2387977376753]
