car [477.8395374280712, 506.69536701342514, 547.7629570011587, 555.487622109669]
car [711.0104847106485, 504.31052016651574, 755.7135556604551, 532.9822832813898]
car [529.432947365815, 495.1525136612464, 571.7836568284434, 535.118931911684]
car [1017.9839413606466, 515.5588938053312, 1087.9511768201446, 541.8410360808807]
car [768.4442743388307, 502.2510313123239, 834.6500626417826, 549.0160050747314]
car [578.7973054098242, 505.1913803924913, 665.6157257888658, 576.7396431965426]
other_vehicle [489.05345396805495, 459.9418916678499, 562.8698680920435, 547.0653057368269]
car [666.2518919484842, 505.307194391018, 709.5499657574438, 537.7475817702425]
other_vehicle [0.0, 47.359334225670636, 413.0687810548851, 900.0]
car [989.433469513377, 510.048868391791, 1078.2479962031782, 547.4992923477445]
car [1250.4678656653184, 511.78819190523814, 1600.0, 844.776921466276]
car [599.291710021326, 502.8755214856366, 625.5442408910742, 523.614961800054]
car [897.3255775923046, 513.3238666510317, 941.2713331749927, 532.2751771014695]
other_vehicle [374.74680889939214, 427.92148315590595, 540.8386394279819, 585.141930673955]
car [1066.7397600690215, 512.0033302395001, 1155.4802307464088, 547.1784473028946]
car [282.917778223883, 517.263270504635, 474.4508508122543, 626.1504518377808]
car [647.9824957744706, 509.7723843655813, 671.7165681931764, 529.4707153462907]
car [942.2360516394697, 510.05987697517946, 1029.391682134213, 548.2328904714444]
car [542.2881381877658, 494.51668061639424, 578.2928035488858, 530.7988797370609]
