car [644.0747243370928, 500.321295350125, 665.1006887641734, 518.6464685612002]
car [726.2716510527728, 503.36218037798017, 765.510309695398, 529.598934215865]
car [1250.7301830428205, 497.3456795042236, 1600.0, 644.8390478604922]
car [519.9507450335765, 505.6823480769643, 568.3630545924821, 539.351358975441]
car [818.3029721697935, 489.48879866956713, 927.8970728157041, 559.5703729885632]
car [958.6432526790545, 472.3673435785323, 1164.0188814539138, 565.6923527907563]
car [674.2681114433136, 499.79731338201486, 722.848688530211, 537.981814467406]
car [463.16115253102527, 500.46266112715097, 547.0061634820868, 558.2123494700563]
other_vehicle [571.719402812569, 483.1122704611247, 605.5170795372366, 518.4232862720901]
car [541.8456808928305, 499.70802844088786, 583.5050652560997, 531.3388400123944]
other_vehicle [560.1504086118804, 486.44820542227546, 601.1292637216253, 521.3947087649366]
car [748.5728663506886, 500.1206627141934, 920.9264912130143, 601.6429050349365]
car [865.6762379095117, 498.6527451635133, 957.8273068442236, 541.8677928102272]
car [655.8172664196827, 502.34454549771124, 689.2798580926378, 530.5745280820004]
car [502.5129624108364, 504.86134489578666, 560.885528930695, 543.7017613058478]
car [564.5905775485198, 501.5199698713732, 661.5411196543602, 585.5900692555518]
