car [658.4476117601893, 533.8087965488087, 678.2509823063289, 553.8927752215887]
car [862.7719257788655, 532.228322754724, 904.3622060475891, 553.822909207611]
other_vehicle [699.7753470024965, 479.82484147019795, 834.3354882493118, 612.6025972827267]
car [505.2009931216484, 524.7711502158943, 576.1210950721522, 587.0690957660615]
car [448.62866223597257, 537.1188385731691, 506.0160417013333, 572.8378439501528]
car [739.3902123654653, 540.0399942058527, 879.1856379257546, 639.3866035394393]
car [788.338721082798, 550.2465003486785, 1060.3532587449592, 711.3775774526248]
car [585.3009746950991, 536.1006393121139, 608.50956550282, 553.6189414599789]
car [197.72048322616072, 462.9023254753348, 397.12628692697416, 623.0688226487041]
car [0.0, 544.2374270947321, 20.064581744950246, 583.0796759385493]
car [949.6296412785792, 558.208795456032, 1600.0, 900.0]
car [0.0, 537.0402394982926, 50.44743331714866, 567.5012923066504]
