car [560.73261644628, 549.9465121373818, 594.1824888663851, 573.0667921920649]
car [1148.1800027214788, 546.1526722761396, 1226.1226380106998, 575.955656951135]
car [232.69420600992936, 546.9462321514721, 313.76791757133816, 576.2891677597084]
car [1405.3766746212432, 542.717266753505, 1524.7416629561565, 586.578930617002]
car [655.623008547778, 548.3295083259862, 702.1571839390728, 572.2770338919796]
car [548.9649246057658, 553.1314543444818, 576.978989963092, 568.4020072176884]
car [1205.3718324443598, 540.5460856366195, 1284.1426116490954, 573.3831920850554]
car [1073.3232783709022, 540.3260247740743, 1162.5439154937073, 576.9835273924348]
car [1262.0419493030663, 526.7265996123493, 1418.402658912443, 594.5826657966509]
car [1488.9507277507705, 539.0106747978939, 1592.9021021998476, 578.7383218827034]
