car [923.2320672582249, 507.0782980598287, 968.5438043948878, 533.6544789899581]
car [1298.411916549996, 522.3590153556235, 1481.5593202036837, 577.8064968418348]
car [1598.5813163477237, 561.3015603087058, 1600.0, 595.168336916669]
truck [795.8469963235393, 491.5167276314928, 825.2836341009105, 524.0947337706112]
car [571.6385691788981, 506.0809705440726, 644.3836965818347, 561.206369535542]
car [855.1794890139373, 507.0030406658163, 999.6715188130812, 581.59832285066]
car [955.9299105481152, 505.09136710664137, 1023.0443229412095, 539.6988767143736]
pedestrian [367.4544134092083, 499.81490507117655, 379.7887331077825, 531.4580145130989]
bus [1024.9563972870963, 469.1852693365003, 1356.964692497851, 566.5268823691977]
car [755.1128790584672, 506.999470233369, 787.1984126337487, 532.118702710089]
truck [651.1413321764857, 491.31515732184306, 698.8211669982367, 523.4079636893923]
bus [683.5310713286776, 486.1822931199394, 732.4823985272855, 525.0162458696473]
car [437.94361061557146, 506.8677585398222, 571.6279689141644, 550.2867296057552]
car [694.5497038666106, 503.73098416184973, 738.2627850971382, 544.4079387379853]
car [854.4455826075401, 504.560349106373, 879.6784223681079, 524.7723101324533]
car [1238.2362799719021, 509.89948499196487, 1600.0, 742.6391107126677]
car [528.5968656868215, 508.2322101160786, 595.96630917572, 531.367542862341]
car [777.232109586066, 509.51064422348685, 850.5790601620048, 549.7059288771354]
pedestrian [487.28340492129996, 498.989408834702, 505.83165211566745, 537.8237033042757]
car [822.5711467812691, 507.11438364673205, 870.6874026471639, 533.3762291365317]
car [990.409716316854, 504.5577149892021, 1102.2450136653576, 554.9539720118944]
