car [1372.4268256291095, 535.6463899763224, 1436.6756508535389, 576.7645871215401]
car [1336.0137003450484, 534.9209729792238, 1404.025273175328, 583.7210836205646]
car [920.1921777855712, 543.8074140553813, 980.5085824400583, 569.688365327667]
car [898.4587561867736, 551.4445220737944, 961.9833780680895, 581.8538171831016]
car [1223.4015936580997, 540.0442464110187, 1262.4761776108273, 559.4663532731861]
bicycle [1455.7981651114214, 551.2910203984586, 1600.0, 900.0]
pedestrian [891.5546460383856, 537.617188912179, 1002.8925469507051, 714.7346363291437]
car [720.7504764835156, 549.3742882348245, 811.4897249418565, 589.4227961693744]
car [786.8741026623471, 547.1271462543548, 866.9838067476808, 584.7519276158679]
car [1002.4821137784752, 540.2055315351975, 1066.2191738818105, 572.3930950170518]
car [1068.2863503340307, 540.0586289363818, 1120.996022749288, 568.8705039246977]
