car [551.4343020367103, 523.5301547655298, 576.4078108204673, 543.0210109834511]
car [631.1060233440516, 524.1557777877192, 648.5111771421791, 540.6458936173556]
car [0.0, 480.66850200632217, 323.88556143234007, 661.0315355908295]
car [503.9192548484466, 523.5654193120838, 576.0890687885408, 580.8845216114759]
car [304.39267208436667, 520.9343351779422, 363.8860299629015, 550.617457871121]
car [0.0, 527.2382844321287, 68.55104756514727, 568.7341979229874]
car [580.2118680128251, 525.1143358143121, 618.6812276726733, 555.9192459358032]
car [279.2827400986859, 527.8130300950601, 322.09156904867694, 547.8120313464909]
car [406.55456024471454, 523.2940480974568, 436.11496902844607, 540.5566507842543]
car [839.0743878493573, 523.4424926120168, 975.6332619667338, 565.6513639321212]
car [677.0640134751526, 523.2535571560045, 711.7876869232591, 551.3417807688486]
