truck [664.5600560437366, 482.0598755602119, 721.6219147970781, 555.3935269241348]
car [976.674537066339, 540.1023393694167, 1600.0, 900.0]
car [257.1127517886785, 530.3786290088797, 484.78237582600644, 669.1014363783485]
car [256.0798337599605, 531.5101374485866, 402.84172188784095, 607.8208718426339]
car [737.9576146726992, 504.34228685701777, 917.5300828484862, 636.7919590799522]
car [0.0, 536.4066549176048, 44.99247560588175, 577.2764890399632]
car [704.874690276722, 528.076161767662, 790.7554760995196, 581.1602599081634]
car [823.7708105311664, 527.5459783088759, 1191.6265025650084, 735.8344770036969]
car [381.4631519797338, 529.6868684919348, 444.7851289679758, 566.5094490334133]
car [716.4255916171735, 503.5249776708538, 839.879241614699, 601.7848273376147]
car [611.1687727535927, 524.7827706078415, 640.8404075390073, 548.4623348825552]
other_vehicle [678.6543018273776, 479.7420391140099, 767.0420470522337, 572.2759262549845]
car [569.6000426513633, 525.0852610405227, 600.8837927960798, 548.4646675939666]
car [543.6450359707949, 526.4876060525876, 571.489998461473, 545.0583449121295]
pedestrian [931.3439491058621, 508.28224945244625, 970.5531654811977, 574.4520824104711]
