car [1198.4135068652088, 524.8422044170896, 1316.6434308394423, 567.2234721326068]
car [695.1316115022796, 504.2258094083399, 719.4935519152722, 522.3846805748066]
car [956.3242208228805, 495.51034605018543, 1089.9736903781363, 566.9725905765409]
car [868.6714098285173, 501.2490830739127, 950.5327031314124, 549.1212155645105]
car [1337.1154667082656, 530.617988225777, 1515.0772882468336, 586.6594133842325]
car [836.2187852663368, 504.2349626915208, 895.7852318115773, 539.6593613886118]
car [669.7661223066588, 501.2157255298484, 705.2161950251501, 531.7831209333619]
car [718.2907391924582, 497.42076698034975, 833.0875319617489, 586.7386727306113]
car [958.84999451666, 503.309105580849, 1206.6974718654114, 631.4319028460587]
car [1424.68795447603, 496.27467894890407, 1600.0, 609.2557359447217]
car [596.1818389899939, 504.43417082975526, 661.8161945003869, 561.85331588941]
car [608.4726871016439, 497.04384066772514, 645.8118061422789, 535.5221683256696]
