car [707.9789527276864, 495.18521637986566, 750.5533073907213, 522.5533958072858]
car [141.08237821115526, 489.12038784335147, 253.87224294204688, 537.3376247142673]
car [760.5447450389778, 497.00990352719833, 788.1978466760735, 512.9158539366554]
bus [606.8241350277906, 456.57327606750016, 688.0371170622983, 541.3261646079455]
car [1163.0000440974638, 500.97410949074674, 1314.8602824782133, 553.0296529151062]
car [1405.3925675017333, 512.2639222684725, 1600.0, 581.659737787856]
car [1264.1030337101386, 501.33838533729084, 1444.4475583607577, 562.5139212821133]
car [986.8442873000307, 491.7758305184258, 1081.4895308150608, 539.7789342216128]
car [568.2256946209963, 496.9844568040997, 590.6340476203692, 517.8246721811743]
car [952.814953400839, 498.33243283426043, 1009.9978982302129, 527.7824675971715]
car [680.631067557626, 501.9787266356622, 707.4199856191651, 522.9189090494485]
car [807.472418066099, 493.871145106668, 845.784889539849, 516.1607700688867]
car [0.0, 505.8634497050629, 430.59637399668367, 762.309800493052]
car [917.51898668288, 500.8597034862975, 968.8159865278587, 523.9703660705375]
car [577.4072026636435, 494.2780173346995, 651.4444162339352, 560.7156173741739]
car [1082.4938116645799, 493.43490466839216, 1235.6089472197018, 558.9997056656656]
car [300.63417259130443, 482.2735973171568, 491.9111310141155, 616.7398556360231]
car [212.04029160981815, 491.1306725353003, 302.71171047170145, 521.6969572754288]
car [0.0, 451.63208471806655, 215.96994461616882, 597.3777813689036]
car [276.94084668703294, 488.6234890441123, 382.2912433061755, 540.3815496313584]
