other_vehicle [1224.0913864954828, 526.3049609393578, 1340.0958782875884, 587.9520615600575]
car [1020.7647029331907, 563.438975059392, 1117.3141056168975, 594.9465378819011]
car [933.3312121846484, 553.2700779801012, 1039.2037027099418, 598.7839909409759]
car [0.0, 580.2129385468469, 77.13538734204667, 646.9255191531736]
car [828.7320022410104, 548.0415238732049, 962.1425218939474, 602.5375748185387]
car [1355.0485805459004, 552.6384708691085, 1422.447776524661, 580.0434706540594]
other_vehicle [1126.268774887998, 527.9681181866268, 1259.0069710804905, 589.7167211915599]
car [738.3573800996112, 555.7703539738367, 861.6477184397066, 607.6332779420329]
other_vehicle [506.7901864653355, 533.2734972855695, 743.201454891338, 621.3046246003825]
car [1312.4584532266872, 552.6318967970448, 1378.7768342571858, 581.9646903845223]
car [1422.5052531726212, 554.0942101092525, 1482.3584360059835, 578.7047945344987]
car [1535.9815899103917, 535.7961825360977, 1600.0, 606.4136582255132]
