car [1545.9434396803083, 570.5352092686201, 1600.0, 632.6231241890397]
car [1257.4282342771687, 569.4430504174106, 1336.432106522117, 602.4745784630411]
other_vehicle [1438.308825780196, 553.9061696537681, 1520.4951701370064, 597.0993424000826]
car [0.0, 573.0460120503378, 156.0299292117926, 645.9993225509985]
car [648.3822671636879, 559.2057047687517, 792.0189341038584, 618.096994455359]
other_vehicle [0.0, 495.45283324786715, 186.59833097603047, 642.4355982190547]
car [1271.6786542282302, 569.1992914267489, 1356.1811914100015, 602.382890537553]
car [1018.3582172601363, 558.5519081256784, 1135.2386688196473, 607.9567294679395]
car [788.7290535551609, 530.7241191104272, 1207.1248737909943, 726.0792491626825]
car [1337.77370724429, 567.8905550515166, 1444.6330753462469, 610.9994305754568]
car [203.33491444529935, 573.3775560845608, 409.12516473922324, 634.4843629146901]
car [1429.9482864287588, 576.3188956182237, 1498.3010870279486, 600.7995019610266]
car [1170.2690383429415, 549.1560375798495, 1286.6041255718062, 606.5205021436732]
other_vehicle [1388.7678327195715, 553.6737933480715, 1486.5163346388508, 598.8970632941883]
car [422.86483512906705, 543.2607574159229, 619.1938673910159, 627.2673044318498]
car [1111.7410565662012, 576.0606678325466, 1194.558699824419, 608.113400160848]
car [787.1540119062116, 558.4292842813223, 932.937258998005, 613.095616363703]
