car [452.7843472996066, 549.4653583319077, 519.5015053310318, 574.7030763344079]
car [821.3489833525657, 545.5737739921286, 1004.0959784453303, 609.0274353273848]
car [1544.5822123100152, 531.2494013335912, 1600.0, 576.3734744103409]
car [0.0, 511.6493640618849, 363.68013734172746, 717.7382789856088]
car [0.0, 549.3102599501781, 432.3937350606476, 900.0]
car [620.9406756757683, 549.4843155996023, 800.7047787081441, 613.4019780359799]
car [626.9909274961693, 553.1061146154755, 671.3469508461783, 596.1639959986405]
car [439.366451874352, 554.3510007596033, 595.2368483460494, 608.5810544608782]
car [576.4685830370174, 554.3607929714422, 609.60730923375, 578.4116282445019]
car [0.0, 493.9127567863902, 579.130789027138, 825.7072910658565]
car [1475.7315994691426, 538.5624339287617, 1600.0, 653.8651180465828]
car [750.9681511872732, 551.0188034579392, 826.1479256872772, 585.49032184891]
car [1395.158924733176, 550.0093636412835, 1467.0941660637689, 578.2520025475794]
car [885.3130461856695, 549.3421744038657, 1006.8796166355864, 594.4188720379964]
car [1272.8917411126733, 538.8849487601616, 1386.497243668518, 588.5945626136936]
car [1043.0130425753728, 543.4821289303602, 1162.8615675502083, 592.7641118943277]
car [606.3827372107269, 555.1895736655132, 644.2338731448805, 584.310443005669]
car [1198.4266114514385, 539.5822493778637, 1292.802760421661, 587.2566081841613]
car [0.0, 557.3690418977857, 17.18224989086252, 634.5345011139327]
car [614.9110331361144, 551.8889067168175, 667.3793448202214, 590.3459800564788]
