car [1121.8648279602198, 543.9452727433971, 1277.767485594025, 606.7615514870319]
car [856.7965097227807, 539.648546930696, 931.0395288235344, 565.0735888267156]
car [975.9487269492204, 540.9130657739422, 1126.667819578623, 599.2458150266992]
car [505.42812188075044, 545.8714547398962, 671.0389920595441, 599.3531206080319]
car [1325.0242946170752, 559.9644235510124, 1424.187960862457, 594.7525602945336]
car [703.1354741251315, 540.9815276636483, 920.0831628049211, 618.8788087873613]
car [806.0465449792291, 541.5370192277022, 883.4149740485752, 573.5870029067268]
car [0.0, 517.3544483060119, 144.13424639404096, 606.0682522589309]
car [1043.8140857421777, 553.0649475927919, 1142.561604661535, 591.9111042133557]
car [775.0228737358643, 533.2065848375358, 836.3995324552315, 556.9603316762357]
car [1249.3222527213184, 554.5731280788468, 1334.0405302641634, 589.85713866762]
car [865.5615854691202, 533.3307486778482, 998.3481111335341, 593.7184933154088]
car [911.9185074057956, 539.8121909513179, 986.1359067311355, 577.4023284472934]
car [995.7726958417346, 542.7364404620145, 1047.8651067666713, 565.6505352186366]
car [259.65282804116964, 521.7967254023173, 335.5043217604424, 568.4725882620145]
car [1248.091691156741, 547.7262727364622, 1357.133288478992, 579.1304424097841]
car [964.1914681190221, 549.2695594222396, 1073.4871351276622, 594.8399514308896]
car [559.9474695638858, 529.1443875993064, 771.354978444027, 606.438553211628]
pedestrian [477.2973715768221, 533.3294027769234, 509.46894912799024, 594.9268286694331]
car [1509.9382372944585, 560.4733012220771, 1580.7529517842008, 587.7613153876507]
car [1410.0820516660056, 545.1656867886636, 1528.488616612549, 595.16642146607]
car [1585.3783744762195, 558.7875613457235, 1600.0, 593.020266873797]
