car [1198.5198818997521, 525.1251744325888, 1334.250108503031, 576.093050392495]
car [869.5384541978685, 516.844777370155, 917.9365417598306, 544.3910328186763]
car [802.5514415211309, 505.928304195056, 862.9538379088807, 541.6121033933316]
car [834.9035945799662, 506.4114501846318, 903.0646646241457, 547.3185533758219]
other_vehicle [978.0422968660832, 496.89853815531916, 1060.056623337214, 550.8635185066659]
car [1176.0575579379363, 525.4951848714865, 1342.2341892965546, 583.8687919479189]
car [1049.5620131891058, 522.9258207122257, 1139.2067295258569, 560.7554682341511]
car [917.2797637669372, 512.2052002212397, 1004.75032406767, 554.2135961121944]
car [684.9565985666205, 507.193792581048, 745.4010010912976, 555.109463920542]
car [741.279036355057, 513.0603069736782, 768.340259406584, 529.6346402107938]
car [1103.1329488467943, 526.867283858645, 1193.6791112541441, 563.1539377412616]
car [1359.0609927407825, 521.7164028398221, 1600.0, 613.2653405801387]
car [1036.687848935198, 513.2895415552377, 1118.992467282185, 556.6361300556442]
car [890.2402999879038, 513.7522476427486, 933.1579125800101, 540.0908504926982]
car [0.0, 475.1144896511736, 161.77604516522408, 586.5426955254143]
car [948.0048267764764, 518.6652496607923, 1019.4406823792764, 550.4202827075924]
bus [912.3900957558693, 500.8249542738701, 1000.3694180139581, 545.8742119867253]
car [652.397995253196, 509.898213614615, 679.4659289567613, 532.7760105461441]
car [1228.2212664443794, 531.567909737721, 1600.0, 868.1579398899603]
car [1117.6696625277684, 517.1186058177047, 1315.531661130431, 584.7625061154217]
car [973.3997717057879, 519.7039698057746, 1040.8678708582336, 550.3959078261582]
car [573.6559233377174, 510.4322299588004, 646.0683742702166, 572.8248932773315]
car [1519.2833980361384, 542.6995714156853, 1600.0, 606.1311882908275]
car [759.6393114536879, 507.64757714640825, 810.2665213629734, 534.5045991017192]
other_vehicle [843.5467753449295, 501.36821875927416, 893.0658733900885, 534.6706946846789]
pedestrian [562.9949710625923, 507.9453797510504, 575.986228486596, 525.8306031271443]
car [1006.7185532122702, 514.4914706092167, 1109.1712818039275, 559.3953722251306]
car [599.8563906622131, 507.56000464620394, 632.8364318018705, 537.9714662098355]
