car [1281.035081189344, 514.7372938867728, 1510.5125712618326, 573.6954050271936]
car [801.5129770223714, 519.3833243431293, 879.9032224947506, 546.819058654377]
car [599.0341413361813, 524.3331156736942, 621.0467147963487, 544.0821910035916]
car [847.454700277495, 515.6528127143669, 1011.3220777640057, 574.2935122668914]
car [0.0, 523.6436501415237, 204.85243887719784, 625.622517543753]
car [533.7931168872697, 492.03540444167885, 802.1129730631941, 747.8627587443024]
car [832.8933978183826, 520.1315884248027, 921.3875701252866, 551.7473189310037]
other_vehicle [330.8893315077591, 512.3206804004743, 399.2749970087102, 551.745626961038]
car [0.0, 528.0769677081412, 217.0691421524879, 607.1026172488705]
car [407.93107787135955, 501.11757280587426, 602.1424836682869, 579.4054870363889]
car [1012.7921626621132, 503.724428329173, 1188.083636977299, 573.7027698159827]
car [1562.0732475046725, 510.7743828015166, 1600.0, 554.3594111701165]
car [1375.5762410886878, 513.0127721663674, 1600.0, 574.1828278549575]
car [1132.301510178944, 507.18267238554563, 1316.250782565454, 568.5890166126901]
car [1160.0021608388793, 505.4696594769306, 1283.5391965367676, 548.8288116887015]
car [0.0, 511.58095454525636, 97.61515381370837, 893.8524681739307]
car [8.222400907840276, 530.1229417161269, 306.86801023749393, 660.1031056298781]
car [155.33811438228767, 499.59841977010046, 484.427618191324, 702.5691949899552]
car [940.7209458650158, 523.0511850208918, 1073.7199037353796, 570.0275192507868]
