car [1446.7430663950356, 529.0288623738622, 1600.0, 589.2899937361723]
car [226.4006492320946, 475.18706659183533, 360.6704431077138, 522.4436330398249]
car [1048.8383433944186, 512.2832589235487, 1084.5654288209134, 536.9140845725121]
car [627.0262667712386, 495.9698676465472, 757.6659370875693, 548.091284516732]
car [1102.8070347396322, 507.0136837908249, 1144.896796697713, 539.4312397657478]
car [1134.47637178964, 506.7353010183017, 1214.7632303313471, 565.2474704313636]
car [1585.4227635545544, 511.8588767607494, 1600.0, 587.1207127966659]
pedestrian [830.470728424866, 497.4146064192741, 844.9810795108901, 534.7518289978083]
car [950.934882281644, 500.5558839702866, 989.8125204959614, 534.324004595706]
car [1232.2664000887135, 504.90756985919444, 1304.5371439916266, 550.0517951604251]
other_vehicle [992.2022765564833, 475.5435123989601, 1025.7397952793406, 514.0217563099546]
car [0.0, 472.7051232856531, 93.83773524255086, 519.9956447026452]
car [903.5293417227753, 511.3195459966253, 933.2731706053933, 531.9269904767634]
car [1338.876396944062, 519.3570926765215, 1422.9063628851638, 563.8548750343822]
car [1013.9411002447061, 511.8391981004393, 1057.441404324554, 546.0649184042327]
car [1433.3862086091756, 506.87747887483204, 1600.0, 678.4656682916974]
car [1418.2664913741587, 527.7186191725915, 1512.9730694779948, 567.1579839322701]
car [533.764606735503, 486.30135375047763, 683.0828223190363, 542.3563214369638]
other_vehicle [1125.0638229157325, 499.074609044774, 1178.2173629412277, 544.8014786227673]
pedestrian [784.6455556467687, 493.85439545855866, 815.5694048486152, 542.3211119030502]
car [1055.7437510458058, 506.404221664998, 1164.9629824632561, 588.5051139574196]
car [598.609654044842, 486.6552902852716, 734.8806949954359, 542.7646917852563]
car [1187.4415513619801, 506.2526517140116, 1600.0, 755.5461391405208]
car [420.9728822121028, 479.97163191065755, 548.9641051391907, 529.2017859431313]
car [1290.0899360555982, 531.0096294463103, 1344.1056682844526, 555.8843786784884]
car [910.8817092243319, 495.1227812233663, 1006.3397130192911, 582.4867958531592]
car [419.87801312506633, 486.19080610443746, 558.0648867392954, 535.7640251138623]
other_vehicle [992.6623297570277, 476.61368004877, 1044.9005094520385, 535.268128589593]
