car [222.92009259530485, 526.7972963851743, 379.9393009367997, 617.1631810730155]
other_vehicle [105.33148163070516, 522.0878572575093, 236.31611931381443, 583.4831022982554]
car [682.7757659664984, 535.9361953650365, 730.5756815387796, 575.4192324949745]
car [689.8546913908892, 538.4297169357126, 750.4726779410285, 584.0252779691672]
car [33.69411755816371, 555.8606567713622, 126.58793099202596, 595.2355376081789]
car [670.7250166197853, 533.1666716817527, 706.8092539336548, 564.5167688441003]
car [663.7223882281785, 531.5022481539927, 697.9228742448862, 559.988398782286]
car [577.1030275427581, 529.3369921506888, 607.949047340321, 557.7574529428282]
car [971.2162456715733, 543.6981360083267, 1600.0, 900.0]
car [713.6526941916308, 522.478407833999, 857.9238587388685, 631.8742941597668]
car [413.3930823743289, 532.8971796770712, 490.4451389216789, 581.528495572293]
car [707.4964533193976, 539.9594093225821, 798.5363291918277, 598.5233381739661]
car [677.2645480071513, 537.7399730877414, 719.265614822692, 567.9878089955768]
car [550.6539512360051, 537.3411591243316, 593.7399829551731, 567.352643453346]
car [799.5472161368704, 507.09780917474654, 1141.9575317219799, 735.5634625406062]
car [503.3889239287279, 539.6322899542972, 540.671125947254, 565.3355258235105]
other_vehicle [0.0, 514.3320334366607, 54.82489522399032, 606.8194665038786]
