car [1309.164114626696, 468.48008594780725, 1565.9403400075823, 548.3479508641932]
car [1411.1098994850017, 473.82582089733245, 1600.0, 532.7587271107742]
car [1173.9467319291891, 485.81271674198047, 1288.5543467295863, 519.8574526748221]
car [1054.522883907581, 464.6289249509705, 1367.3042642886842, 585.3183465110393]
car [761.128113827151, 485.0457967315119, 833.2250180281662, 520.0024459025118]
car [629.9438939520404, 491.1453287638283, 676.7669113187376, 521.5350724524429]
car [614.3559686687214, 487.9259090106681, 647.5218253257744, 508.2471728816146]
car [833.6085961758622, 486.3648497685175, 901.2461588517187, 517.686666206101]
car [911.2018842200723, 487.77679248637537, 972.223765266443, 516.4168310361705]
car [1022.9493242461293, 476.63062987818256, 1124.2084858883034, 525.3088287694093]
car [849.8140717989422, 483.44499974195077, 938.9712378398276, 524.5654967996712]
car [511.72328802176577, 495.8181373336996, 625.3621483019245, 593.8666061741307]
car [736.1321464939055, 491.5827750323228, 783.4148291508648, 512.2091002100411]
car [666.6617220484827, 490.152005976559, 705.284921793039, 510.8685888987148]
car [1117.611184685537, 470.80487186378235, 1282.1708012237928, 542.4650189691451]
car [1512.1911001888006, 475.40156915260064, 1600.0, 581.17963194805]
car [818.8673118284319, 489.566746907796, 877.9680167237055, 515.0441813517984]
car [481.1617846625876, 496.016937283832, 506.99060246370277, 518.1529138436118]
bus [841.7422139957815, 469.2214580699677, 923.6552909264963, 515.6217954832064]
car [890.7460174466231, 488.7998892239081, 973.3108440653119, 519.8902008554788]
