car [1120.2377157134927, 521.1446192041631, 1600.0, 786.2408078912563]
car [629.3862563088098, 538.8532412686853, 773.1682762129624, 586.8129047434254]
car [424.5836074140568, 516.692549407321, 617.569072056318, 591.5882611034624]
car [153.37488831980423, 530.5152018031082, 367.5611908081168, 601.9666007317034]
car [1394.4621033472308, 534.689145954667, 1600.0, 617.4976817622195]
car [1035.987714590307, 536.7718202771144, 1107.5714765268726, 561.6458221261314]
car [773.9656180801423, 539.9101386987364, 903.2348849461431, 583.1905588504651]
car [831.0269305700043, 527.8610354789645, 987.8761843298853, 588.6145559879127]
car [1542.834653081689, 522.6722827510094, 1600.0, 653.5446147058585]
car [1070.3631333150893, 537.6543068338179, 1157.5157333299346, 563.9239346535167]
