car [1183.8772282382772, 476.36492677858433, 1413.3592085545927, 549.3620835199894]
car [1082.275247018431, 490.7609646234014, 1331.8271692503408, 560.0539167050765]
car [1435.6094213247952, 484.2770303206771, 1596.9419089043413, 521.5748471503416]
car [694.6699505136966, 495.1363867108254, 940.1497370939459, 588.4747053433603]
car [1405.2755370359328, 483.0310120556813, 1557.8056501753053, 521.3288892193247]
truck [1398.773730256456, 460.3846313567746, 1568.0097643473346, 502.20121047633097]
car [0.0, 487.70454146060814, 182.7732376062972, 655.8562575169129]
car [1134.3802257436757, 489.3583822505755, 1372.5990944569864, 554.4947735115954]
car [843.6505250586534, 500.6967636539795, 1379.3273179054934, 721.6011045232278]
car [1221.2569401123903, 477.62474882456496, 1434.8160707701968, 545.8694734774083]
