car [525.5529762534292, 796.8795162770031, 629.0392628439092, 865.8483729150588]
car [1407.9364474465838, 801.4447121100809, 1600.0, 900.0]
car [1204.5268730319058, 799.9890593372211, 1342.5420075146894, 860.0839188989535]
car [615.1437519980319, 766.7402982177556, 834.975203856245, 900.0]
car [361.87542364654536, 796.8146571663716, 516.7037378982388, 891.7176872481515]
car [462.91655649195405, 793.9713523447805, 590.9064442783839, 875.3070907704767]
car [17.974279487304088, 803.0853979576463, 281.1583598078792, 900.0]
car [808.17743138135, 794.8554375869098, 914.4455173943941, 877.9552614783131]
car [1265.42603367233, 808.768890016394, 1534.9021706390129, 900.0]
car [926.4122238710586, 737.5369511972887, 1148.7241813719725, 900.0]
car [64.76839965587803, 812.1439566608952, 559.8466528701513, 900.0]
car [0.0, 798.4007972193986, 0.33599987140772003, 828.84794635393]
car [1355.886986003037, 813.7975373091153, 1600.0, 900.0]
car [0.0, 805.0683370412776, 48.42547593296484, 897.3541867929971]
car [235.75486649494292, 799.5421830548701, 429.08210911164053, 900.0]
