car [0.0, 471.23764248305844, 50.34818848627792, 609.352333922388]
car [1099.0931042647885, 532.6301860300463, 1159.5610920218585, 558.0029681952824]
car [1230.8303843988406, 533.4601533620552, 1302.41024614348, 562.7842956440444]
car [333.53801339440116, 540.7137782932563, 503.07739993196617, 596.6424830652488]
car [1159.182840847991, 533.6190424697577, 1245.211600019129, 567.2375408639475]
car [804.8175536295058, 537.9844286023732, 923.5244436534555, 580.6175379304167]
car [933.7939699220843, 529.8686660711253, 1155.4507854838175, 609.4378739294579]
car [0.0, 527.3907517563496, 169.60959773797344, 672.6734722126334]
car [90.17402888353718, 522.2269229128957, 301.32747349538835, 601.4386884871393]
truck [336.93691018934464, 389.2140223748631, 885.8586634552416, 648.7440786507283]
bus [1441.9856294982915, 504.68922800273845, 1561.2881378787656, 554.2985436820962]
