bicycle [726.497420926072, 480.82828814828, 775.6673357715221, 558.6316940320422]
car [0.0, 490.6879727321395, 266.4690362912205, 585.1768874205948]
car [0.0, 493.0031563084652, 25.26688050933866, 562.030944971531]
car [0.0, 464.8829315816822, 46.79977304357229, 544.5117771668627]
car [0.0, 481.15342644128765, 100.42864795286829, 542.3737491624885]
car [1203.4779218961735, 452.13924483063664, 1600.0, 900.0]
car [849.7944835318455, 488.9125199002243, 959.96977095101, 586.7804414345748]
car [1523.6743534740517, 514.5293025632463, 1600.0, 571.5161446443472]
car [154.22320552623398, 436.8372138200021, 453.2572423231661, 553.4089423313729]
car [105.74814987501507, 479.1102652758283, 371.8720739994567, 560.8752171959376]
pedestrian [710.7572751615966, 505.50538800216395, 726.3651572424768, 529.8378760679236]
