car [80.7727785736636, 466.9172829916783, 268.4914357274293, 531.2521450718004]
car [206.4530031075023, 462.7912879714598, 362.8409954545347, 520.1468325811101]
car [446.57031422839873, 451.65009457741206, 630.1088304939746, 528.8835215913975]
car [246.2327748369965, 483.7329223141821, 390.82300274740874, 532.4415485569823]
car [445.10765652503983, 479.7699938569512, 596.7996608545478, 531.2915137574237]
car [1532.046578335597, 510.24294631570785, 1600.0, 550.1510829551511]
car [1058.5876438691614, 497.37030771536166, 1200.1476667630795, 609.2125202288416]
car [864.2502136224381, 495.0249310973038, 970.284126518325, 589.514822253613]
bicycle [789.5496560415987, 479.2684110643016, 825.9406497449646, 536.9139642385276]
car [1367.0956856718062, 514.8916852370145, 1487.92224740003, 558.0482409147924]
car [371.6471606399497, 486.8907753192335, 553.8762486173969, 543.9955577786469]
