car [153.75305238484327, 550.5594182406239, 222.54167003274887, 580.1192778388884]
car [209.20648783383203, 547.4461052492542, 263.94655251463774, 573.6719617985631]
car [317.6383053262802, 533.2172200449698, 392.8019689172649, 574.817452035352]
bus [606.652104281457, 492.47213210589416, 653.2971660508935, 553.6227248103148]
car [0.0, 542.2660961308726, 222.61558497008284, 685.707365873769]
car [567.1340140440074, 521.8115156677495, 593.365482677858, 543.9070767639165]
car [451.5078814493722, 525.9499587650271, 508.41596114778326, 566.8884673033793]
car [542.4048047062472, 523.9869163131935, 584.8275313336587, 560.3883095977386]
car [0.0, 538.1463683479185, 367.3060264065309, 873.3837822718285]
car [409.80326754083416, 527.0577777044726, 455.5583154087057, 560.8687864758255]
car [295.58744151405216, 533.3354846049136, 359.59710247181823, 569.8949312844092]
car [527.2127073306071, 527.6220385828354, 551.530412440763, 547.9125686929385]
car [449.4066460811915, 522.7560998321619, 544.1114555575273, 598.1228153532078]
car [373.8931925352935, 529.7856751431431, 430.8023898505478, 567.7991618660867]
