car [690.7134020751957, 596.9120111500227, 918.0390976012147, 677.4368852157553]
car [11.306959611279837, 600.4486557759935, 388.3821368363197, 705.479837299055]
car [0.0, 560.4247427074386, 238.6608203433198, 723.159034680489]
car [921.2827200312043, 579.4762794443557, 1124.8628781384114, 663.7737801173334]
other_vehicle [0.0, 485.05708542031147, 356.170047306862, 699.4422855679464]
other_vehicle [1311.6827549284762, 548.1758101821055, 1516.3643676822348, 648.3117384030727]
car [1198.8329819917356, 596.265972840165, 1349.851661268243, 650.7897243147506]
car [1471.0621868829196, 558.6184229731645, 1600.0, 645.0515247712252]
car [385.0215051019545, 562.7018848073064, 676.4779049969907, 685.8497405668863]
car [1089.6459598263534, 589.9226888040212, 1236.7034943041085, 662.3739064334017]
