car [621.4385361812696, 519.271010054229, 646.9452927517183, 541.9375334266479]
car [340.9394834282657, 523.9347165200992, 445.755209600767, 587.5909202607928]
car [531.7795515885313, 519.410630699429, 564.7312125944629, 544.4502083204893]
car [470.1705130839153, 512.7460262954575, 561.8909904858901, 589.4686333534967]
car [711.5833170884632, 517.3732350577988, 785.2114200021954, 574.1109536525213]
bicycle [673.3309965973306, 516.6343835772844, 694.8728888188285, 552.1671013455613]
car [92.69562157282364, 534.0444789423008, 180.17293019842086, 569.3095828921288]
car [138.306766470884, 530.8933331392928, 210.55289093414572, 556.8287306777339]
car [558.6461558470309, 518.0092727056503, 594.8460676103379, 551.7365248516197]
car [601.0661941496535, 519.4477362993788, 621.5252187626108, 538.471934342712]
