car [375.55023715299745, 789.9745930281781, 586.9292039126254, 900.0]
car [799.0193431792007, 790.6236142603136, 921.5252319449838, 880.9225791450494]
car [1417.2494704230837, 748.1512571057341, 1600.0, 900.0]
car [0.0, 791.7604260759421, 211.54293770996605, 900.0]
car [730.8020966819753, 804.3785143145778, 843.214046328193, 865.0906821737813]
car [917.706123203573, 772.7924090413696, 1083.8860799947136, 900.0]
other_vehicle [1145.1917687050347, 745.7399329845172, 1290.700896299282, 885.5887408909624]
car [666.201308677075, 806.2372061560184, 772.7551495675586, 883.2732154252742]
car [534.1569270744158, 797.4547867756469, 692.8763879140832, 900.0]
other_vehicle [1214.4341868116528, 486.0855094308939, 1600.0, 900.0]
