car [906.0159282328744, 506.4741384258133, 962.6578289019426, 532.5791724995271]
car [766.8836536836963, 501.59256519967045, 805.6869187673664, 525.9075479447297]
car [362.7828699928093, 507.1786688381284, 503.85951692746744, 600.216416031345]
car [716.9814561153092, 499.20527352670035, 807.8551928530662, 554.9336017553892]
car [1084.27290812437, 513.54465815608, 1600.0, 703.4757993736378]
car [557.7013755510116, 481.63045552116677, 680.4961633745478, 592.3575887602323]
car [1051.1706125863911, 506.5645997638682, 1126.4362046036265, 539.027540177198]
car [704.4702650513406, 499.34816436023647, 747.0415787618831, 524.7697911448344]
car [0.0, 519.5172843554307, 239.13292213417387, 900.0]
bicycle [989.0330570975813, 504.41326876898165, 1024.9943735313082, 529.6472116091404]
other_vehicle [464.37742583401604, 483.62270174462645, 540.933838396979, 551.6796641073448]
car [847.5682463890811, 492.179777133153, 933.631233706729, 541.0750230963223]
car [798.6567886809175, 493.3243961220949, 857.2581752696656, 531.1793139919978]
truck [365.49994303871364, 470.178515723012, 519.0828891475134, 519.3629909544551]
