car [700.0874796353527, 531.0920718420549, 784.469669205403, 597.4559274139187]
car [565.7298704534163, 528.8695252938686, 601.348084992295, 562.6681155970583]
car [1060.1886094391043, 557.9145465123804, 1600.0, 900.0]
car [672.463490103832, 537.5092514919984, 712.7061024418562, 569.6882795593016]
other_vehicle [185.71851433989042, 526.5882472176136, 284.37137576819873, 580.3853761198974]
car [740.7137078512728, 544.362584420212, 881.502186711338, 637.1205828461451]
car [508.90246283874063, 538.2205972646902, 542.1841770233023, 562.7512245177631]
car [594.6568649927416, 536.0093117150981, 654.3807650647447, 589.2478369951103]
car [658.2598358296522, 534.2966063494578, 684.122076125645, 555.8213047288867]
car [436.91618199696546, 541.3110826082917, 537.0207871460531, 611.9746522483063]
other_vehicle [288.6558285062702, 529.8992737324634, 350.7642256633569, 570.1583323560968]
car [716.714832099063, 530.4852618959227, 812.1528035332811, 608.0189143598874]
car [431.3293196569237, 540.1958665031316, 484.1099486258897, 577.93576971471]
car [669.5203340087485, 536.2221800765105, 699.9511141465325, 564.2315986783589]
