car [744.7984947515522, 540.9061837010984, 812.5197350055607, 591.9250551564281]
pedestrian [746.4369592070831, 530.1008033160836, 759.9264104093658, 556.0103402902234]
bicycle [754.4559602213288, 531.0817320709893, 789.675360646502, 556.1567089840358]
car [759.5016291915058, 530.6045789100918, 859.3286998314683, 608.5752070927115]
truck [386.4868940789211, 456.1249351568048, 530.7120701229944, 583.0658560724873]
car [0.0, 539.1927898758017, 65.85285501800622, 639.3709335370971]
car [74.38204175949731, 544.2607998576517, 157.15910584534902, 569.1518770533825]
truck [0.0, 522.758940908013, 45.474222466871716, 578.4682554294342]
car [363.7931434693829, 533.1466543398989, 429.29174904601183, 573.0380550324322]
car [0.0, 529.1376619100229, 133.47987048755965, 591.2797395207554]
