car [791.4012167071209, 512.1699084190287, 1002.9297260796237, 656.8172336936076]
car [972.8336816339194, 516.7189499956482, 1081.5226555433617, 554.2227383744345]
car [0.0, 525.9443355931948, 112.19485513930505, 599.917999362677]
car [1034.4605425544023, 515.1206705013365, 1273.615017844825, 608.9369040000214]
car [932.5210228736893, 516.3270431590413, 1027.7676728147878, 559.2019583173405]
car [436.8722967765806, 524.4479425274546, 486.4218070354861, 555.8127027725766]
car [1037.3122366581783, 508.27375583113957, 1182.989300625418, 557.9194494454953]
car [121.32761194229704, 535.4279517254948, 208.20117168773132, 568.4968381358603]
car [487.55925630238977, 521.9625749840527, 568.5166969323686, 581.9799978240821]
car [467.58539823387446, 526.8428756665726, 504.9481732123633, 551.5402670027901]
car [622.8886384904008, 524.8233022384702, 644.9200473890643, 543.4818114582879]
car [999.3145564788344, 511.95738946603376, 1131.4463279243491, 563.387286475649]
car [173.6947235208911, 534.979167941841, 247.98212135489487, 559.5054016378223]
car [567.8154707050473, 521.2377297250763, 605.0028882672494, 554.4693567068741]
car [77.10990933906778, 534.1127800490327, 191.13471308589013, 580.9865492991352]
car [360.3813481858046, 526.9040029366504, 403.70416469998145, 553.8148559104746]
car [347.17126259669857, 526.8956805946464, 464.6822693385424, 590.0352446010306]
car [896.0769084845225, 506.57329336118846, 973.9893750803618, 561.269203343252]
car [889.7866477946368, 527.2149496678378, 1258.42462848861, 755.2785173727295]
