car [731.6789530945698, 488.49886609782084, 814.9870451657218, 530.3685998077275]
car [495.4462689936176, 505.28259893675545, 597.8197960248582, 597.8968502566312]
car [566.4995359154968, 500.62969720368335, 619.9374468747366, 535.7481991416917]
truck [1123.366497513634, 450.1716536230122, 1433.9504561533329, 561.1619114345564]
car [824.9472112572279, 495.55618450437487, 901.2226326956719, 529.8876808432171]
car [1012.7305729795298, 501.54960396362276, 1185.6916701507298, 558.3958987960089]
car [778.7183025929376, 501.1910730669265, 1166.8169310230612, 704.9384477873638]
car [500.0786618844714, 505.5083488761852, 549.2158027962148, 549.9874976263953]
car [878.6200572896306, 497.7065398813861, 981.6536654719517, 541.9630726183691]
car [419.22788175481486, 497.42808474865046, 470.8120557390154, 544.7182774262925]
car [947.7680606856143, 502.5801483947372, 1062.2437747159115, 542.5940003367865]
other_vehicle [785.1347971946676, 477.9205609215793, 863.2783330530223, 530.8673597158349]
truck [590.2480287260291, 485.2862346604964, 640.6649848120844, 517.7884185641169]
car [695.3776443799824, 495.4892417171409, 748.7914587828716, 524.7653363148252]
car [660.8968598940669, 491.1759853289635, 705.5178534805067, 521.276383436969]
car [630.3395816658929, 490.81648199772934, 670.8807826907989, 517.9830570415985]
truck [709.731482644767, 481.11172438281443, 794.029885942032, 523.5727419893929]
car [1098.2859248126538, 496.58932352390013, 1271.4394553397742, 558.2250914654019]
car [1377.217295974552, 498.74093177626196, 1600.0, 605.4070596883503]
