car [1213.4156246053753, 544.1509513095333, 1346.943475103876, 591.9033966765429]
car [1474.7854541815136, 538.7015562473401, 1574.8368284490123, 578.6835253339146]
car [0.0, 465.27208664765914, 1092.8812705579576, 900.0]
car [850.7200156267097, 551.6402763220692, 934.765005565088, 577.2636994380539]
car [0.0, 546.9998455669926, 359.70523648474807, 702.6959398962807]
car [825.657367419303, 542.0542420307446, 906.7481185573757, 586.2199119835752]
car [340.21290557852825, 544.0050879725663, 431.25912812399457, 575.2961150175109]
car [1113.747390438412, 543.9655066716808, 1229.1619178528722, 587.2363693177566]
car [804.0835070036248, 527.3457457229387, 898.6732565023415, 594.7631132183983]
car [588.8611749448961, 548.5799435117932, 640.3585598949584, 580.6698954574775]
car [1392.1002917127782, 544.6707834973738, 1590.382338000921, 625.5397694453196]
car [641.7569513070757, 548.258125856294, 704.5707176143751, 577.5887723250244]
bus [1221.1893443507831, 515.385604352641, 1442.1882857522203, 580.5029044978079]
car [310.26098798856145, 543.9186613288399, 413.8349351427788, 577.9069901548617]
car [1538.0752413517037, 546.4346170821507, 1600.0, 579.0885683585892]
car [533.2208526407572, 549.3033159599622, 579.14007936142, 581.954719763629]
car [679.1971734552073, 520.7481954215345, 880.9095398733023, 624.7374492334283]
car [0.0, 535.1355166657263, 41.27084690595682, 597.4682722118778]
car [554.0016036183275, 551.6561773741552, 603.9533132898914, 590.4490614706501]
car [615.17661840521, 549.3536728444362, 672.9725381490566, 586.0855606696433]
car [1280.6938334460651, 543.9550095212275, 1412.5453191950392, 592.4456379353766]
car [849.0651469815816, 541.3205051037033, 1212.011857269107, 693.2163647255206]
car [1039.4164841494076, 544.7260500397562, 1158.044311640638, 591.4732528674315]
