car [597.8315283609102, 497.4562664825819, 625.3692514395952, 523.7473807273657]
car [0.0, 556.3192164499383, 266.5563697151519, 900.0]
car [687.9889777886817, 497.4577082056732, 731.8205644086629, 528.2895597454764]
car [754.6815928825279, 500.79374392747866, 832.4875161781199, 549.0439980943336]
car [922.6916860295489, 506.5186520161651, 970.9318305571319, 531.0134555815739]
car [1001.081646380812, 513.2859605901257, 1064.4633250306206, 539.7507511143197]
car [1122.171106097355, 516.753991217913, 1229.0075474570046, 553.91086834128]
other_vehicle [429.6838710008522, 447.58500623715554, 572.8254475265069, 564.8317596618798]
car [857.4510860752561, 507.5101946294496, 889.3623401995195, 527.5309450914586]
car [841.0039813957022, 509.24972037712683, 872.0577199996804, 526.5815004243402]
other_vehicle [546.8002296973739, 490.74298138099886, 584.0002228282696, 524.058185355208]
car [1481.9425369739379, 501.05401895520407, 1600.0, 764.6856837009773]
car [1357.7922884752081, 512.3586632298944, 1592.4360799025087, 582.6328724023059]
car [1210.451680748045, 518.7701175954733, 1349.81680442984, 563.2359164528546]
other_vehicle [0.0, 303.2861586184411, 517.3209913209513, 741.5330362544279]
car [583.4804303495482, 501.8219026563091, 650.6695165099518, 556.0887475387649]
car [407.55349759143525, 487.87469329257965, 537.3589491288731, 589.0898181788391]
car [641.0630213351557, 504.12623839392535, 677.420831557866, 531.6892622121142]
car [1028.5376961203447, 475.53511735170196, 1146.4587675060943, 520.8516814706893]
car [1337.1708258625, 515.8255803168964, 1584.855186826704, 581.3452767247841]
other_vehicle [507.3180639364069, 474.8092500212476, 579.2394663715975, 540.6447138506759]
