car [281.5426686402036, 540.8829763649575, 331.3858302304168, 566.980571797491]
car [150.6712838718675, 547.3493691205339, 225.40818755956147, 577.9335340233795]
pedestrian [1419.0861758143863, 509.183544118221, 1547.3810302702077, 688.818250234078]
car [737.3666916236584, 535.2802273382846, 852.46064931944, 624.8530988013196]
car [75.62251128216658, 548.827691820789, 163.79295266451868, 586.170269229922]
car [701.1660135881335, 526.5181948038621, 794.3186926952685, 596.7247572591308]
car [402.36732152371405, 532.8436217116833, 481.73364942829386, 587.3870555753657]
other_vehicle [672.2457991824592, 481.02085299974385, 768.7262540254801, 579.8407104973555]
car [0.0, 547.3519193447822, 87.06895201018122, 590.1056532763328]
car [495.4843724837195, 535.8988143155175, 536.7441072663951, 566.2875935556772]
car [593.1179752843163, 534.853618911421, 617.3687987153387, 553.5398475427642]
car [331.4931646068321, 543.4449815396758, 366.7937449670734, 563.1220453553632]
car [247.86615734587556, 545.9949682157612, 297.08572881500277, 571.0634181512289]
animal [1427.2553690115838, 614.9598229731175, 1600.0, 725.645471632882]
car [661.6585752398016, 528.9781708531148, 693.581923298256, 556.3683097010044]
car [208.99643110246873, 547.0718633086731, 268.1006598666961, 573.527698006397]
other_vehicle [655.9778176141907, 521.9629280664233, 688.9846359813762, 553.3073759074052]
