car [415.7395716079164, 484.5674998821237, 512.2768863288333, 547.0746353203444]
truck [985.1196630733081, 489.7784942919698, 1114.6201399919257, 534.5844829696962]
car [958.3269204399221, 505.5306078620119, 1035.7351374179511, 543.9310310863718]
car [749.491044179853, 495.33446323231647, 813.5934976989614, 539.5251676829621]
car [566.7018586544532, 496.82388100831594, 651.6988161982098, 567.26602065031]
car [1003.8726673346055, 508.73354841680924, 1071.2299048346629, 529.9422852664771]
car [673.8135318136716, 500.5616911759001, 731.203086008199, 538.001847000793]
car [637.3792845798533, 501.54519385844014, 657.2453333744438, 517.205498890423]
bicycle [492.61292806458346, 497.81111516460425, 534.705176225701, 521.8110207847867]
car [201.16656287567156, 492.0178903564426, 401.79757279226015, 590.3546455485268]
car [1115.4483139759839, 510.2113149821065, 1195.920906028675, 538.0344995598961]
car [0.0, 509.45156887171316, 273.43959983776324, 648.8765455553661]
car [901.7109334250073, 497.60350505505994, 975.8143420112558, 535.5577914557718]
