car [444.6354657445204, 562.5565443892992, 521.9953064293495, 603.4458846517097]
car [225.70692094062505, 558.3849149771253, 284.6426157395102, 598.8478630924459]
car [339.2904575343394, 560.2242923181169, 384.66549541516247, 589.3774895553545]
car [1328.7011329328966, 563.6403339055793, 1577.1672617575562, 659.7912996631876]
car [712.8950073140295, 567.1889765965979, 903.7708376421803, 643.8519494742867]
car [265.77165764539654, 563.3545855914782, 367.0352788871468, 620.805087843856]
car [693.054016856762, 560.9827992846048, 802.40247435712, 603.9580431721489]
car [361.3863189174511, 548.2430015012212, 527.2523780887304, 653.7917284965012]
car [599.604906673537, 554.1272810856934, 749.2416907804277, 630.1080966395328]
car [254.61544874478952, 563.2840974015347, 327.4835182053917, 609.0410821352928]
car [0.0, 549.308083056257, 355.04548893425937, 862.9663304540371]
