car [686.1015174434441, 535.2801311332464, 733.733253875927, 577.0574777645182]
car [692.6896538013447, 535.5193288494171, 752.5895692234535, 584.7500517504093]
car [327.52548178489076, 530.9056815329402, 429.3482510934119, 595.8801416516683]
other_vehicle [174.22119989254162, 518.5990662307124, 293.6359349910379, 579.9923711006631]
car [450.58005555713646, 536.230213689358, 502.17864287514254, 569.9758060992597]
car [746.4802192873924, 499.9764894737009, 1010.3124256223081, 686.0320636085539]
car [675.5904189567119, 533.8744493110025, 718.80379758493, 572.07793779416]
car [0.0, 481.92155526326684, 310.1422350132944, 892.568064893364]
car [667.0629877093593, 533.3061612265594, 701.7847309515088, 567.0740095436073]
car [711.414992263264, 538.679143632689, 798.323616675421, 604.7354381400656]
car [0.0, 536.3227536052307, 96.14799755287497, 701.2942891294496]
other_vehicle [0.0, 520.2658073189272, 44.85916329656239, 598.5261963895643]
other_vehicle [300.24345291756885, 525.4788751771309, 360.567578219681, 565.3697635042497]
car [553.3026298827806, 531.6530449560145, 587.7154501791894, 559.336651151062]
