car [1253.1678273147645, 504.25218845340993, 1422.582928787489, 554.1317576308737]
car [1338.9569843120107, 508.1848969159645, 1600.0, 893.252195990659]
car [955.8850688247225, 502.07791596369674, 1084.042321756333, 541.0749018963756]
car [1418.5110180525487, 486.0588438726216, 1600.0, 574.5156884674742]
truck [158.49033937076484, 356.91214675558194, 1263.5664800524603, 598.2125075547852]
car [140.44460280782488, 467.50368454972335, 419.7540186736194, 563.5628622056516]
bus [139.12787367952117, 441.1165482712127, 570.173794182027, 524.5363165806078]
car [74.75827801709876, 470.40825976569766, 440.5773067855939, 620.1238729921373]
car [649.0518466132064, 487.07415614697777, 775.7189249712267, 532.3992608150394]
car [1287.114235363106, 508.534894001915, 1452.0227762485144, 553.8484267784072]
car [0.0, 469.32057230936545, 91.40617467472289, 520.1317315813113]
car [547.3775389228961, 474.5312917127663, 688.3481122481456, 530.1173232561986]
