car [424.5251741527466, 516.2994749253015, 465.09909935956205, 534.8944659796465]
pedestrian [529.9372776347145, 505.58386026286064, 561.2022570566728, 560.8536866640974]
car [455.779688567024, 516.5917474571262, 515.7121896479622, 553.1919811511863]
car [356.4593597779546, 507.5211821444712, 673.9478529188234, 613.4255651730444]
car [1212.4917143471628, 494.48538325275484, 1584.3957483301072, 604.1334322505274]
car [0.0, 501.08388217636355, 395.0689245925019, 669.7011614122115]
car [1435.3997106265672, 513.4723575509698, 1600.0, 688.6869477974927]
car [45.58714635886454, 510.0202841798912, 126.34896920626471, 538.4618358424997]
car [546.3367727185289, 515.7334680949942, 756.4177033486228, 583.0111458188995]
car [719.4578044720137, 474.31003886077485, 1245.0663471002206, 665.9923094366779]
