car [1012.1151897678662, 500.0226009669543, 1419.121845647604, 669.2073978246761]
car [0.0, 516.9495971861887, 426.73173029604754, 900.0]
car [480.20909390963857, 512.9671153043001, 547.8954896525788, 563.0247930526795]
car [585.5164614152482, 505.02518594006256, 698.6783153875026, 596.7315494950308]
car [843.4575418865626, 518.3909158286469, 878.5219247090029, 534.7759043259191]
car [442.03218422791304, 500.4262618179028, 541.824350679936, 580.722532165509]
car [595.1632703631967, 504.8639693659938, 624.3612531967027, 529.5139362940668]
car [649.8554968911526, 508.2433651782983, 687.9581450499478, 538.1102003531057]
car [916.9495341331437, 521.7300022848208, 970.7063663338577, 544.4082601779073]
car [890.3750560579288, 513.8362312104802, 951.3438910362433, 546.7718360136988]
car [507.92372426127383, 500.5111217926574, 564.7478658812438, 553.3660371469434]
other_vehicle [876.3302455982113, 504.9403528244689, 935.0736353774234, 540.4285751338659]
car [949.4719684687204, 524.3596570503198, 1006.97023372859, 548.5765848412669]
car [724.5956364088808, 492.7652027667238, 872.4932465131817, 599.9935510572911]
other_vehicle [1341.0717138454747, 489.16073681484, 1600.0, 622.0661156891338]
other_vehicle [992.8477886493536, 491.9988133287302, 1124.0018723426087, 558.9021130090301]
