car [530.8525087842783, 521.9211514117585, 565.4781801886995, 548.0829913754819]
car [480.8208145625694, 528.9942013429797, 533.7680132621489, 571.1594659491285]
car [618.540219471311, 521.2248851503672, 655.8858376007489, 552.4458293079847]
car [575.3499094911036, 526.2810362150494, 608.8420410398782, 550.2065264245282]
car [724.4979357078489, 520.3913113838339, 824.1940848413607, 590.3420878722906]
car [0.0, 530.660363308935, 421.26391692079517, 821.8186672963038]
other_vehicle [672.3281435084643, 492.81823152225, 728.732877650222, 550.9056439284982]
car [650.2558498664447, 523.5245071803365, 677.627387373417, 541.482694262373]
car [683.1884635956189, 518.7779096839721, 733.3043759604632, 556.5157128466632]
other_vehicle [857.2919504264944, 0.0, 1600.0, 900.0]
car [695.4317769335889, 512.2194223021828, 756.3868947318933, 566.0730338852699]
