car [1420.6051374220956, 571.0628246984812, 1502.2558116952273, 605.7716799797489]
car [1346.9567992431548, 559.5124095758653, 1451.6922745643908, 617.2316282997541]
car [1473.4709495545778, 565.8795085239325, 1551.8144989092568, 602.7981756180509]
car [0.0, 593.5046399890126, 279.0642333809305, 762.3149003440124]
car [521.2013421027874, 568.141882116296, 825.4578176811195, 681.3607076588261]
car [978.1259047780865, 574.0959569316764, 1072.0355451697455, 606.4125704587323]
car [603.0229156758645, 571.284802423698, 1007.1975679059799, 723.8526642610036]
car [377.21456116888356, 582.0212489725753, 783.5582289705569, 712.1878964160715]
car [1266.9100533453002, 568.3904355931418, 1389.0228091366691, 624.2742851314168]
car [857.344052008738, 579.7936048288661, 1041.6443339427326, 652.5750500308926]
car [1154.286577717524, 568.6894787008047, 1276.7656095632494, 626.2848708537373]
car [0.0, 597.9517824441414, 372.8128997602385, 726.8073095560295]
car [1323.562334911765, 567.4807018245951, 1397.7102966454938, 601.4603900834212]
car [1275.7903766097945, 560.9233265542779, 1380.9088975531358, 612.5636930458446]
car [1012.5246507651501, 555.1209354738402, 1242.9629482894263, 661.5730230891478]
truck [994.5287275216456, 458.10625828338635, 1317.3866136975723, 641.0470327265684]
truck [1528.0731157630248, 490.31238589937703, 1600.0, 649.3069660633599]
car [810.7585889379678, 576.5079419132211, 1035.8519411293855, 667.8076165076426]
car [0.0, 561.098735089622, 572.2547375911081, 808.702667209295]
