car [1141.5158716970973, 559.8747475551172, 1574.1724380336796, 900.0]
car [665.9222216007735, 534.060517829582, 696.7241938152051, 557.8946992709422]
car [672.9282611456737, 533.8936037407013, 714.0512847412089, 563.4835596962877]
car [249.03804241757723, 541.8477766738529, 503.49512587944224, 690.9973400013364]
car [683.4995699646328, 535.0345697878072, 728.1136561890569, 567.6485764821365]
car [533.9571793817726, 533.5718583423397, 586.7150117762096, 571.023354565106]
other_vehicle [147.03465374596487, 523.7843826668594, 258.7142195858757, 577.7042739814275]
car [1017.4041238510986, 522.7000514104576, 1155.1692759775885, 566.8130229307426]
car [304.55665962725345, 544.544586049804, 347.41998671424636, 564.9208045207188]
car [166.40336154792828, 543.2194217238066, 278.4775813206614, 594.3840359734605]
truck [130.34098808239162, 490.71937634981117, 311.8614269968306, 588.9569664614768]
car [900.9478843413436, 526.221575314304, 1038.5725098900612, 569.507850904454]
car [464.6482703485351, 539.219868022556, 490.6870688841378, 554.684168251791]
car [1553.2949096673044, 510.2137586346991, 1600.0, 543.6780978979398]
