car [0.0, 505.84201746463515, 164.45002478232877, 578.8651506907865]
car [0.0, 505.8208638813314, 1.67212799078966, 552.2348180346894]
other_vehicle [320.3602892991579, 490.7850159716311, 493.9993456573904, 574.1569210930929]
car [1376.0457171492126, 495.13640890448664, 1600.0, 694.4547909524873]
car [755.8181859529951, 490.53544177547104, 1251.6903967279093, 669.7922343929717]
other_vehicle [667.2220403841959, 466.8213048830461, 991.017831196421, 606.3226679132908]
car [1028.7829755993769, 538.9021964212429, 1253.5812174076382, 620.5974080380952]
car [1275.129558375656, 540.9303026886196, 1600.0, 900.0]
car [112.84722760107972, 503.1613941258362, 370.68130247280425, 596.7213707511854]
other_vehicle [1304.1238536838885, 525.8588931309129, 1600.0, 640.2710076344592]
car [390.5618524968568, 509.64706509015963, 712.5034653030115, 627.9711311880984]
car [241.8054404288845, 507.06202297037896, 396.6925458223037, 573.5881395303439]
car [1267.6155183335616, 532.1454628686437, 1600.0, 655.2979916633188]
