bicycle [794.999279386278, 512.9351342971676, 824.5555954466356, 547.7917449008527]
car [0.0, 541.5790888131608, 31.471118049413136, 601.652159660266]
car [460.47849016670045, 531.1197666823576, 486.552139604389, 546.032102578106]
car [504.9087530618911, 523.4383756746405, 542.1214124047805, 551.7510874833112]
car [592.2755633793563, 520.8779395291679, 628.8535643990692, 553.6013613596749]
car [292.88641502300044, 531.1404166641968, 410.59879788567724, 599.4853983888589]
car [260.91414985491645, 532.2596511517921, 340.27074085120984, 573.014119923199]
car [125.86382367559091, 546.5113723118972, 213.0182111393238, 580.1139987205801]
car [756.3370918792559, 515.607704911603, 822.0093617989838, 540.0500710852292]
car [569.3900225596792, 524.5097428668023, 596.8028187007645, 549.3598949190555]
