car [1106.7126639865714, 487.66269287327606, 1214.681289522116, 538.7149253997841]
car [0.0, 471.6656558776109, 78.59422542117503, 600.1085090993935]
car [1416.8228633755498, 458.6609937889136, 1600.0, 552.3620615675476]
other_vehicle [1061.0693076412642, 451.9158046983051, 1223.7111029767043, 531.8410358828468]
car [1356.8338130986451, 472.18261705604453, 1507.830580249753, 541.3428291196226]
car [900.7233284569921, 470.41772627713647, 1001.8011435584892, 516.2185694524159]
bicycle [814.0346713093351, 516.5207942004641, 959.7734069158923, 598.9125251339964]
car [1157.0147008738347, 486.1036264513071, 1290.9867077952442, 532.9870550550334]
car [947.092464905549, 456.21916386001004, 1040.557062099989, 491.42711220997353]
car [1430.7744391417796, 483.844395226631, 1600.0, 537.1901490108878]
pedestrian [442.08807398944174, 453.4573910250818, 523.2704219508663, 578.6961095282508]
car [1201.0509069321936, 486.831715315248, 1314.0123184457682, 544.4479439090892]
