bicycle [1032.7111781468006, 551.1170771832341, 1070.0010632684366, 576.2276591116156]
bicycle [890.830828836319, 557.6008919737859, 911.2725985077129, 580.6226447253717]
car [676.3093560677618, 518.4175787457732, 878.7019145923349, 603.5741317214545]
car [1149.8560236513138, 546.9475843237993, 1224.470995284132, 569.953648982179]
bicycle [865.3609478577724, 554.3352657463181, 891.3932721176212, 580.4341881430635]
car [0.0, 540.3737066791576, 100.5889799784276, 624.0796496693722]
car [1097.887023273097, 540.0687917207646, 1175.032905606894, 571.5575198092326]
car [0.0, 495.43430121303913, 662.6809381687657, 843.1459982229286]
car [440.249755892894, 549.4327191261162, 605.3824592452908, 605.1401310925694]
bicycle [874.6240798090353, 554.3888953334616, 900.7111850677819, 580.7063301659178]
car [1420.8247410141885, 528.9812538618004, 1600.0, 616.0409948369005]
