car [57.34813959756273, 505.8192386342352, 203.74395304059263, 562.0199082771313]
car [1413.329954817024, 530.7664204614067, 1600.0, 588.7230138804861]
car [1519.5445431221353, 542.7950133227819, 1600.0, 594.7251290694086]
car [547.1704981949015, 517.6876054734291, 1196.5875348725824, 776.3238251801439]
car [1464.5425278881185, 556.8604392650287, 1600.0, 645.1422753661659]
car [272.663872875762, 498.9720017852054, 477.30987705624295, 583.6529607486748]
car [1500.6621030718836, 540.0967999119143, 1600.0, 599.4989796322468]
car [1484.01223754469, 544.5004536704896, 1600.0, 599.8796129602531]
truck [317.20639920075445, 478.4518612313514, 556.583686874007, 582.9110381808706]
car [0.0, 505.8404232482663, 54.76794603121763, 546.3802576241396]
car [847.3921023509795, 511.6775993116639, 1179.9691211095976, 638.7155707256815]
car [0.0, 508.4083104675999, 23.418218334780512, 542.9759751577219]
