car [1202.6112430238315, 524.8181177131834, 1327.0363473891275, 569.5382839751779]
other_vehicle [1032.332854445681, 489.66439278633317, 1134.6070443631306, 552.416012214585]
car [1110.0040059993296, 508.5795944349513, 1217.669157689596, 560.2194638651179]
car [755.6478522329961, 509.0287276306007, 786.3077286889637, 527.3031342418583]
car [881.402823381195, 500.2501001379605, 971.5479965005942, 550.6646112374472]
car [743.9538625100595, 509.36375546822745, 770.6302815719251, 525.8489731180175]
car [1083.4781546244435, 513.6529307137054, 1600.0, 900.0]
car [654.0551113712573, 506.0756895272858, 680.6855605964186, 528.6137997539823]
car [684.4936674973039, 502.89532167007735, 741.5196099297942, 548.3408238590463]
car [1015.8169113718297, 506.9031172287584, 1152.8042980969835, 564.8548702849306]
car [1347.2298260737844, 523.038392063535, 1553.0757431615389, 589.6529758413532]
car [1175.9230590271382, 520.9162266448396, 1314.171949372394, 571.4676393325983]
car [575.0230226462473, 505.9227410073047, 647.250870788835, 568.1410918065052]
car [780.4605429152207, 502.7160330952265, 839.7270141883939, 533.3168706842142]
car [1446.393052446971, 513.8681130208304, 1600.0, 617.1394659811436]
car [835.7710101692126, 500.11598926452785, 912.3314113829604, 542.6653369017147]
bus [948.4308042918535, 494.68328944188465, 1055.8187384459857, 545.9689361579578]
car [1112.78212027396, 510.0471362218925, 1267.0563956618275, 568.9774316616794]
other_vehicle [865.162965490069, 496.0886440996807, 921.4037829583698, 532.5252960500288]
pedestrian [559.9957563284025, 503.67443103184854, 574.1755771759321, 523.2314312487232]
car [702.4508250000484, 498.80854230961586, 744.0655051812115, 539.135112913892]
car [1420.3781791760305, 526.6044462902524, 1600.0, 611.5969102146589]
car [965.3919446179083, 515.1112239309842, 1029.2536179085, 544.9322500534223]
car [923.4732702200712, 512.6144908985713, 988.5050142343524, 546.6868946924301]
