car [899.4570489088799, 511.02124160870943, 1600.0, 900.0]
car [1471.4572365038014, 530.8483163973752, 1600.0, 594.8011046223376]
car [554.2820222695517, 482.22188857437374, 690.0556860958017, 621.4999299096324]
car [33.68270619874349, 513.3084668323194, 395.46681848121375, 713.0925273552447]
car [683.0016973433833, 495.9044369877901, 742.8505669907319, 550.9291413635932]
car [533.0882813145465, 497.4889503686783, 580.9593237950083, 541.572944417628]
other_vehicle [576.5838090098719, 487.06872149715883, 609.5934581749852, 525.7455446816042]
car [1038.2462443557115, 518.8072383355063, 1097.3540285147587, 546.5393914809594]
car [896.5862814331446, 506.98607317036283, 956.7512852191392, 540.9556024332373]
car [1042.3310479299055, 519.5309147252597, 1111.2397131483306, 541.132142129787]
car [1194.4552819393853, 515.4353585653339, 1600.0, 783.5708957121449]
car [545.378653198845, 482.41951101177085, 589.3894443593199, 535.9319933426639]
car [324.40135842168365, 476.05131392938813, 500.350606985502, 610.2979965581704]
car [1177.4590816434613, 515.6982210979958, 1302.0743718653173, 565.4630077421607]
car [471.3940219882135, 480.7853087580071, 549.2735620178088, 560.0686314654891]
car [421.00574703920495, 480.7575151131345, 535.7868174528338, 576.7949460586751]
car [0.0, 450.35499779343456, 128.12793180555266, 863.1340758912468]
