car [1190.8937630659705, 495.3563585745504, 1332.9485245955384, 545.2002851517956]
car [594.2958692185467, 497.05163200586077, 646.2290200647802, 539.8024584131044]
pedestrian [255.90052189150038, 476.7119842066962, 313.34005910272646, 562.7610002106159]
car [545.3733148205088, 498.22488740452707, 579.712532872758, 525.1916989616764]
car [535.8531881244037, 503.0019574957796, 571.9563478073503, 527.9221410998557]
car [584.271388526332, 505.58367859233704, 763.6249711077976, 634.6338420020611]
car [1004.5387637007683, 504.3464336000885, 1071.7246385704425, 528.1083579831554]
car [754.3354203491905, 494.9749172524076, 825.5411174603496, 539.7032636686705]
car [881.0385324854009, 503.2365535767903, 921.9458294752096, 518.959142658948]
car [841.5953847058485, 497.54444639694566, 877.5769806684277, 516.6697094615643]
pedestrian [471.6118022844982, 491.09308463374623, 490.7863198024792, 530.1620424425962]
car [946.6598412505206, 502.9239027863182, 1003.1208007997691, 524.7873499810363]
pedestrian [455.14563456772896, 484.5620927707583, 479.32606064301854, 525.8501915553189]
car [528.8320221831954, 496.9293572649399, 569.1960560352259, 531.6975352828239]
bus [628.3359249563025, 483.66919006389986, 658.8931769241472, 514.5061207643039]
car [1101.1488299652676, 505.25461763244726, 1210.515598514632, 537.6140784260848]
car [1388.8085736512155, 498.1074423936385, 1564.4018957698272, 540.3407313716274]
