car [346.1259489523273, 553.5774471216095, 582.7582923296674, 630.7852995049506]
car [0.0, 549.8244709609012, 8.45831207257812, 650.7921625130408]
other_vehicle [1090.4629561535514, 526.0198206566187, 1213.1205279530705, 591.6212435370392]
car [1528.7347674332318, 537.8628470648364, 1600.0, 611.5637885872002]
car [1125.1011269451367, 544.0695537113336, 1270.6187252172735, 603.720446405022]
car [462.6839962381996, 538.0488714765343, 653.9791220973977, 618.269820658401]
car [178.76619712396396, 564.7382130464877, 367.56081376707056, 631.8636908765468]
car [1447.2889614320368, 546.8556783740671, 1600.0, 733.2572023251349]
car [932.9735555118383, 541.9655406606076, 1081.4643240516355, 601.9601117423474]
car [1004.2263884122938, 547.7691336872902, 1124.671924058006, 592.9598346605677]
car [719.3888798992451, 553.6233097569553, 1060.9111871874572, 721.1861411265484]
car [617.8879189843339, 533.243709504193, 849.2708966225136, 626.8389299571278]
truck [711.9805390811197, 494.40349678415413, 936.6647558273601, 606.8223431548437]
