car [989.8276990470288, 712.2828617793255, 1060.2886791353283, 770.6334567723055]
car [1096.530579499016, 726.4286215549791, 1196.1184773548569, 792.8841746441777]
pedestrian [1310.9444316151464, 710.3281286868963, 1354.2029878982369, 811.8683418547863]
car [375.93132348592064, 710.6600751805216, 481.646942350091, 772.7700241702073]
car [938.009729772247, 726.2014511291708, 1089.8470161769694, 844.7631180536283]
car [0.0, 747.6299098302828, 57.49472597708626, 829.8631214572258]
car [749.205878456474, 712.3754279321271, 862.0980241881881, 817.3901842656534]
car [670.3864416387737, 706.9126246665215, 835.5281382057739, 838.7960700166086]
car [0.0, 741.0766881492241, 504.8054538391384, 900.0]
pedestrian [1316.3612183269213, 702.7149417538371, 1379.321591003623, 833.0734752137918]
car [0.0, 708.967182971937, 160.89876831728796, 813.0419511033485]
car [437.6528201998889, 687.0734455984683, 711.3442301972301, 900.0]
car [1482.5638098499712, 703.6015971732552, 1600.0, 863.3255576928773]
car [149.56352724509344, 698.5032730300245, 424.46189224563426, 884.6167747818708]
