car [286.21933858554166, 528.8253704328934, 464.451526728586, 594.5215227121216]
car [1547.292123776803, 551.1343525971116, 1600.0, 605.4949069506133]
car [0.0, 519.304349795226, 165.1168707771273, 599.669922280674]
car [1187.9440428004405, 509.6812157131189, 1444.9349163699762, 640.6664209254379]
car [624.4678247274884, 538.5873883809347, 693.6432260485951, 566.328589233356]
car [1404.9090550516248, 544.0454796796263, 1459.5879303533181, 568.9762536558377]
car [685.2216921678876, 532.1313890080709, 776.4746903656318, 569.0190494325113]
car [1053.0763994912224, 543.0547099023021, 1147.001573436612, 574.3195233117298]
truck [466.8988098495411, 510.7482285560428, 569.6170905271031, 561.6337554507545]
car [472.41214904119516, 531.3270039858494, 628.8308227979952, 586.6177571386971]
