car [1094.9232874346271, 560.351019615619, 1186.7775907510181, 599.2509148775465]
car [1177.774044349206, 565.3127507640847, 1253.080325440145, 594.4492566255208]
car [529.369496916716, 565.6657383991803, 594.3311391390284, 592.2044212502648]
car [402.8231524868253, 560.7462431518911, 463.0128917297731, 587.3400969944744]
car [1225.0826922094468, 549.40150277581, 1349.8061847946976, 599.6731133510302]
car [1191.7356740454047, 561.0891941462535, 1280.7333233411173, 599.075053328997]
car [1285.9793118414382, 557.8170110662023, 1392.1243576694103, 600.7719956192395]
car [679.1489692949638, 567.2900681828173, 775.1190618707045, 603.0800672342862]
car [908.1049194646836, 522.6089365025783, 1165.6770801522791, 639.3847205567464]
car [495.39568829558203, 565.1166925061021, 542.7844351973216, 586.3094444010065]
car [590.5964780281348, 570.3710897090675, 672.0383061823892, 598.1506025836496]
car [1319.4204262243352, 547.0975005564562, 1425.8380027469937, 594.2908318294241]
car [1425.3127012818766, 563.2014846316417, 1512.0881942778174, 599.3950738428364]
car [635.4609793085442, 566.5061364240922, 702.1861368838513, 592.2975398652227]
car [883.4078689913946, 560.6041997950523, 995.0701458323738, 602.1019622253074]
car [691.8142214787689, 565.7864592162978, 775.8509515857556, 598.9798825299201]
car [1373.054494548138, 564.0539773345845, 1453.5599204095397, 594.7630045992447]
car [464.50016808952154, 565.7038154487758, 529.7413518787008, 590.4092044052212]
car [1575.7697509158684, 553.2512274549741, 1600.0, 625.5887720783967]
