car [1304.868534200996, 756.4822188971501, 1600.0, 900.0]
car [1397.0520773325204, 811.0462047570833, 1600.0, 900.0]
car [964.9094003688003, 765.5004065715989, 1071.6144153822213, 862.9709509666337]
other_vehicle [0.0, 745.7181374937278, 92.75087402969649, 893.7807765871615]
car [0.0, 781.6763865709378, 127.8447263700156, 900.0]
car [1174.9018408621998, 768.1858100212119, 1366.2852974879397, 900.0]
car [547.4357181540456, 777.8468263122387, 703.9981325091218, 881.777711588028]
car [83.54770233130965, 784.6500136300637, 375.30945302192015, 900.0]
car [1502.5495209071555, 705.6267408661079, 1600.0, 900.0]
car [692.6523155187963, 786.0618322824054, 839.7230692504677, 900.0]
car [1217.0918696996748, 764.8673645974961, 1440.6403932525216, 900.0]
