car [127.74850908118307, 478.0247039606608, 249.69715012247394, 528.7684756502648]
car [33.36749942518029, 496.40299224645946, 117.12372699559572, 523.4381154147151]
pedestrian [1406.5449218060119, 512.4802342570265, 1487.2275331271487, 599.3821175813478]
car [115.57643359917734, 500.4997341304394, 244.98330698424155, 541.9456196122875]
car [0.0, 470.09920360979595, 83.61652931281778, 550.2054500004855]
car [119.43949211101469, 496.0683991385256, 205.179168363157, 525.242212599546]
pedestrian [961.4441858942951, 507.9153841728586, 1005.2754061837288, 562.1197418381547]
car [1159.9954683543053, 518.3498351905394, 1441.034072203984, 600.4245337046096]
car [864.2372248425058, 496.5073943644565, 1153.4785219030011, 617.9167875757599]
car [0.0, 484.5011783505766, 208.0755829145453, 753.664959590459]
car [152.26586094658055, 490.4037740954881, 316.2358962237393, 553.4105590285559]
car [867.1707149022582, 517.440328877609, 924.8664433013395, 558.7939984111421]
car [668.7337017897169, 510.3777070172589, 901.6515705453861, 586.1786781903031]
car [240.25256612274367, 500.0749189270087, 361.3490071529271, 542.6107729246557]
car [348.6412381479907, 497.0389471502673, 494.8684758626395, 553.0076806947097]
car [0.099181643842655, 496.8591205193093, 81.916990076039, 535.6862829025158]
car [604.8411271868073, 459.9085395356134, 833.2136496302288, 560.4226536276757]
