car [516.3205405032396, 529.5835358293576, 577.157635291035, 583.984236174691]
car [697.0210359177293, 538.0540410087289, 717.1677221137523, 554.1808365928]
car [612.8276125186101, 541.5828315885891, 674.2624311338602, 597.4823344358962]
car [566.2769383170572, 534.8694698885477, 600.6510277394692, 564.1648545696613]
car [1490.9026843870793, 511.6838898750759, 1600.0, 900.0]
car [1141.5335632167435, 527.3623227443242, 1290.82637868021, 573.8365522442639]
bicycle [937.6092462760569, 533.9779150394442, 1019.4270105796821, 594.3770935185746]
car [1275.0576219099562, 528.2927782010811, 1439.660005036499, 570.3633229951188]
car [361.2777398011675, 542.1516961584305, 405.18263590425136, 567.2944425764914]
car [286.4266013054694, 540.6561089802201, 491.6579182621905, 672.2021565455946]
car [0.0, 530.9250117221886, 58.07674369637697, 653.6183508756525]
car [69.67011461316322, 549.4231847272202, 182.18961916585, 588.0994697194024]
car [240.1691370295034, 545.5345550800413, 304.5827232432225, 576.7999581124922]
