car [526.786484056658, 492.04268110339854, 575.7947923450461, 538.4072034777641]
car [833.8934118431171, 496.62455565344453, 979.7374569610339, 573.5651602283655]
car [1502.213160735298, 511.4926461296182, 1600.0, 592.3089715820194]
car [469.9947470315959, 499.711314366495, 548.2278002148782, 556.4992689145247]
car [385.2911610395937, 492.5844643358949, 449.9927252920196, 516.688896862737]
car [415.65549599967625, 485.55923570941576, 529.5956597635499, 577.8605230406835]
car [669.2886043763607, 497.32266888213604, 707.7632218957552, 531.6254550450238]
car [1319.6380520851683, 519.3925754908181, 1503.7987218527385, 578.0135046994079]
car [582.8566247290141, 500.8356852503926, 675.6005868328756, 583.295653166645]
car [695.557192343354, 500.3081838613939, 723.2968508432098, 521.3481760024296]
other_vehicle [529.265467857128, 468.1212140676407, 599.1622117391005, 530.6125274132625]
car [1204.7895774671692, 514.9688916741591, 1337.1963549780576, 562.8390905853706]
car [500.5127889983472, 505.869163829008, 561.1954317886037, 546.2090833533418]
