car [9.06081877906746, 527.7373556401934, 155.52029914763136, 573.1290086446821]
car [495.74861509108064, 516.4113750167901, 596.4853461178753, 574.9992412579048]
car [414.4145860169574, 524.7753929041912, 555.3073722812093, 586.0358714051295]
car [948.5832996064519, 506.89778412708813, 1060.3218557728921, 541.6893129765404]
car [836.8778065878904, 513.9102834017652, 903.9592662464079, 539.8880328237244]
car [428.82764062010216, 514.4356668014838, 540.1617408718636, 551.4616678846598]
car [753.2665617625086, 520.1301329286042, 960.3364185105714, 599.830234869276]
car [730.6786936985839, 518.1000930161599, 759.7311326044454, 539.0528009150789]
car [697.9805074541152, 520.4773088268399, 732.9215060147143, 543.3522514071074]
car [105.68731905073068, 499.2803457679328, 181.11886363457742, 524.382242894561]
car [0.0, 521.6425742004478, 287.70361722755484, 665.3553717879263]
car [325.2289457524054, 515.8928780753188, 445.61385801676147, 560.2578445127263]
car [201.26862114663066, 523.8218780878728, 332.7971878654586, 571.9870821816993]
car [769.761556942981, 518.8695479722446, 949.5377605985964, 584.3719967023438]
car [679.4086582210455, 518.4988731984073, 721.7046898187168, 545.6228641499149]
car [140.8128909861566, 525.6043776386072, 287.30851220871756, 581.3641747772126]
car [791.0332459781166, 518.4324487323157, 917.8909671211206, 560.9930780313132]
