car [759.0637617135012, 529.6111515972668, 904.7708175388211, 637.7431091963638]
car [166.93004014758628, 541.0180081298248, 249.48912369544485, 578.3398870263633]
car [512.9204157312353, 533.6679536413077, 553.5856423875105, 560.2147773629741]
car [443.9419877830339, 534.4617331094305, 554.0712087201729, 610.0764635700939]
car [459.56925205122354, 530.448374224602, 521.6749122369364, 575.3937611028493]
car [311.2944699230483, 542.0663254339697, 354.2286506056904, 565.6597606694422]
car [703.3386511047958, 538.1554855604476, 773.4590267524821, 588.3358841541386]
car [838.1382576061256, 532.6178855375103, 1148.6856581354425, 722.0518302161516]
bus [637.7109107244944, 517.0728273354981, 666.0823974548812, 541.0220140845004]
car [549.7717607176446, 522.6210804337042, 607.4234793150985, 572.612408585604]
car [0.0, 541.8242995547265, 84.62312140769241, 597.9730906633214]
car [396.0778096526923, 535.366381887127, 477.5006279151031, 586.1090485820936]
car [105.54248804618318, 551.4125300450579, 195.01790725885724, 585.1742617546109]
car [699.809212496233, 535.0057298398452, 758.7356181628154, 577.3426207657981]
car [671.7164713084223, 536.4731966785508, 698.8944323642313, 555.8491364378007]
car [603.1569091244804, 532.3095968109706, 632.7967747529118, 557.383247875825]
car [341.3967914969601, 528.0851216511846, 418.6574975420839, 578.3380960080673]
car [611.0976593183028, 536.4790505331233, 680.758886659678, 599.1300387973974]
car [583.3996112218983, 527.2033830430402, 616.7601730861819, 558.31213683372]
other_vehicle [225.63545283348873, 524.1297245965511, 311.07002940888265, 573.7908135031269]
car [633.0975381943632, 533.1187643065981, 663.6549519915701, 557.6420116695447]
