car [0.0, 508.6175724968018, 397.1263952920896, 900.0]
car [1271.8336171018252, 507.05931642923684, 1600.0, 749.8364921399589]
other_vehicle [858.4631718999409, 489.7326294631766, 896.6519646410258, 513.0945843344715]
car [245.92301109430096, 489.6935586599352, 478.6631861896647, 664.3738286580237]
car [859.7230078359933, 502.7402575943035, 996.8484823960597, 572.0094737053911]
car [396.24026751466687, 502.6024946944205, 528.7380175455495, 588.2533586803614]
other_vehicle [1003.0913481787682, 479.49097540692617, 1116.90812716501, 531.2777839645187]
car [678.0252024351294, 499.52645814192067, 733.6957178157271, 536.4081983018934]
other_vehicle [1181.7321333686289, 486.8098691360794, 1344.271455527985, 558.8073166459369]
car [540.2289406366142, 491.9458384153518, 582.8658572810888, 528.3027583800117]
car [515.8807475166903, 501.7572333828267, 568.530738011974, 538.6998375039951]
car [594.375819650138, 486.76797790045714, 659.5574509103424, 547.5406370209265]
car [695.1316873547173, 477.00198018223597, 805.1910230761091, 563.5924154205164]
car [654.4057271558112, 498.86285010655666, 683.1186359894492, 519.0642923207914]
car [532.9853198154408, 495.5139690342908, 580.8201640690709, 532.5354588765587]
car [768.867807208379, 493.1826300537305, 841.9262696225796, 539.7046101203015]
other_vehicle [1597.057108272232, 541.2224553471966, 1600.0, 594.5195084756534]
car [471.14459727922446, 501.7511910319588, 553.5550075786949, 557.6566964620373]
