car [1501.5401776112178, 485.34095495124404, 1600.0, 695.7902746594757]
car [1303.2811649937696, 495.46565874359914, 1600.0, 651.3442864693806]
car [1119.7122581755543, 484.1991846870575, 1243.7272624293985, 548.1618530832625]
car [1027.342653929566, 483.1416823457633, 1072.6554659523026, 512.6744552840634]
car [1046.2410137491108, 479.67375685996456, 1107.109711793422, 519.0335775924165]
car [894.5229405841653, 487.1031765619707, 968.0825209473804, 511.98363507896744]
car [1062.9378674620916, 488.00752451638476, 1125.0674284516365, 526.3894091047231]
car [1016.3589042422386, 487.946977269491, 1059.4109870135653, 513.2365093968646]
car [1171.8459442558367, 493.2632862438628, 1347.3506401550965, 578.7628831321994]
car [1089.6226948738686, 482.0118024383605, 1179.0358047729983, 537.1848117369495]
