car [720.7674888432769, 557.0002614343441, 804.63958025165, 594.4240657848824]
car [529.694905974646, 547.4248249936338, 687.7203551348529, 608.553802410947]
car [299.98081241697184, 558.0012435321873, 476.1954653203029, 616.4405663976726]
car [1333.624640244442, 536.5394699356315, 1375.3111176178381, 562.2547530543533]
car [863.735499860319, 549.6750351261915, 932.5755578795655, 584.3740447339821]
car [1282.7393695846258, 534.8935811866136, 1332.537467081571, 568.9133168587498]
car [649.3625765147756, 538.28881405741, 774.992528923897, 595.675833121807]
car [1188.740220429452, 544.1931039315722, 1231.7684254873466, 567.3788566033604]
car [804.55418435293, 554.5625443928259, 881.2007919088135, 588.5470180656348]
car [1301.0269760050562, 528.8881760403498, 1345.5909133513544, 555.7465418027704]
car [1027.920499314763, 543.1093512658467, 1096.0383759369481, 571.4523360498702]
pedestrian [1009.4096829516558, 516.5939320741577, 1097.2501287913115, 715.1725107970789]
car [1230.5809552975952, 531.8199837746637, 1288.4243166207668, 565.7961858714677]
car [886.2377326141775, 543.8528809155584, 962.1760483022199, 578.3462252078177]
car [448.2239749840889, 565.0080121878522, 581.4100568365253, 609.7960312821468]
car [601.8890683339944, 552.4011448637804, 893.218838929823, 661.3241773787099]
car [573.3284393965968, 584.8659104919324, 1548.262545074824, 900.0]
car [1206.9378049241877, 540.0169739529803, 1264.595453902922, 575.7477481874295]
car [1080.3337152819445, 542.1943854009871, 1124.207378724129, 568.9538407686684]
