truck [24.385815246639673, 436.9527760862587, 318.9079001579971, 573.8571587701036]
car [1149.7447207117164, 563.0102326369976, 1194.2800631323291, 587.4872621838477]
car [615.3424876597526, 537.3484740701334, 764.2708739504486, 596.4442874115142]
car [1458.5378894047071, 562.4590521614789, 1596.8492250125844, 622.7067638570235]
car [1174.3370433280722, 568.703907238543, 1230.7831307878762, 601.5861148361106]
car [629.5718324102297, 505.74023888118154, 1375.117843263885, 820.7183827977726]
truck [1474.7782252515567, 542.4342735692084, 1580.306982925568, 598.5095869850387]
car [1315.3598677532227, 560.1984017006669, 1378.9030293867525, 592.6979948373462]
car [1233.697718313032, 556.8789324512255, 1352.7276036017354, 620.2009667896854]
car [0.0, 515.5171475626582, 2.242322215906428, 547.0780364060324]
