car [415.8867845704231, 583.1388304565797, 512.5515428485979, 628.3856474871147]
car [1319.0414405697409, 554.9705689266243, 1459.8823981177707, 602.5539965686811]
car [1141.6215901906444, 548.7828508056275, 1183.5960927247756, 580.1941355330766]
car [961.5593972369754, 564.0282197862335, 986.9277985370672, 586.5586160808615]
car [343.9778656354107, 574.2459784612992, 624.1865798226398, 711.0553516501333]
car [96.21448591934634, 590.9700336821016, 258.83758045336873, 658.7108902573895]
car [1065.862464878546, 552.113092969344, 1104.1937180105542, 579.3854446158156]
car [939.7306015932727, 562.1147140707563, 978.9593663813718, 601.1675089584393]
car [804.1072252456743, 566.0634035136378, 851.7569013605201, 596.8869896635077]
other_vehicle [0.0, 558.6271652317448, 157.2000901807532, 673.6525344982321]
car [840.8345119819139, 567.9833878234847, 901.5457404652125, 610.0605037886022]
car [1342.3933835120174, 556.3878833137113, 1522.1583587111973, 617.2743427708443]
car [0.0, 588.0395477928503, 104.27463667432004, 685.7259095626871]
car [1107.1742351235384, 553.2881975278065, 1144.3484170247734, 577.7056923836283]
other_vehicle [388.1453621003084, 556.1407733651364, 520.0248605208566, 627.4025930690335]
car [309.8187612256889, 581.4466225986661, 422.26542915861614, 636.7649290052356]
car [1522.484461681608, 557.2457574194023, 1600.0, 614.7976573128489]
car [1482.6962540996417, 552.4097316388761, 1600.0, 598.5552313564233]
