car [708.0720557244093, 520.1356108413129, 1088.5780268317542, 853.9080899684202]
car [1356.2893881081231, 436.80402840952365, 1600.0, 900.0]
car [1459.3726568963166, 524.6086200374244, 1581.6831697701828, 593.9514305781995]
car [579.8941937100162, 502.8866605949571, 690.1185454171288, 542.6606023375701]
car [1045.950538428082, 513.001884046414, 1137.8278233066314, 564.8625043262066]
car [1044.6582524971648, 518.3532181109873, 1144.8909765179744, 589.2014576829847]
car [1097.1087545535927, 506.8480857223601, 1328.9789238960373, 663.100297054785]
car [379.19426894278433, 497.34792225983733, 533.685639841725, 558.3728898271563]
car [497.1948968401016, 509.9265150640132, 621.1304951968311, 550.0547270430762]
car [665.8590321958969, 507.98773010913044, 752.2785493613659, 536.5087842410296]
car [994.0085707665066, 514.2672231257503, 1020.3554658283259, 536.40086807109]
