car [0.0, 518.2858019959339, 154.35242446742882, 614.0497354044817]
pedestrian [958.4875365894927, 505.41499941474893, 1015.4600304404381, 590.6650455536488]
car [0.0, 515.7226764927237, 72.78534102039568, 591.2023181044779]
car [0.0, 537.2984193540684, 180.31835772838562, 857.3356736186753]
car [392.66552556173525, 532.0836227898385, 451.17282430175834, 563.4690739058332]
car [0.0, 526.5564252682954, 127.56380687524323, 687.7080233130846]
car [484.6824133087033, 479.8725542861729, 733.9643476846323, 727.8908786586902]
car [1079.2807636973887, 486.1328257087502, 1298.1258874631646, 568.7525371266833]
car [518.280510766209, 529.075908416972, 546.3909681204274, 547.5426323908048]
other_vehicle [116.53191149230724, 528.3973576806006, 207.29070807550949, 561.884045043366]
car [54.537856068459725, 507.8812512463138, 428.71050618401483, 731.5662780120119]
car [728.9640721207628, 524.3522862320358, 768.5538390136786, 556.1810274172286]
car [88.42999348286465, 534.59979922521, 176.69658478602042, 564.9692536157656]
pedestrian [836.3016513939269, 512.144079816417, 863.0610410409013, 561.7644297604577]
pedestrian [933.520271582047, 507.4991158340503, 951.8080438622297, 541.885058368079]
car [484.5459493392612, 527.9560548146864, 525.9015358048888, 551.5936012388939]
car [129.8963327496311, 526.1137683383574, 176.34366079403745, 569.4170376222695]
