truck [935.2731568044948, 470.7845973391511, 989.1085117960444, 534.8791352508441]
car [988.611587850299, 513.3233764478575, 1017.2816623807764, 539.3562642373595]
car [1466.9052172456054, 535.2652253265145, 1534.4021647569348, 559.04935627953]
car [309.34548767596567, 487.8644799797904, 469.73669177100777, 545.9327743061078]
car [1004.4841486874965, 510.7982096443029, 1028.5596603485537, 532.4794912584213]
car [1110.4449092530397, 500.2998777861928, 1323.8043752290257, 638.9663265299745]
car [707.7817802811352, 514.8296610764302, 819.7063398724042, 572.0643431698696]
car [807.6020928048126, 509.81902419678096, 865.7266313156401, 552.6691172721205]
car [835.2317290904413, 512.1055465144843, 885.2431322998074, 548.185033956287]
car [641.1582490016249, 515.9950710329845, 770.0790573557446, 585.293570246891]
car [918.4676155224049, 515.0087655070033, 1013.7780233794803, 598.0529804468127]
car [1368.823076834755, 527.6562444929683, 1448.877172319314, 555.6281364073633]
car [1029.8695437733527, 510.9046046013937, 1084.5858111751907, 556.4260091770527]
car [1067.2124518531036, 517.6978879911044, 1101.8333372074474, 541.7926050034027]
