car [1423.5057074449624, 552.4388096045474, 1600.0, 740.4738413491814]
car [606.065635958408, 585.8278937283833, 655.1932734900552, 626.4190135662767]
pedestrian [1255.4795757942281, 580.9336905714945, 1290.1754924298978, 633.4212018195778]
pedestrian [654.4438413105712, 579.4459742007217, 692.7130428104788, 643.8683260925752]
car [563.365106625079, 587.3434858166394, 641.7359955946398, 639.4434230608792]
car [437.37611783476257, 545.4806502730727, 1600.0, 900.0]
pedestrian [565.2960109105869, 583.8455501762571, 598.7564105274384, 650.0563446981313]
car [871.2910936052231, 578.6835172144025, 1014.577909905891, 634.398342803213]
car [696.291366779647, 585.5940724042108, 761.7373084222439, 637.9960413629067]
animal [1267.1478874321701, 614.0168229672238, 1292.9247548350027, 634.1732642703746]
car [807.8389916468211, 579.8621664765477, 873.4323584499602, 621.1671536699087]
pedestrian [641.6997618178484, 582.9351436810435, 688.6514411819943, 651.0112432160535]
