car [676.4886245225507, 533.2086470043156, 696.3839173415222, 552.308771383103]
bicycle [737.8185498965482, 541.411944984458, 759.9745379770641, 556.7400301950443]
car [156.63880745232538, 540.9424946595686, 252.0070885450922, 583.4407255475071]
car [219.34726377800953, 541.6714520205079, 319.9275955253606, 591.1994901835319]
car [388.8205187412775, 536.5352565226391, 427.1595274177528, 559.3720889694189]
car [295.8890056203409, 530.9955433971336, 371.31542932324015, 567.9493666316039]
car [1127.4115044364955, 520.3820121951409, 1243.8952643473763, 555.2808043613218]
other_vehicle [258.3599038358234, 522.0493109895655, 341.20494744647783, 571.9061842676432]
car [149.7065643612272, 545.899594080407, 262.45102949885387, 589.173587432464]
pedestrian [990.0364872651, 491.1601368429864, 1111.4264867359548, 718.7980362286023]
car [1155.3750515977283, 523.4796758041672, 1280.307605924071, 558.2666132065383]
car [405.3233203130236, 536.828706059091, 561.6642845682691, 595.8526086623593]
car [315.4342810353137, 542.5567057781935, 390.26684586636554, 575.3362518431262]
car [369.65449081139593, 542.3614812641491, 419.12321465340966, 566.9939942716654]
car [66.23116199140362, 549.3711658740061, 175.26424588331182, 592.7900432351197]
car [100.89812036061032, 544.9951962748389, 191.38631166475614, 586.2153060048589]
