car [307.9313565547233, 531.0155788763685, 436.78551298132993, 597.5552400732222]
car [578.1894398424009, 556.5807564068704, 678.8207631879561, 635.2834372112901]
car [1397.9278494755702, 525.5812079360235, 1600.0, 735.6250918017327]
car [1139.902751771598, 558.3511822318977, 1281.1327310343072, 608.0846850108676]
other_vehicle [1224.12643396699, 530.100942278863, 1353.903919422763, 588.1972638932746]
car [1040.8224702427035, 545.0952471020456, 1189.0624214048019, 600.659401886762]
car [0.0, 467.7665331288802, 456.27951281736273, 900.0]
car [0.0, 507.53914382552745, 461.51026086312913, 724.0410625093639]
car [1015.7691619584747, 550.6978139516112, 1137.0727746929638, 595.9712089105186]
car [1290.525766739315, 557.5480851951335, 1414.6656929327883, 599.7425898739727]
