car [1414.8326884052472, 551.1276871097098, 1499.0575265995474, 586.6670322005655]
car [1070.4982620193014, 549.3593546592605, 1178.9407995437114, 593.3868633508253]
car [1111.5768998079554, 548.1654939299805, 1581.889220224265, 774.8341876838624]
car [291.69336164988994, 534.1681535431261, 372.29579742286774, 577.1843031072754]
car [407.18394601537665, 496.110192522702, 670.8932650549317, 620.6024122589755]
other_vehicle [1132.2202822071276, 544.8974180172839, 1211.2711512496119, 576.0858636302319]
car [67.29203429296734, 532.6301193377162, 431.54685512124405, 662.6262384137243]
car [747.114124964941, 541.269105029203, 848.7551873180498, 581.5794693295059]
car [815.4563443114478, 538.0033819434283, 1182.886740331768, 692.4922745702212]
car [352.5314673490302, 543.4214389920853, 556.1539348763338, 612.4960712206959]
car [633.1349086381622, 547.9678796509146, 784.4176097516241, 606.0276315962813]
car [1053.234161830151, 553.5716220627075, 1107.2302425280616, 574.9447896012141]
car [702.8053617456429, 543.3288055852364, 791.0924575913239, 575.286499083652]
car [4.123798119820749, 534.4792248299105, 87.24707690466123, 590.3059377126476]
car [713.6118668836565, 556.376248671078, 911.9467043493922, 619.5303958403044]
car [1001.4911256427368, 552.1543472140849, 1110.5176940779447, 594.158638994933]
car [165.13094292604882, 512.5371275259762, 334.41061165267746, 589.7569339635681]
car [1597.4292891854263, 544.4014945705923, 1600.0, 583.2146680048687]
