car [615.30609464212, 523.454102496949, 635.5375236125451, 541.7975554168357]
car [248.3877081887094, 535.7206975242575, 329.8566884216043, 569.807317076099]
car [238.85774092381044, 536.846961379184, 300.2808199946086, 567.5114933828247]
car [474.93168544427925, 525.6750601467562, 527.7578820325004, 561.7691501745139]
other_vehicle [674.139394210547, 509.83236644908044, 705.2493377201645, 540.995525196523]
car [644.957129370882, 523.2878270409047, 665.8844622166755, 543.3252748676458]
car [688.6508015399022, 526.9260218768612, 721.877790358481, 555.1196004007943]
car [170.0997816889986, 538.157775725781, 251.89588359243731, 574.5042173083772]
car [557.86210021415, 524.1677304601191, 586.6750241242283, 546.4946217349648]
car [287.15558179590727, 529.9569717690406, 423.65258305288063, 607.4767551354813]
