car [999.7984150674012, 513.637989475367, 1039.2147182448039, 544.019122507489]
car [772.7314892809572, 520.8946455949629, 1148.6323793098272, 847.9434867696689]
car [1052.0704842134303, 513.22614570516, 1162.9706082995283, 589.4216883850967]
car [838.7569470109966, 509.7187728639292, 903.6809839941503, 561.3639611782272]
car [1258.4964774910384, 510.0887016095661, 1476.1654073407365, 632.1894033936461]
car [892.9048784128643, 508.1723568782572, 1005.9091839111, 612.2392783140648]
car [535.0072134799236, 498.2931830574006, 806.7226255801593, 667.3789272462586]
car [1153.8594947694558, 494.7400766396277, 1482.7901643687667, 716.5305149150191]
car [917.904306145368, 475.8092391321413, 1013.7117109491345, 575.8530590415385]
car [1120.8037964989035, 517.7049438818868, 1196.069385880639, 570.3566766984515]
car [1019.7457349041637, 515.4648000164199, 1068.7361905316995, 552.2561786049018]
car [756.2426287535237, 521.7932396916101, 841.5226709119393, 589.8972040667804]
