car [1229.8859319249125, 507.9178739247331, 1600.0, 730.6711829948881]
car [235.88982138367666, 474.00924091122016, 481.3816521647017, 646.357868360757]
car [401.9500526852522, 488.8471501849767, 525.0170321729966, 588.2127433091239]
car [466.53184154946376, 454.9524108638564, 560.341379516594, 560.5195331169825]
car [0.0, 295.0468519350049, 360.7681586486428, 900.0]
car [1571.750099035515, 504.0720241952467, 1600.0, 559.7528871087613]
other_vehicle [571.5189771502596, 479.74928795818033, 605.0574670058202, 519.3974994489212]
car [710.8336580448101, 470.71142886427066, 826.9425979875228, 570.519110347693]
car [512.0803551470331, 501.766938470528, 570.1705477234804, 542.3314199888538]
car [1513.106098103544, 520.365462025858, 1600.0, 900.0]
other_vehicle [546.4519831954433, 475.22720097806814, 595.3277323469498, 526.4454312761022]
car [665.8757228376112, 495.9156950075315, 706.3223171129658, 529.1245345372032]
other_vehicle [555.8976647862798, 478.40479212342564, 598.6659575617462, 521.6249055970858]
car [643.9092148309168, 497.4472550321157, 669.8236012200032, 520.765449108354]
car [541.0373994758694, 493.8785129369943, 584.120522790219, 530.6948423560383]
car [591.1027721420394, 492.0628284767011, 666.2788381954375, 563.5931359526994]
car [784.8570894232064, 488.66538337368115, 866.6774500858869, 542.4607376321136]
