car [615.1686184818233, 734.9606270233728, 720.4460240707367, 815.1922139581509]
car [1294.360696131242, 692.9353059853664, 1600.0, 900.0]
car [335.6977316423583, 746.2855295130964, 546.9636203994448, 887.2658151611794]
car [1198.0676990812979, 738.1806474874847, 1379.0686428795423, 894.3593703257035]
car [1098.2431459933864, 732.3464552074862, 1179.047639117063, 803.8759563472703]
car [1373.8020433664776, 748.2752873576273, 1600.0, 900.0]
car [1496.469617935549, 785.3154164475383, 1600.0, 900.0]
car [695.9285639425841, 720.5750823165381, 862.8325865739976, 867.7770812158537]
car [501.0241411983289, 720.0455004598177, 651.1242900159367, 838.4693275166486]
car [884.5269763766896, 729.4921585538528, 1079.3933994645008, 900.0]
car [860.4014827249788, 724.2902507980689, 939.2879488039697, 793.7289213935514]
