pedestrian [1351.5975735258253, 528.9475889892408, 1369.7407530830822, 551.8105252490375]
car [1178.2358674591378, 517.1477660641605, 1233.9206014911474, 553.1246770001608]
car [815.8113543436987, 509.26542445501235, 867.9771670281833, 555.4923392159875]
car [710.6473721700871, 509.14204436648663, 778.199117370272, 532.5592187577627]
car [1124.6182998393083, 519.0148214994693, 1163.1796993649061, 545.8178728111385]
car [1357.118543024656, 529.7580004118647, 1418.7323465058607, 554.0107772615893]
car [1146.6783485803235, 516.2822685163525, 1195.7977064928646, 550.5738197636337]
car [1458.4827600958542, 534.3762729633494, 1526.973980052568, 561.9583400505127]
car [1015.3536299350353, 510.8560111964435, 1056.059488845161, 547.6884886665345]
car [713.9534554105134, 517.3008623258669, 819.4947223919817, 575.353423249078]
car [658.590680791492, 520.801493513629, 780.8133328100696, 584.1257328766044]
car [929.125888887228, 508.9312139964903, 1007.781556097663, 578.8100288773069]
