car [1399.9901927690933, 480.52639038786606, 1600.0, 898.9801843661689]
car [10.350735237356623, 507.53622931433694, 104.90206736341317, 549.8718485631169]
car [211.0443176421351, 519.6088243254253, 323.5224903960149, 560.3700158942406]
car [1240.9410954447983, 547.1604797647648, 1541.1524085826532, 634.83255273773]
car [317.69741783702744, 517.8318668903567, 477.2998038422492, 575.3118500633217]
car [959.879187153155, 525.7692316701729, 1195.2961080416997, 617.0326303104858]
car [362.41623801047893, 524.7807822009402, 492.3480265607758, 573.0467843305594]
car [683.1167267578455, 526.0201819926817, 854.507472996627, 592.7513137516614]
car [132.78040385313597, 516.0638451421014, 215.22553762499348, 552.9504598518575]
car [0.0, 515.1889508396381, 34.727228378686945, 545.238088525574]
car [496.6977529844687, 527.4795638700572, 638.4222118362906, 579.0702714761993]
