car [678.6632879646892, 524.5031557156375, 719.5901350968028, 559.9906756068207]
car [1015.941934692456, 503.16964112675595, 1203.3739122489058, 583.6458311895117]
car [883.3698371583873, 525.7809911291911, 1174.6170673441916, 614.7428082150956]
car [486.50337269987193, 528.4239167999428, 531.2913566715577, 559.835044458548]
car [768.1461345029464, 524.2158261579365, 812.071844540329, 551.1581151495931]
car [542.4029660865075, 530.7736392083219, 567.0872080309205, 546.2779532595938]
car [336.1161634104291, 534.0113632034712, 374.9154563541606, 552.9010698877853]
car [0.0, 536.2600420377534, 286.122200174049, 689.4742624684469]
car [686.4853301205304, 528.2021835224575, 725.1838717748449, 563.5000072810776]
car [257.16733711667644, 536.5255440880688, 307.8238560302377, 559.028029412954]
car [396.0142766113822, 526.0317979458533, 527.1479274376296, 616.5168290784139]
car [404.82661577674213, 528.1837400167517, 439.60741162685997, 547.9774977764723]
car [589.8669322172339, 523.8006847998898, 613.5003999084654, 546.722180908418]
car [759.1730059811272, 517.7281602076883, 788.8452006706244, 543.5367834160622]
car [549.9540193214251, 523.0519607462185, 591.5945404938464, 559.6134273391076]
car [0.0, 544.242002267818, 9.301373801066308, 582.4502081602712]
car [623.6019158934024, 527.0562351525462, 651.1225828120964, 549.7550267354484]
