car [123.12588233377406, 518.3444298358842, 199.73846336497454, 541.1161402608433]
car [962.8312005818037, 518.9794747553784, 1266.3770290967823, 638.7861624621864]
car [8.492125799513227, 507.0403863447413, 148.13922744765068, 561.255797694028]
car [288.73384375476866, 516.7179870541203, 408.14843842701333, 567.3821967922127]
truck [674.2084546217961, 529.6149483527331, 754.3267871668347, 559.189983794924]
car [588.0032721281418, 527.5808058578056, 751.6865042099497, 590.3254609022747]
car [356.22160885860876, 481.56006137869684, 917.2536420653113, 757.9816239537969]
car [74.00320724429616, 512.4185695555368, 159.06529954770318, 541.7487606594315]
car [0.0, 500.2089125531917, 68.27506556189266, 547.468716050934]
car [184.22987885109703, 511.95495931983055, 311.8665388236498, 567.3598118790495]
car [319.386634302131, 503.0368715603914, 540.4287353978793, 591.16160743965]
car [1078.3835563815842, 505.7780796024445, 1585.3403861717197, 679.207283321999]
car [188.60831607290731, 522.2276843406388, 258.48999755056417, 544.0365581582879]
