car [736.0867139007831, 541.2409335208021, 881.3214910556729, 638.8004742991527]
car [648.3610388980499, 535.26638620737, 690.6738582692052, 566.5693445184152]
car [699.2640172723726, 519.4857837679943, 818.6340971637379, 617.4998214789093]
car [509.61389907368186, 530.4774338137406, 535.8267955796433, 549.586323950833]
bus [625.0257674823257, 505.44655729610713, 665.8503631988557, 553.1757446354795]
car [757.1997582871791, 548.9779877225226, 998.2155320403871, 698.439182163999]
other_vehicle [633.8751701728759, 498.63245658968293, 692.2774149296085, 561.4771227617913]
car [495.1271081490572, 528.9590387697325, 519.2958711280512, 547.9858845102453]
car [434.6316386782501, 531.7610899025415, 469.981267636772, 556.4543374289681]
car [554.5687446485907, 531.3220714496166, 575.216632979008, 548.1594667600568]
car [847.802422217327, 550.357527152442, 1600.0, 900.0]
car [678.2194517830494, 536.4965205191963, 761.9635884510409, 592.7940910060424]
car [660.3260736752117, 535.590803999567, 718.3940928364681, 574.2767467992248]
car [473.99248268911737, 531.604177808425, 503.162946784727, 549.9730708397325]
