car [873.0432362457345, 464.09726228802066, 1106.8756448499776, 594.8031134432858]
car [996.4740177615319, 490.28680104652966, 1114.6512066201913, 537.010880158705]
truck [967.0015530835227, 396.5072930188374, 1346.8193888560575, 558.0353675253203]
car [523.6456447096588, 478.1312215584559, 636.0097643927028, 585.783830267443]
car [632.0770328137957, 484.98591143335193, 669.3131999715043, 519.7723715880032]
car [782.4412126613026, 492.58777673507547, 815.4737303353083, 509.32221863109123]
car [806.4696572822046, 491.67248560272975, 852.6982553154685, 516.7861420969399]
other_vehicle [516.6225412450419, 470.40226636873496, 562.5763611702728, 521.6003351264487]
bus [545.9152969065517, 454.31150467608893, 619.7418627718799, 530.7749662056393]
car [641.5234350339674, 491.65106516558353, 688.5158885697334, 526.5394495502933]
car [510.85884759549236, 491.7252088692485, 548.7731995001154, 525.6479588366652]
car [718.560947038383, 485.6921127569905, 780.394912557565, 530.3289131152076]
car [656.460164444033, 494.04878190967156, 718.8760109878019, 538.8993942459234]
car [1298.4238937619943, 484.83110332495016, 1505.7089971410776, 551.3089254632647]
car [679.6971180887873, 480.610892294336, 726.8559070022791, 520.2320096122241]
