car [1300.6840043700802, 624.5183199953312, 1592.9324420198088, 900.0]
car [1255.0695153546355, 694.1263198500897, 1500.5085897087372, 855.7231171168215]
car [371.74219990311906, 654.4826216176849, 736.2323840279792, 900.0]
car [760.7134786407272, 689.8712397886537, 893.129676555905, 795.3608756248634]
car [1335.504329879534, 650.3695842271188, 1600.0, 900.0]
car [1175.144041965459, 686.0598803298428, 1304.6485621519744, 784.2680985367144]
bus [1345.3262442450755, 98.2794336552696, 1600.0, 900.0]
car [662.9023949263438, 679.6569434011566, 837.8679955648863, 823.3447181030311]
car [1198.410861709796, 686.1684010760774, 1324.524272352589, 794.6816068359691]
car [1215.3388364454077, 655.7219570611633, 1414.8284494696409, 829.2312123217089]
truck [0.0, 467.6056338308444, 525.0369935427489, 899.4511429858636]
