car [560.0157450884815, 518.0952663968475, 592.967717409962, 544.0500073676565]
car [471.1511968919783, 518.9659850004668, 516.2785695430707, 550.4381056112364]
other_vehicle [0.0, 503.7381460303562, 145.30406578500182, 581.0178727391615]
car [769.0658409209789, 492.56379717618665, 1090.9142939809683, 698.0257209432995]
other_vehicle [0.0, 502.69292196319884, 8.682667424399542, 584.0565586160361]
car [724.5598853168601, 502.89948933934863, 889.4800441807399, 616.3423646094923]
bus [619.3846713452668, 497.93881194878236, 647.6769603167953, 530.7688589218834]
car [669.6882131928498, 511.8029387591151, 711.2197290667151, 546.3622610355316]
car [990.5217790256285, 449.7328967462837, 1600.0, 900.0]
other_vehicle [129.99693235921168, 502.56935569618497, 253.9082221693587, 568.8948157686216]
car [697.6329673971512, 511.12369227149514, 796.446034963385, 580.5147830481374]
car [690.3310541325773, 512.0952793109824, 759.5152152111857, 564.5128397000349]
car [682.9337267221243, 514.1791861018712, 738.9958886978234, 556.3879761506156]
car [631.1819963234192, 510.1467011652383, 675.1422769780248, 541.0324282536449]
car [533.1904540448553, 514.8687408472282, 567.326291858918, 537.4868190723258]
car [314.91070768647256, 513.1651522634185, 537.1205351771519, 662.6114374547833]
