animal [1131.8208190972803, 599.3194471488322, 1177.7071593311503, 625.8346577513232]
car [575.8156869565825, 533.2428605614606, 663.8867119636757, 599.1869474747743]
car [32.477214720507256, 544.8353770186081, 136.45670406148585, 579.6977720155203]
car [526.7634791881435, 538.0030575351045, 591.2107473969994, 583.6532971120698]
car [476.19586289639193, 529.6340689175436, 530.7596162326759, 567.5621059035528]
car [443.28004784955544, 545.6799168463889, 486.6401977472937, 568.8631841921856]
car [93.51793036781775, 550.8134247781173, 207.98809766859338, 595.7612111209245]
car [397.1235994712566, 542.901792931259, 457.9830310546127, 576.1331038139692]
car [691.9522177856311, 522.287819876477, 768.0588429953119, 597.1687342803236]
car [0.0, 541.9661514497991, 445.13783332679805, 801.9757195515085]
other_vehicle [70.12568658700495, 537.8669581525726, 174.89032738000617, 576.0030227009382]
car [199.24732260693887, 543.4423810089572, 277.68031870013004, 580.4382813502095]
car [799.9055998687257, 532.19684309149, 848.5982345680292, 571.9795839664872]
car [0.0, 528.273617976178, 67.91737009124772, 559.2809958233989]
car [340.79209502404734, 545.1390954826917, 393.3901894799152, 569.3805300672675]
pedestrian [1079.8682411944667, 511.0277549162382, 1151.188002411951, 617.1945774551679]
car [800.3828122786423, 537.1547775875949, 858.8645223502571, 580.6172170107175]
car [0.0, 562.2690402810744, 0.8507945934826691, 618.7857372320158]
car [43.7864941004545, 534.7084436911255, 105.49696491850845, 588.5359962554156]
animal [975.5468059588075, 594.8863298201574, 1005.0450689301402, 616.8982017669898]
car [219.93340566627413, 545.7020129141266, 328.31418519453337, 596.5026999031015]
car [365.44315436417946, 553.2868188402844, 424.2742166898157, 580.0030755951933]
pedestrian [1311.914390283875, 503.6085026481745, 1450.4571107264169, 659.2253690328172]
car [244.29547833400463, 541.4514611744873, 363.5150570433855, 592.018319633907]
car [0.0, 548.9895604911405, 154.6119522216249, 628.3275378779216]
