car [1346.910877853846, 583.0407198922283, 1385.5529358508695, 606.9129263348117]
car [1151.0653102608062, 566.708610014417, 1296.7717196817587, 653.0003752740255]
car [1052.6969465062634, 580.295077136093, 1212.7372369627533, 671.967719396066]
car [1296.8608666950197, 591.5328238404771, 1377.0702295668557, 635.8300367749852]
car [611.6179940419818, 547.1402325186193, 837.1488159674834, 638.798719098336]
car [1233.1604386514823, 587.2007655353015, 1286.079173458521, 613.4347239616784]
car [1054.534168714027, 567.4245360006719, 1171.6758291288486, 628.1909772527616]
pedestrian [260.36575772622166, 528.5824621373802, 351.31433091448554, 651.6223268248513]
pedestrian [203.4122423018779, 534.2116515062239, 301.701049596694, 655.8289792393314]
car [1413.333519084172, 593.6755220395396, 1455.8032706762892, 620.1524656834213]
