bus [0.0, 761.0363752694831, 185.22026898418505, 880.5604935561466]
car [816.8854838549523, 809.4187986549105, 913.4492675353763, 886.1912572884852]
car [282.7053537358037, 792.846846367641, 495.1791873551804, 900.0]
car [26.33985222231922, 802.5712243259438, 197.83869985825433, 897.1053256299846]
car [140.7698043285208, 748.514039698902, 367.18623681506347, 900.0]
car [0.0, 796.7668114707398, 97.66040938681608, 897.2693705423053]
car [538.2527234994775, 790.1505602829658, 683.4686530235479, 900.0]
car [638.5444873341863, 761.7714745466727, 831.6323902172202, 900.0]
car [912.794962884849, 812.5505468366497, 1131.9279061303405, 900.0]
car [379.2569183634605, 815.6154901095474, 684.9605202732678, 900.0]
car [986.9645644844693, 794.2533870578006, 1134.970663763352, 900.0]
