car [0.0, 504.7846201214246, 51.5635455987823, 555.2957749329289]
car [1076.385574184847, 523.0351386961748, 1382.2449346271508, 640.8903395721682]
car [1508.1083115627948, 567.2942925531466, 1600.0, 706.5669429280299]
car [195.7545641264001, 512.1050939183446, 320.97058887782924, 566.9075502844482]
other_vehicle [367.37196240096546, 482.3719563132444, 604.0988180142828, 584.3793790589782]
car [1580.446748362038, 478.3784038744104, 1600.0, 900.0]
car [254.604002726194, 517.0825844473362, 368.1061412565826, 563.5729982191909]
car [607.1601602030541, 539.3371210596863, 775.0056386298673, 599.2298105408051]
car [15.899106271968906, 479.4326355604238, 395.5842756330003, 664.3092517174582]
car [764.802532456029, 545.1778916003598, 942.1438486276548, 614.9760296157426]
car [220.07777537787848, 519.526789509141, 377.6558966657635, 583.4039676321404]
car [0.0, 505.1352488741109, 95.75881370526356, 546.6038600205018]
car [0.0, 501.3275759225042, 52.979906256830525, 546.9706652378462]
car [1419.7558394219493, 551.0798363129124, 1600.0, 663.1789893367467]
