car [1009.2153690410297, 703.3779832581038, 1118.1353835203533, 801.5402669942218]
car [1433.6625319081272, 704.3696716584471, 1581.9662946573746, 819.9281165662419]
car [573.7129228752132, 716.641981683062, 724.8607700469022, 832.7652834036695]
car [1557.6462258430574, 739.8711195845616, 1600.0, 817.3369694834369]
car [0.0, 666.6700999040852, 315.5401800657581, 900.0]
car [1145.3759612669942, 732.2268603122243, 1239.6473834530086, 812.2526390987357]
car [1242.2626070056313, 709.0405498450608, 1500.9088892612083, 900.0]
car [796.2590932608585, 751.8438035743902, 1254.35945168219, 900.0]
car [1202.8939412657473, 714.6369371085972, 1378.5051094795779, 864.9984955088142]
car [1161.304760127039, 767.3654904768694, 1600.0, 900.0]
car [763.1480549102371, 736.0795029563386, 838.6120275716238, 794.2096668566401]
car [1162.0779523870174, 729.4043952282149, 1274.2875790923824, 826.6113750605662]
car [409.0129112571693, 741.4755456571863, 606.736235033394, 866.168698111399]
