car [0.0, 560.0038458327278, 53.50028153723889, 611.213258732325]
car [314.9382202947341, 539.7305351054065, 394.23748523104615, 578.924337080626]
car [470.21740926226255, 542.7869889745137, 508.3864102318993, 564.5425353329573]
car [0.0, 550.9901989834927, 336.6038079138834, 803.6097472823687]
car [177.0105962928787, 545.0944552262561, 248.01026432311522, 579.5283014059945]
car [403.29900375574323, 542.7219943535584, 455.5346019024062, 570.4870952975564]
car [357.80633061033393, 539.8052226685867, 410.869493097466, 572.021334473511]
car [433.5591119491818, 537.8126464686209, 652.0515234353284, 746.2042181766374]
car [0.0, 549.0834320402597, 40.86398751989733, 694.5955515050055]
car [738.3502998901647, 525.4166199143932, 897.5232770571696, 608.0235854451947]
car [706.3171800051775, 535.1514667876926, 733.8017565625361, 558.3436494013806]
car [527.3914247797055, 539.1694830379141, 554.4141321862597, 554.5490661277381]
car [275.8149304476459, 546.339417439932, 320.0107942996245, 568.0630898867925]
car [202.66319717607027, 548.1589865955735, 296.1464501705109, 589.3262326690118]
car [391.289244674776, 545.1034744598048, 428.4484944200198, 566.6815407720766]
