car [946.372943824006, 520.813748454744, 1010.7790171462482, 558.8849857370672]
car [181.07139339475233, 507.64565145549307, 281.15310299545524, 542.9796077802508]
car [696.9790674891298, 503.44742695761437, 823.1277687308949, 553.0922379509433]
car [139.1961500868796, 493.7115409364766, 211.27524613497636, 525.5267930097484]
car [0.0, 493.080822099552, 23.077275529041945, 527.1812083271369]
car [672.9719198893231, 507.0698888265478, 733.6135765672801, 532.5665571800989]
car [205.1440735007955, 491.3385347716102, 275.6718684778928, 518.4390948123381]
car [221.25464523585015, 494.4311077777734, 291.82271329055914, 521.9977363713627]
car [1186.3634412775873, 523.2817645159168, 1291.5116972666772, 567.6167775603644]
car [60.095472461941775, 487.6835402510866, 136.42453339751626, 523.1786548781873]
car [266.0644022751003, 501.203413151598, 389.1235384667303, 550.4882548013446]
car [22.269034379992437, 478.99296520271446, 127.10814146640283, 518.0858949255801]
car [1136.5855950271457, 521.152519162326, 1226.964498304021, 557.087408621069]
car [1236.825173249485, 524.978343066022, 1346.818994555689, 574.1455981505973]
car [1109.7652796139423, 516.8257435717845, 1194.3568574248861, 553.1149223369633]
car [476.86390566944857, 485.3189683902385, 547.5284792555694, 515.2805123387463]
car [379.5672827555858, 497.12128894314554, 466.39757976434515, 528.4832617815239]
car [315.79030974452417, 489.9510709208321, 393.290858896475, 521.9828702414817]
car [98.43943759754107, 499.35077552872906, 191.32304760180273, 536.3342025675712]
car [0.0, 499.8892706203556, 65.04358568954954, 532.9608052824302]
car [336.301911571384, 494.05354550372215, 435.623615906545, 533.6300083939884]
other_vehicle [1032.688004526039, 506.2621368475564, 1089.4307108509774, 545.9310248598863]
car [733.9151478525184, 512.499529645981, 829.4219430636508, 548.8468438198211]
car [936.6013392334061, 519.6816135621048, 987.3610551050685, 551.8512940243769]
car [911.6982872041101, 516.4329076911791, 941.6313272826347, 536.7395066990463]
other_vehicle [340.62461360864353, 483.28552492491883, 432.6849828940168, 521.7365181718895]
car [1012.9047689684556, 515.393518830381, 1060.0286831926749, 534.7257900360239]
car [1159.4301062516502, 522.1056255398499, 1257.9778025405947, 561.7246641837393]
car [561.7984826399035, 507.0903191101631, 661.1535134074743, 565.241300059384]
car [432.3168858331548, 477.24093914403164, 1600.0, 900.0]
