car [436.3357347523436, 575.3457730159894, 918.8540822725441, 839.2838389814597]
car [1007.0117567102462, 569.9466197119261, 1033.3238612642695, 589.4976794815267]
car [0.0, 568.63913069188, 303.77304285296003, 667.9915316922019]
truck [852.7086599769714, 544.95470723979, 915.4015350242016, 595.8439516636132]
car [0.0, 573.4410554566309, 424.67179413115457, 704.6202300735274]
car [1047.88018217118, 570.2154085759969, 1077.048494945757, 594.9828860874926]
car [0.0, 561.490091452481, 22.748113350564157, 641.6218642386385]
car [1597.483638727154, 561.4215399246701, 1600.0, 614.0487009650548]
bus [0.0, 522.1531256660271, 436.99141720811684, 632.0563524583143]
car [1042.9505546971336, 566.8599674214865, 1067.406041559087, 589.9607587769207]
car [1298.038571856735, 567.4399375696986, 1493.0639174400972, 618.0235023672336]
car [718.6149021044807, 546.4628029843078, 931.3591010330148, 629.5146806001154]
truck [205.93886875632847, 484.63551211580494, 632.0610977048199, 632.7931674780801]
car [31.291524767675945, 554.9677787272749, 318.8349354970717, 641.8747152334787]
car [1030.059447836683, 552.9491256349828, 1304.864193604717, 662.5983526569053]
