car [703.0269854297592, 520.2900070239501, 778.005690669181, 573.3896677379058]
car [0.0, 534.8167485278133, 154.08494019018897, 598.9198697428947]
car [611.0176231288649, 523.4978565746995, 648.0524338297587, 557.0992348925345]
car [693.0748991145562, 521.3946665798843, 752.5326061696105, 565.6630292127667]
car [163.38808785553263, 536.1707364117976, 224.89904905244282, 560.5880378347847]
car [330.19949570811707, 529.9946437032341, 368.14193223739466, 552.6760095185142]
car [0.0, 543.7801325911769, 7.648950975782014, 584.323712835724]
car [680.5077393696448, 522.5591839430907, 732.9420098796471, 557.7197146843405]
car [79.0441477837345, 539.7053060623701, 162.79478283497988, 573.8445680714414]
pedestrian [0.0, 541.3527174486774, 13.761857809771504, 579.2532533242908]
car [137.75683204478827, 538.2896434472709, 215.48846850063578, 569.6961397686365]
car [721.3713675854635, 519.1737504808001, 821.2074059183873, 594.1435438148761]
car [493.0928336858175, 529.2013338580629, 538.4889194186853, 558.4421730230634]
