car [123.72670035907561, 536.3085272353666, 201.07228637895776, 563.8412031767477]
car [606.2941228264285, 525.8489688686144, 642.2972826931937, 558.551485008482]
car [1575.4281441362552, 506.2814235787926, 1600.0, 581.3814692001234]
car [477.8671982565355, 528.1254659804667, 554.9930466624254, 581.8318405383616]
car [0.0, 530.9812992905802, 86.75340622359228, 574.7118881817657]
car [1046.3684512924196, 517.8246749112817, 1600.0, 900.0]
car [656.240298015541, 527.2972601066037, 680.476065758915, 544.6530120430928]
car [360.93088237532635, 530.4987611648032, 393.85457184742256, 546.8005138796304]
other_vehicle [648.7334879684595, 513.0251496377248, 674.6035084581764, 542.3636090627145]
car [217.38968013698775, 529.0579973978871, 283.9063285678553, 557.1538826533288]
car [550.6452078463557, 527.8617173041763, 583.7329945502917, 554.3156778159433]
