car [1033.573806759234, 457.4031779547861, 1507.2955464201982, 685.5568519175234]
car [523.2522721304952, 511.48963506228205, 571.7056268436073, 547.9720151902739]
car [855.702708421561, 503.582865549265, 1010.7873259469235, 585.9555687997769]
car [577.4157752397841, 491.9789722007246, 658.292433983721, 560.9670037330401]
car [705.4636864986068, 510.6975151211914, 791.784676174732, 565.9650856366426]
car [705.0283091672925, 504.72651971358334, 740.0336980804257, 534.1158353077913]
car [644.9006565107509, 506.32099785520035, 665.7875838726251, 524.9285671188732]
car [669.114663529896, 507.60680142523154, 712.6526490750266, 542.1659407129008]
car [768.1839877737679, 506.00907452309553, 843.5858436152404, 551.8305144111882]
car [549.1606923129207, 511.3152902079574, 582.8766762124579, 535.6500358785903]
other_vehicle [346.0714797973369, 400.16189757252715, 566.958123592375, 607.492023397258]
other_vehicle [0.0, 205.63867308965686, 484.0411198577747, 798.0337794367048]
