car [620.8983021596214, 539.0801607752184, 653.9019282820383, 567.0888198482445]
car [561.7181571716412, 539.7675309893917, 582.1794431183285, 555.5429212398999]
car [818.3601542270485, 553.7550351470023, 1130.8858727548313, 719.6834040383333]
car [489.32039005781394, 535.8573226844406, 572.7029232098748, 595.6915016108677]
other_vehicle [659.2164383973047, 518.0544624706558, 698.2130182959122, 560.6256842594054]
car [924.0629594286954, 474.43303261412615, 1600.0, 900.0]
car [758.4812150528464, 544.8124876415468, 925.7770717942097, 651.5369058124257]
other_vehicle [656.7609166644685, 519.4657501808633, 686.7191064825209, 557.5706721801234]
car [178.16218961250667, 538.3523093653345, 256.1790004319296, 573.0251078917155]
car [432.27874844271884, 540.526421497774, 504.2099512129764, 585.357350082565]
car [728.0509636397752, 545.7508149716, 832.5711619898404, 615.7702132911106]
