bicycle [914.9680754186452, 504.89975049037315, 1039.9804001897116, 575.8955062535331]
pedestrian [1395.3392916743112, 478.279010114093, 1460.442178332632, 579.485615362279]
car [982.2131809434075, 484.65389142180265, 1158.5731338433882, 547.3827536175988]
bicycle [686.8421160333905, 511.09161163962574, 801.7036639021121, 574.1276083209266]
pedestrian [462.39497983266983, 488.34377261584984, 544.118061498581, 597.2473257028249]
bicycle [763.1566720731053, 507.16037871235426, 888.1044186924534, 580.626181974869]
bicycle [1323.849960388153, 459.9783513494597, 1442.7452296530273, 583.4049034000259]
bicycle [955.2422517220568, 504.65208444882853, 1097.5770164656085, 588.5571814982134]
bicycle [681.5493286852279, 501.0721657164511, 798.408359915746, 571.6533754547245]
bicycle [747.3175189846381, 497.35523505215315, 873.6585295399423, 572.8142297593114]
pedestrian [736.6382626577681, 455.84578630238906, 823.5446410408978, 605.2760224149112]
car [1163.0315832571055, 482.8604886914972, 1410.7606217540695, 556.0378572647975]
bicycle [1261.0768359230865, 477.6342391706238, 1363.7188890474756, 574.227095132304]
