car [409.3845233198532, 530.3795608687522, 487.88488970070046, 580.6336705914597]
car [295.0270200175617, 542.7264423614866, 340.8940828155665, 565.1283916203539]
car [695.0240888251772, 539.6126721147267, 761.9562017371479, 582.6525870173634]
car [76.94987433185317, 541.6544449508303, 202.77717253795277, 584.425165069726]
car [539.205046962037, 538.0906191280733, 590.0753006108941, 574.0050180754532]
bus [660.9859450365675, 500.8864323447051, 714.8586380096751, 563.8043861938185]
car [0.0, 546.9686724734421, 246.98971685798887, 695.4734739164905]
car [716.7670743531781, 539.2257157321579, 809.8290148439473, 598.5323071268559]
car [365.887028937967, 539.1503549708983, 520.9546163273163, 639.8360781360198]
other_vehicle [679.0048625795956, 503.6062003589506, 755.5074072831734, 572.7198220631165]
car [247.22532527173942, 544.5717265248918, 327.3391858639588, 578.3415654769323]
car [241.96307183380097, 534.1291695698675, 313.4307923208287, 568.950130592184]
car [572.1808052656542, 539.4808031276847, 599.7995249267208, 560.6852954461424]
car [367.88748876074715, 543.6607694057371, 398.31253700800784, 560.8878058893698]
car [739.5057494774276, 539.227355053222, 879.5859867592967, 625.0668455365251]
other_vehicle [773.621547533245, 104.1252127405307, 1600.0, 900.0]
car [159.03000224170566, 539.8755097133853, 236.5339900135572, 574.1553703027262]
