car [514.5196635999773, 565.7122932650716, 1600.0, 900.0]
car [1500.5288702986409, 374.58300935506696, 1600.0, 735.2986216241967]
bicycle [29.885071828924715, 542.3695769011133, 122.03079136091712, 616.1706972316996]
car [1140.285887372137, 442.64151758840455, 1527.6431585399368, 570.8593999318867]
car [1331.1762685224858, 469.4430563992543, 1600.0, 673.7771311566278]
car [1210.9799268549082, 490.4544151529203, 1600.0, 619.023049165576]
car [476.6037811013429, 499.26839525979835, 648.3307721802588, 578.382605189251]
car [1090.4523834149202, 456.3425454688117, 1354.3817695734322, 553.8669987373621]
car [0.0, 526.3304151289917, 58.780274243062934, 569.1536445402811]
car [1395.4907638145926, 449.6381674737195, 1600.0, 562.8666166615662]
car [1141.188714656337, 471.41465997639557, 1552.556717196609, 593.7024930366707]
