truck [1580.278298169029, 480.75494803585696, 1600.0, 618.4850693934656]
car [1016.4963064690583, 547.9820600754416, 1326.9547770301774, 679.1998409128556]
car [0.0, 556.8827596874341, 1033.8222440743878, 900.0]
other_vehicle [0.0, 485.8144687607875, 401.995089070186, 636.913487612854]
car [616.2788374327549, 568.9799059300099, 742.8659716349066, 614.236762356834]
car [1294.0598313744108, 547.5206992845691, 1360.997566170327, 582.7213959242965]
other_vehicle [729.6829475726005, 520.3398753424358, 942.16492083912, 607.1410104328417]
other_vehicle [1398.1436057872374, 540.7661445542661, 1471.4856185266685, 576.8218787057021]
other_vehicle [1229.4281805531107, 528.3988299956386, 1332.6568150520231, 583.9725028343024]
car [436.51976093104804, 567.8863312798283, 595.1805913033448, 619.5627382397123]
other_vehicle [999.8892520086416, 526.1007666000459, 1168.34957596183, 595.8064372960927]
car [914.998497775717, 550.9207770047669, 1045.3841796530091, 599.370465606097]
car [970.7948390106866, 532.5233149820311, 1164.2485267334896, 607.2475728518136]
