car [238.46606138230774, 528.68212175404, 284.22983785859424, 563.6020080865466]
car [595.2796075522874, 536.5371369172175, 657.393019426446, 582.6781681302303]
car [75.66774017062792, 543.923221380638, 167.45156726803833, 581.1307650248076]
car [261.7424781861173, 522.1206322336214, 398.8163614882421, 607.6006924975733]
car [224.66782300849567, 543.867282499988, 269.3392581093021, 565.355816296649]
car [1196.4680186915762, 498.114124753982, 1600.0, 617.7288057217876]
car [0.0, 539.2549024943304, 95.48092860900101, 607.9105986406288]
pedestrian [647.9059828381588, 527.3252120637316, 658.303155944116, 550.2835897256631]
car [791.5646487143231, 491.3511965682587, 1218.3120725330618, 784.1178261697556]
car [568.822527721891, 533.1226214806138, 597.3376845073694, 552.4378825209393]
car [439.6294297710679, 532.4241932355518, 488.9990890570062, 568.0475948394189]
car [688.3847993563929, 523.7579940585078, 808.1691147458739, 607.037890944904]
truck [479.6765508845486, 502.27396210408614, 570.200253876304, 582.7943724982576]
