car [1424.3577828034645, 526.1479933730858, 1600.0, 587.3276488859694]
car [555.5831867359195, 483.9896754402028, 598.1259012237781, 528.5147970820917]
car [693.9172768942974, 483.87760909193247, 791.127966779254, 565.1664965065204]
other_vehicle [12.971577918707833, 276.63930114796074, 410.26882432846696, 707.3453683895161]
other_vehicle [583.662369286801, 495.8926879081938, 607.9675479629043, 520.548515509445]
bus [454.57155370368747, 442.4848902145112, 563.6293311030802, 558.0816752087151]
car [1263.1307914194967, 513.3639960752553, 1424.624341097165, 572.0264162937881]
car [1047.8778127570072, 478.41419159748375, 1391.0528907803332, 611.332144188853]
car [1532.790273097779, 509.58339526922697, 1600.0, 659.5704668041336]
car [1064.2768013114444, 508.2837673291886, 1536.1475374650531, 680.2845505545869]
car [511.69634209911345, 506.50168445319775, 570.0987596706193, 546.5494688497779]
car [589.7587917353884, 502.0141110568013, 644.4841953765595, 550.9861624811695]
car [877.0096626193549, 508.2788367474438, 999.8245279381753, 559.6999862645127]
car [571.9827279431634, 503.47693698193507, 672.9207151723961, 596.4189004361192]
car [784.13770085901, 496.5166545540181, 866.112384574731, 545.1885072538531]
car [418.4564402600932, 486.087840513494, 534.5157891906991, 578.9791633747755]
car [748.988235801217, 496.93382311908476, 810.0574895384821, 536.4623356269935]
car [553.1227325124269, 509.1777705349633, 586.5712895287813, 538.8883864216903]
car [814.3156359948011, 480.3108537024702, 1086.8976651550195, 665.0991805329392]
car [204.0765105048409, 503.7592405323304, 450.3018519289213, 673.6855086534401]
car [835.2092893961087, 493.31533737426366, 975.835745953046, 578.4408300504605]
car [643.247524517391, 505.4213363377383, 665.6818622832984, 522.4495734083154]
car [669.6537798890571, 501.77817410264663, 711.0388890362634, 539.3422469532152]
car [980.5425487104693, 515.2099605726339, 1037.1145189227318, 539.7818622870152]
car [1020.8872903373234, 514.474554348356, 1088.1220134766274, 544.3261708826233]
car [679.445523294796, 502.6302279980819, 734.7516960783681, 551.1767645158849]
car [340.2737520781347, 502.59305621300786, 494.3704420326784, 607.6251403882129]
