car [535.9081217783844, 516.2065510351051, 573.2747484877704, 547.5572830419909]
car [511.2662834242318, 517.2108397387616, 558.9422293251985, 555.1018034510154]
car [594.3554233109876, 514.4887495691561, 647.3576029506164, 560.2190631984197]
pedestrian [1120.3462250936823, 508.30350572187376, 1197.444156284691, 624.7558588432573]
pedestrian [861.9165756418938, 512.8748269228772, 883.7416010173238, 560.1893724952971]
car [578.7855743040284, 512.9422718600784, 694.4962287394412, 611.9558265995277]
car [0.0, 485.25858637480343, 228.0561308213587, 831.1585982163615]
pedestrian [379.5013144315465, 503.24746927634664, 411.28715635728287, 563.1264620711128]
car [363.81926031494606, 505.51528836651227, 441.57787687895785, 533.0163074235936]
pedestrian [847.0133854685415, 512.8357675413047, 868.3661476137055, 559.6940916536319]
car [477.87670982788944, 521.2640893140043, 540.8472713650389, 563.2373299709191]
car [23.498943753517818, 496.3182016622821, 200.53704351418733, 545.3241883859602]
