car [776.775118728412, 510.24571075477604, 809.153429247146, 525.3640627345142]
car [707.1496900944248, 488.50418125229936, 812.5934424918108, 570.1926640919518]
car [663.7007467351215, 504.42351416064344, 709.902494997727, 539.8403132086939]
car [0.0, 495.5938751032971, 106.13187775363238, 573.0784005235229]
car [580.0063942393895, 506.11796657881405, 656.7579514695175, 569.4837010298112]
truck [792.8635145853601, 497.0553100165272, 878.2053043155674, 536.8616019205482]
car [875.7542559510496, 504.64840477253057, 951.5689732840445, 543.0386844455486]
truck [277.1630558037005, 463.16172132142, 432.2976260042687, 534.4265027495795]
car [85.19802830779399, 492.2535534005596, 163.0183651143831, 526.5277591802428]
car [1345.4742774547476, 523.1361081228331, 1482.5375512500063, 559.3013136980487]
car [1105.5296758039387, 512.0984955544726, 1257.2958119401796, 566.2899853728454]
car [1200.3116724448762, 522.9083494346664, 1329.02164049873, 555.2251482334278]
car [998.7563537838562, 507.6372708470498, 1121.485552756415, 559.8112025291763]
car [1029.3264119083522, 508.7238961032338, 1413.8523715240935, 663.2707625118613]
car [956.1090787424438, 510.9150846136392, 1089.488144449007, 563.5260884479526]
car [89.75591659563474, 498.7056736790964, 267.1438722369411, 557.6030162189356]
car [926.5229067620895, 508.2071199755329, 1009.2179274173495, 542.780765057835]
car [1166.1899371623156, 520.9986048519976, 1303.5502035781494, 565.6545007606001]
car [815.3856326170624, 511.09667413364133, 860.5545768499985, 532.2629881484985]
