car [1506.6534087215502, 750.5612069525382, 1600.0, 900.0]
car [1198.2270026633228, 741.9651002434762, 1342.9468144299458, 875.9195538913127]
car [833.0484574016567, 759.6088509397674, 941.7668404999629, 834.8312480106931]
car [1242.5524497475947, 745.7566740677923, 1476.8917934433446, 900.0]
car [1206.8745955889449, 737.4634595050796, 1414.31507913058, 900.0]
car [1293.8484370505403, 760.3723769838709, 1557.2172354450747, 900.0]
other_vehicle [1142.2238689281266, 626.302776810619, 1342.271529856204, 869.6899729746028]
car [383.708662474464, 760.8009181856869, 586.065711988254, 887.6480780951026]
car [695.9661877542543, 746.2215768234657, 805.5920851282108, 832.4818009280383]
other_vehicle [1334.1763169009998, 456.23661293296993, 1600.0, 900.0]
