car [445.99819333453553, 490.4580363127777, 531.7649126108932, 563.4716622873286]
car [1374.6833868688193, 466.26749706408634, 1600.0, 584.4303232476404]
car [1029.9885571531215, 496.30024032036687, 1127.4697254536193, 531.6775572829972]
car [1038.0524952314463, 489.7814307609504, 1162.7115584133232, 537.318207214437]
car [793.588667957128, 493.11396456428196, 826.1158637098529, 512.0557455309867]
car [1150.8523213544763, 468.5366235266927, 1338.557518167233, 547.0765840343443]
car [462.09002338884085, 484.72616360467157, 535.8070393725371, 542.4507596451192]
car [850.3711869457854, 497.9521791696375, 894.0847586982778, 517.3234350309613]
car [547.7205350674558, 475.1810412610795, 659.9425059210727, 588.092618195138]
car [895.382136302138, 485.63409547401506, 969.1074761709561, 521.1106896345461]
car [821.294583892991, 487.72737463612185, 860.3595516040201, 509.1139222400583]
car [541.9188042148637, 488.07280075210264, 857.8568072536109, 755.3462422651963]
car [620.1309297177678, 486.82990550366736, 665.6855597934151, 504.35891387360846]
car [707.6054384345375, 485.7165815677265, 742.9823247098832, 508.15008632270457]
car [1248.2905804614081, 479.8303029661076, 1548.7209374133572, 575.3090460186188]
car [747.0195694577777, 486.9385394421311, 798.3259409596134, 514.5590899015779]
car [892.8440204596358, 489.242675070558, 982.5505470532033, 527.2754335688855]
car [681.1065242371882, 486.2943792123877, 714.9136611642288, 506.05309565420293]
car [873.3188679510237, 487.25651494042796, 930.7963510227798, 515.2435010218395]
car [1076.5960839055438, 488.70579777320665, 1268.1198096127662, 558.7183314237317]
