car [399.5970784459315, 512.4329803455231, 937.0879861660165, 763.0584197194778]
car [0.0, 490.7372184886492, 156.3982414571049, 630.8092077021554]
car [544.7382300063333, 488.2792355229225, 966.7630922422569, 686.9314587089211]
car [250.3558349224734, 517.4634167385555, 1600.0, 900.0]
other_vehicle [1357.3853251929352, 440.0234729467826, 1600.0, 774.0087315209214]
car [1062.3896262675014, 560.9815652539436, 1173.4316643031634, 611.1410324200035]
car [858.0078668484838, 555.7688145281928, 963.1490489073072, 601.7377287544749]
car [177.60485194822544, 519.7533527538296, 468.16251982224486, 623.8205021539404]
car [990.4293270581194, 560.8534365451922, 1102.9061986965069, 609.4650083143831]
car [182.8635019368311, 524.1672218641821, 284.7991024256773, 554.4651660254768]
car [0.0, 500.1476328295342, 107.75720244696309, 714.6045970331267]
