car [985.4730101298175, 521.0225813164574, 1067.114283710028, 553.7947886635382]
car [605.2827444771427, 497.1738898321727, 658.8027838764131, 543.4428593842679]
car [1114.3635035218804, 531.0772625062377, 1195.5523811012313, 560.0837341978238]
car [519.7211701073853, 500.68995452465344, 573.4357183041492, 551.6926848180169]
car [723.2312794108371, 510.24334956140405, 750.0870081150846, 527.7308672959276]
car [981.1121439707119, 521.679296213909, 1054.119643074919, 555.2169718123046]
other_vehicle [891.408713055047, 506.34937597403626, 947.648397017321, 540.6523408340355]
car [450.35875793428676, 514.4624421785579, 538.0940556852522, 574.0398368248306]
car [933.5594344643911, 523.9552235711805, 987.026724392689, 548.2061235319375]
other_vehicle [1010.3111268939016, 496.0733276913304, 1137.4212023240586, 557.6596247482153]
car [797.6442795381695, 509.74411878127984, 882.3682692198615, 559.5503666009298]
car [967.216983405264, 524.4623907696293, 1025.751541737527, 551.4250671217878]
car [322.2535007771113, 494.42300414941536, 504.6646214308934, 625.5302819580668]
car [742.4077868598171, 511.820740410795, 771.3658438119346, 530.4868530690412]
car [771.3086539815707, 512.0495755220426, 799.2109419440666, 528.3968070543099]
car [593.5485700587517, 504.12724887703104, 702.0481379712784, 599.1551320243578]
car [485.3499197428595, 512.7913732786313, 558.3119391292737, 561.0656752091961]
other_vehicle [1380.6638087324227, 492.0761971976543, 1600.0, 609.2785739961063]
