car [454.1293539248371, 556.247744618538, 518.5330220306928, 584.4781164772742]
car [705.0287761174989, 440.27330072376344, 1600.0, 900.0]
car [671.3756219189505, 556.0969442194527, 725.3482086033401, 580.1509650399389]
car [1574.9550603338373, 594.3163884785112, 1600.0, 725.0029701429837]
car [481.3793238836222, 552.3848278509336, 565.7978690141197, 586.70375847233]
car [599.990915793024, 556.0074059415542, 665.5440176349105, 583.4206515195201]
car [332.7362756750786, 547.8570772639791, 464.9660603777548, 596.3041212564199]
car [548.8302072201278, 555.5599993126227, 627.8262600189729, 584.8823608400589]
car [657.3064417263364, 562.5301458411142, 814.9216456278077, 638.1707457729489]
car [320.80960247103064, 551.269557575255, 449.4501289057099, 593.3996661183932]
car [744.1694994192421, 550.8733934972018, 837.3609148987455, 595.8373914035802]
car [195.95169128325617, 550.6652377321883, 326.269143629832, 592.7081108430631]
