car [661.2730264217928, 538.2650740238223, 691.0735199828002, 562.0234390106291]
car [817.7066982705929, 536.750893055414, 1180.4302750492566, 773.0908874929665]
car [1041.8775726445217, 547.2241113090595, 1600.0, 900.0]
car [696.1083593542022, 528.9310548522926, 763.1807277846433, 590.7998571559564]
car [740.5892672369384, 535.1009779722311, 875.7972928460218, 648.2885382527354]
car [388.5800441849978, 527.7924866992514, 528.720607491982, 633.7439782529616]
other_vehicle [347.46110345228544, 532.5471655969693, 392.76243078180227, 560.5881201213788]
car [496.59705046252907, 539.3507680871976, 535.2140146032688, 565.9510564871732]
car [575.7866758702534, 534.8871343353155, 603.6370565105665, 557.6231993503976]
car [235.00305661349995, 541.4807065501702, 388.8570900934013, 622.2889783329103]
car [674.6983713004561, 534.0697114249156, 718.9121175397017, 572.8368859959636]
car [714.7266157839359, 530.5210248281254, 799.8622303421815, 602.3577633833866]
car [682.8840554653636, 538.8062641694559, 737.8427768993264, 579.5427319516982]
other_vehicle [31.464204539916565, 520.8828944538293, 179.7727621458796, 594.1990667632392]
