car [566.6024923600712, 485.7444045535563, 673.9229873512106, 588.9682798491949]
car [1082.6405984422786, 514.5916019248468, 1198.7144049299882, 563.6130189133743]
car [1154.836981924115, 523.090419885845, 1373.4792859152378, 600.3889689513151]
car [756.19027181067, 507.10432761584, 818.7084944386035, 550.7748037581077]
car [652.0098235941875, 501.09781311312804, 690.7075775476737, 537.3405811679712]
truck [1342.625657733332, 381.2181309846936, 1600.0, 639.6780469548902]
car [570.940805853262, 501.1240669960734, 594.3113797093221, 523.647350133059]
car [926.1351229230935, 512.4498127596685, 1015.9352827427261, 556.4705905830463]
bicycle [0.0, 520.0726177246895, 142.22376812162162, 616.0731038664093]
car [1537.0741909098308, 486.8138490942095, 1600.0, 627.9236356525746]
bicycle [0.0, 525.1878333604411, 135.53696292047002, 623.7009313378484]
car [693.3296915293745, 508.3249028516762, 768.272201539334, 559.8197447925095]
car [1242.4239189765872, 521.1587154077628, 1433.7481100348023, 588.5850091803202]
car [920.2326023575066, 506.3224033940216, 1600.0, 842.9636297808164]
truck [977.3526012725463, 474.9437284367039, 1458.0095907335606, 604.8830298054761]
