car [1220.9788315031344, 506.67995461680056, 1392.043816079136, 613.5786001892104]
car [870.9607091589534, 509.09086424779747, 908.4604101673594, 547.725789763525]
car [995.6669541917253, 512.4966523316047, 1032.480508647704, 541.9318292472839]
other_vehicle [774.3456264682512, 457.85482083084685, 892.7849583837163, 581.2869907323807]
car [885.534624042269, 502.12147449663684, 984.2337126260583, 592.328581568894]
car [1196.5096592088066, 510.79260635949163, 1600.0, 813.4638851404932]
car [858.4156412071924, 512.2660035040886, 899.79275451719, 551.2507305432301]
car [271.41876475777786, 486.240708641476, 714.3259357551149, 808.9475449262258]
car [0.0, 476.0563244499657, 434.9337593250692, 900.0]
other_vehicle [882.9180046831895, 482.1848650527898, 927.4749772734135, 537.8172619860225]
car [676.9857899752941, 514.368429011419, 825.9824149582546, 623.5351596551669]
car [834.342154970997, 509.52487881153615, 889.7253555237598, 559.4335696129381]
car [1048.131510104773, 513.7565691025176, 1083.597096975316, 542.2963698888321]
car [551.1835840581089, 511.8536984297536, 791.7620630460208, 681.3236226473737]
car [753.2228535925069, 514.8344766411989, 861.7025507117802, 599.4165052713704]
