car [889.249558727715, 520.9633342533814, 1020.1693581967049, 562.7076656010344]
car [675.5182921286287, 523.6139624178644, 728.6230437518751, 545.7584538745307]
car [1188.6607298449144, 505.04660966278226, 1319.2290279764516, 548.5042679021713]
truck [1381.3819099075083, 0.0, 1600.0, 900.0]
car [660.7518524944088, 527.3904514532926, 681.6885888647456, 545.2601071123656]
car [194.50033788409283, 542.1789071983676, 257.6596778418681, 569.4522640970769]
car [273.3923618610873, 533.7925866511011, 331.0522171588766, 561.8018972286499]
pedestrian [715.6476298128501, 526.5354699762439, 727.5919591980916, 550.747575028174]
car [227.00213752625126, 518.5885595733573, 301.5076690233006, 565.610322830148]
car [1170.4680487797368, 507.0572894795808, 1265.3174044914417, 536.6053083452642]
car [384.99425273660506, 533.0212308004794, 442.78259462375775, 565.1611183767351]
car [723.2025981788364, 527.8683644073275, 827.4311703730589, 564.0105264801656]
car [577.1420004653695, 529.4717814213623, 603.6687815220381, 555.562994024113]
car [1029.9527143312519, 510.52047698175886, 1164.2840383145883, 556.758684267656]
car [576.6200545715308, 522.8363494159188, 610.5506808548184, 551.9907763746327]
car [536.7688265469487, 534.1525483606994, 584.0626655099262, 566.8038794228869]
