car [1048.82141817221, 498.9028335673676, 1146.7002539989974, 537.9422552372318]
car [909.278889883404, 499.1783149737532, 998.2369011789193, 541.9053107731831]
car [1032.2333477879347, 502.86101308642156, 1142.7832247667009, 546.8678321819897]
car [0.0, 505.51317197850307, 20.34080564652164, 579.0439753471227]
car [813.9554264649638, 488.3330856722502, 954.2757645176754, 588.2221699841632]
car [0.0, 478.6474539483582, 102.59553594660865, 882.0018768557359]
car [878.6541789674615, 500.3590416411852, 925.9550381432001, 526.2648597588958]
car [971.3745949320808, 501.15942229983096, 1025.6588191416035, 520.5018381902713]
car [796.8559906405636, 500.23585528759105, 830.5080627759727, 517.531511513203]
car [1368.6908082825971, 500.69335792512396, 1508.2121084224036, 540.1997974162384]
car [574.0512028506383, 501.790005304649, 629.3833575842916, 548.6925414518989]
car [1316.738631935392, 499.6334201284118, 1453.1690695187513, 539.822469935927]
car [1354.1171208217315, 497.0864644989183, 1463.8918376748811, 531.0903900224051]
car [1267.8674845783507, 501.5991330258198, 1442.6229634181936, 560.8545127552101]
car [947.7723961166041, 504.71671054141973, 1001.202978939344, 533.1697943283411]
car [1445.8491768466315, 501.3165310921887, 1600.0, 577.6253191988135]
car [1345.393510447181, 501.35061441641847, 1488.790215399467, 538.1028053032605]
car [1231.152160275515, 491.3334369915134, 1336.029109717077, 534.4076594204566]
car [0.0, 405.48163488048675, 435.76684843483173, 770.1609221978329]
car [729.1912868056887, 498.30425613367123, 760.4706904294171, 514.8122283623514]
car [538.8445178908502, 501.4145980966692, 571.7189668005068, 529.070440441641]
car [850.4091591065405, 508.8832927276243, 1436.090415770928, 802.9530820261231]
car [1159.3873032989436, 501.4672342365815, 1300.893048208685, 551.29399002325]
car [357.39341443233945, 505.6467437977486, 487.18920385877675, 599.196477746438]
car [514.4505163180921, 496.8502428040781, 563.3692351813154, 536.4118274575835]
