car [333.12996502523924, 538.1952629358925, 597.1696170071257, 630.5859777408679]
car [438.48323762312083, 550.0052878201612, 606.892359129392, 609.3829250277505]
car [881.2839579144985, 537.6027702111895, 1057.8893936786953, 608.9925575080902]
car [1338.64148753456, 550.9840908801698, 1465.2647408936157, 593.3151870822437]
car [542.7956700523168, 555.4691917617178, 687.2406493266653, 608.774990090806]
other_vehicle [1112.118401726706, 529.3051958614295, 1237.3404432868304, 594.3734484931688]
car [1377.4989506031159, 549.0384841352001, 1448.8891881276081, 585.1501235420455]
car [1004.5046423777569, 551.6360084208009, 1112.5291658713056, 596.5757972231314]
car [678.6705944345822, 547.6343624714315, 822.8819549861112, 606.183133080493]
car [1569.4348508823896, 553.3378855198355, 1600.0, 581.9426890335247]
other_vehicle [1259.912029727507, 526.0287663451917, 1378.7390519102173, 590.2514041970793]
car [375.41693012061194, 538.2550078022206, 587.2820128046396, 614.5717526199421]
bus [1413.5576712026073, 536.9922347353302, 1524.1522868840045, 583.882384569261]
car [63.368395188613924, 496.30469934309195, 532.576444387959, 685.5196845548544]
car [1041.9279949398074, 542.9085852633749, 1254.1621056499316, 612.5434750952064]
car [1233.1536899365863, 549.9428420312453, 1335.5582060284682, 590.971259072221]
car [0.0, 537.3725480389345, 210.01268437203532, 624.2092179468771]
car [695.8399550826417, 506.26491860408134, 983.694079043232, 630.3334737524681]
car [1331.738799503415, 552.945613389616, 1418.5191580429623, 586.9674639807072]
car [1432.306976406523, 553.0082360996308, 1600.0, 624.879822657879]
