car [1253.0488240353868, 502.8452342874537, 1415.7773903795603, 559.0997169549595]
bus [704.4574197138047, 476.08094204254667, 750.7801027091874, 520.3086590217783]
car [958.2674351597678, 500.9967718110192, 1001.5198277692868, 527.2793681962002]
car [813.1912395399064, 503.75243335895533, 889.794875652059, 550.5616507342268]
car [675.7194734270158, 501.405377138388, 702.9282601123845, 520.1099191514031]
car [589.0874318494036, 499.39000364914847, 673.5715020081389, 558.5959178398244]
car [389.48162348642103, 502.1890192667273, 521.2240351170636, 547.6291221236256]
car [915.4515580447112, 501.18647215361835, 967.2146209448279, 528.1655841733361]
car [756.0155981770807, 499.5451616290783, 780.5118909145225, 517.7167507714502]
pedestrian [221.50660560155436, 475.76030561679676, 279.4291590020685, 579.9816751494943]
car [1108.0288617424203, 501.3995767954338, 1229.2140845082524, 551.7914977518662]
car [1020.3424389377791, 501.70099102019145, 1128.4048081648175, 545.3098515110358]
truck [840.0204301283948, 475.25564423806355, 895.590777782119, 526.5692967746209]
car [791.4861228451595, 500.4021653826929, 822.7331581107718, 526.7208939315498]
car [974.0028083503157, 500.6479372737859, 1117.8205039133998, 559.448880578373]
car [1301.9235543802201, 502.99663735088814, 1439.1191855186964, 547.080059395342]
car [850.8262662359361, 500.6010879078383, 1086.6364435978924, 613.269308985889]
car [0.0, 630.9005815783534, 0.9198144701210651, 712.4557321178297]
car [1013.7183487695029, 502.23412324043545, 1055.2140585716718, 525.437967085251]
truck [620.3687434650301, 475.3038354531106, 689.0541895463426, 524.6621819748566]
car [697.6653405571794, 495.1008774316578, 724.4753933413573, 514.841776642206]
car [1339.8708186274223, 493.06517208596824, 1600.0, 602.1881217515049]
car [718.3787152222964, 496.0927403513631, 764.9705565382212, 540.5896087835065]
car [1346.053431112371, 503.4808856174256, 1600.0, 752.8634594820596]
