car [782.9741735241939, 564.2795581609188, 874.8204563135378, 632.2935927395561]
car [906.8354092551226, 560.4558263814895, 935.8158667147841, 587.1529280300123]
car [953.1532540220951, 553.9579603005975, 1001.8479869506833, 600.4431281849279]
car [444.7256683762136, 560.8711952954699, 559.9500502108857, 616.3600750241627]
car [712.0539302522274, 560.3779921529582, 792.7752160083182, 618.2658994157783]
car [658.402225859781, 569.9579860580627, 710.0976924950879, 600.9501103513109]
bicycle [1420.5570392314376, 562.104587994649, 1498.8981842270732, 628.2004546139416]
car [832.7380742902984, 560.5547466273631, 874.6686270873232, 593.3590839248328]
car [1357.3053124030973, 561.432697585029, 1485.4276109641999, 614.5659749973106]
car [655.63247838552, 562.869988254169, 699.6656406199194, 593.9816504767437]
car [503.8176416330278, 572.1994382732464, 580.8714385917799, 608.0453162806235]
car [106.57742866602779, 577.0680638124865, 301.43978615261517, 645.8707810918822]
car [489.5652942558039, 560.6440909827887, 564.1231804376735, 599.7900280727004]
