car [827.6152498632024, 507.07078459864533, 901.3793891942403, 566.6043947720474]
car [397.3167246513585, 512.6816489395535, 760.8225345118769, 732.941434421574]
other_vehicle [1293.561870695209, 505.06427432214196, 1365.5120741555563, 557.4375672767836]
car [687.3088233053247, 501.5178552003664, 849.3447694786557, 625.9473790541183]
car [1348.534708790396, 518.61543476163, 1600.0, 664.142251824851]
car [1514.9329359039325, 535.351084102101, 1600.0, 582.2759117916463]
car [903.6003888481969, 514.2308276524387, 1015.5862969090803, 611.0408214890259]
car [1333.6652347858549, 532.7085875474526, 1388.5779203499671, 557.7193086465146]
car [1566.5100952178127, 546.549917389974, 1600.0, 585.6050073486196]
car [1125.0596911468276, 507.3723824626124, 1197.860767235176, 559.7282298072721]
car [852.7727621456162, 514.2402035097755, 913.7843510023388, 559.2119076924513]
car [880.8483988152851, 512.5877502079547, 925.3934786087966, 547.4739542032281]
other_vehicle [1348.8923248387216, 501.08970115577995, 1454.3673477139719, 569.7052564501594]
car [1017.8762026527937, 509.17362128891557, 1066.0345049627126, 550.391903157217]
car [1003.2940621035044, 512.4857571945688, 1031.0420754443878, 536.643951552533]
