car [0.0, 483.4324325893822, 518.2619954155157, 833.7713708920605]
car [1333.5305146021267, 543.7507000937067, 1412.1638462292863, 576.3030960963839]
car [1029.7758108378036, 545.9325992039184, 1130.5822322223917, 585.1693451422308]
car [1106.2737073886256, 550.571802931273, 1201.8962023439242, 581.4563575043613]
car [1175.5945149050654, 543.1602933040801, 1272.865299580242, 581.9120082502059]
car [1290.201358725556, 548.9312670120273, 1366.737041524983, 577.8578432215647]
car [1233.6424790984213, 546.4409109148487, 1600.0, 748.4565921133011]
car [348.8878149092918, 538.379398142119, 536.0984935454687, 611.4010891075344]
car [1244.3008843289565, 540.9724633627143, 1325.7706528501694, 577.7507307596873]
car [542.259505284693, 550.8923463440774, 693.783178935396, 601.9140079256165]
car [305.5236419499833, 546.2542764258059, 530.5324285165767, 620.6545018842214]
car [1400.3299979686012, 549.9830016331083, 1600.0, 631.5450263556047]
car [685.3874605743581, 551.6895433889065, 823.0981794337517, 597.9372588260853]
car [884.3998926568961, 550.3477107611245, 1000.1228589370986, 590.3729336601447]
