other_vehicle [954.7262106896856, 498.83057385988843, 1055.72301250659, 551.3533138883342]
other_vehicle [859.999826853612, 507.1355459487664, 908.7979114437492, 538.0538971510143]
car [800.0312436128355, 509.9261329898206, 891.7642482169534, 563.022413306226]
car [725.285311217688, 511.8644270961336, 751.1594298389718, 528.8540447911549]
car [535.9135819437754, 502.75760011198565, 578.9723981473741, 543.6737382236512]
car [922.1447626826102, 523.3485060435859, 971.0136205425699, 547.006547506276]
car [446.8679869322247, 501.47829572536136, 542.9983712999446, 578.6354639001802]
car [592.800383668552, 505.78626795029646, 697.7734995143043, 597.7575356372781]
car [496.47319958858293, 513.6734552290573, 555.666351425661, 556.4361481971176]
car [514.0165421789027, 512.4541608285797, 567.6009077184901, 549.4030661140737]
other_vehicle [1210.1008862772705, 497.30212945320153, 1475.9541057523286, 592.0793646418459]
car [602.6024984397297, 494.559322590923, 655.1748400211872, 540.4300961404252]
car [895.0984988374578, 519.4863220120286, 944.2021223708956, 544.650922576178]
car [876.0380429922131, 517.7915687509255, 925.2172805687884, 540.3289889892394]
