pedestrian [1524.788530459445, 516.3353675692242, 1590.7948377456503, 627.643279423183]
car [751.2414697642656, 504.94653120695443, 834.7958590142346, 532.8550610354913]
car [1388.4609423685954, 515.5482075690701, 1480.9161332439737, 558.6494442996963]
car [1119.992939212364, 503.6032737692708, 1170.6297202086332, 548.0729189564667]
pedestrian [1568.6503411232868, 517.2342678831907, 1600.0, 632.4167611937279]
car [793.8248347412197, 499.267110870697, 873.6337459993888, 528.6970759874634]
car [877.2971585045271, 516.7555478296308, 1090.0963307752668, 701.5473494040255]
car [1409.137714827764, 516.1756171863066, 1579.073800062149, 573.1231975825959]
car [846.7492516897601, 502.43236151885634, 913.4767615809357, 524.8177868064292]
car [1103.0299385520589, 509.3685575715019, 1133.9441534457821, 532.5255782721035]
