car [905.9340055840416, 509.1366103415201, 1039.558862718636, 604.5853551872076]
car [1528.4822605533816, 519.4258640683582, 1600.0, 553.1405396101165]
car [1503.909339200742, 507.6101767175206, 1600.0, 551.7935856565806]
car [1153.2698111405052, 520.634612159818, 1269.5589946525918, 559.5922735709669]
car [1301.5921047040408, 521.7404100537801, 1425.909515070911, 556.3670999498377]
car [1127.1903321659995, 524.6448922070767, 1258.4185840811408, 557.6738315537852]
car [17.099177955202812, 520.5093167559032, 192.49138496271414, 577.388584671699]
truck [0.0, 497.17117643033697, 11.610797532137328, 572.753436006221]
car [477.8944214387644, 544.1042674204032, 534.410776616783, 570.6321035796439]
car [1012.0469406505221, 522.7714076443807, 1126.5849290242297, 559.6853870571447]
car [858.0598901831496, 530.6894297528864, 969.7344119033492, 564.9633278426332]
car [3.144366709076059, 526.8564102220133, 143.63739732561604, 574.3637741253281]
car [905.761620618499, 524.4651734613084, 1018.7704914669645, 561.7887070669245]
car [946.0202241648061, 516.6044207826169, 1077.8653750177739, 564.026410215217]
car [559.4504603214139, 535.6834240536451, 700.5613108588586, 644.3762327284369]
car [501.00445280377136, 534.1671812210315, 748.9656243946355, 738.5285838652778]
bicycle [1119.921758075005, 525.2751963573687, 1216.5132344335157, 596.8305091565012]
car [1302.7692638643448, 507.42260343213286, 1489.0343587083473, 558.7359800807045]
car [97.08746542358882, 525.0637055879564, 228.1491504926877, 574.2859547205585]
