pedestrian [1401.836556599605, 727.127074883089, 1471.0402154724136, 880.8721169001573]
bus [864.3207010823202, 699.0446042358358, 986.9003671627686, 821.6299152150743]
truck [394.04596416819834, 700.3322200525491, 539.9748586763291, 832.2717443472086]
bus [886.5479252035344, 661.7064807308644, 1128.1508916195928, 879.2106772196112]
car [415.3147722134342, 760.3264338976735, 564.8502544686548, 867.9525900931505]
car [1554.0951041715762, 794.6113168476566, 1600.0, 900.0]
car [1105.2641114878086, 778.8904136679612, 1295.601429785716, 900.0]
car [825.2610187394679, 801.0603937392176, 1100.4270196798634, 900.0]
car [197.22493395226627, 776.178955008924, 414.682842088286, 900.0]
car [831.7291183996972, 761.0508411616461, 1023.3186678781835, 900.0]
car [516.2247421011763, 757.7600325820794, 625.904084680042, 844.2961276333981]
car [256.4883412088514, 740.1647833330197, 402.42242521308395, 849.5901567392654]
