car [769.0819823310694, 496.3895354833107, 837.8833782047011, 539.1436226008007]
other_vehicle [160.04149184306743, 315.2246976428227, 544.5865441330095, 646.3763616677289]
bus [876.3036057794832, 481.60175594595177, 974.3592436851662, 524.8830374670125]
truck [535.4353020891775, 465.650066753983, 594.0960613762629, 529.0055301296607]
car [487.5250864908606, 499.09961001903037, 562.3494099416743, 551.4498226414111]
car [687.9712575000704, 497.8960684807943, 754.8525777846747, 545.5506993307861]
car [666.8492117110347, 498.38072626447473, 705.6575742315156, 528.1454043434467]
car [450.48742106726024, 499.34609148313746, 551.5726767456715, 565.6811491472274]
other_vehicle [23.958652889781845, 307.9007433499368, 379.08104841608144, 700.4759975149909]
car [580.7194886851295, 495.6820302639263, 685.259371612733, 587.703879863499]
car [983.8412651594023, 497.60457023325097, 1319.0142803117296, 644.5815867934531]
car [743.5044505058622, 495.30921099642774, 887.2335285730254, 589.1288068186018]
car [522.4067429717824, 489.6932768325837, 575.1783178902267, 534.7440849264871]
