car [0.0, 498.1418508976795, 62.40228415823148, 563.505953678786]
car [1336.5494503002333, 557.6579390862597, 1435.2358150063305, 598.4657192393694]
car [198.36800890476195, 510.0118672152463, 341.3277711962723, 563.6618194776735]
car [243.5287762703326, 528.0867472030175, 1571.2142455738028, 900.0]
car [1066.9627964976878, 548.463002326522, 1103.6255486055934, 570.7279692521506]
car [1390.2560311254354, 514.0594266205835, 1600.0, 658.7830575589302]
car [0.0, 507.98687947809293, 101.392666736853, 552.8240296403977]
car [843.7932322429491, 539.5387506969832, 1041.5118534982225, 609.165179752579]
car [104.48360932953351, 487.8245225085835, 261.7262355921165, 558.5279768815375]
car [442.2545304431741, 487.75981374618107, 958.7777849432599, 761.1498704751672]
car [1207.026708974095, 548.1203429799037, 1255.829435209286, 572.7837198604213]
car [1295.7088839103308, 548.9273885865384, 1371.109167518042, 587.0165496714609]
car [659.1427071562331, 522.4594955379117, 887.7330181382323, 605.6531947198322]
car [1121.2044599140513, 540.4966203992423, 1205.0626016424044, 599.1497394346655]
car [250.67558464917545, 507.85777096903985, 422.3076415761621, 575.7090298621506]
car [1173.5739533702806, 552.6172905251632, 1251.8629244566578, 580.103683473993]
car [1144.1001545663933, 551.3454657968156, 1241.9739074629024, 608.0940916665403]
car [1090.8507381655534, 548.4619791192698, 1147.3018851622528, 580.8681207878492]
car [571.5152940110388, 524.1488515834441, 849.349775512646, 619.9924266109307]
car [1480.137977955538, 499.427633825949, 1600.0, 649.8504028371499]
