car [449.7816571490377, 501.2758491439391, 561.4829563182687, 543.9568263022524]
car [147.95233646213387, 511.79579276523936, 261.8040882116862, 547.9326043439546]
car [1038.4716230452975, 488.1175472423416, 1137.5442736446514, 522.0378517763711]
car [540.1445247581245, 493.69663292538473, 636.0121674649083, 539.935352663772]
bus [821.1434615094748, 393.9148986392195, 1122.7335876654593, 608.0763187181601]
car [117.98820970220763, 507.1410661245156, 247.0067126782104, 556.4933208379763]
car [424.5762334677006, 517.044705131377, 499.76689171756607, 542.2363912569085]
car [1355.2947851641209, 472.800653097494, 1503.1176601343552, 517.4859095593672]
car [1157.0021632613498, 479.8629304142882, 1272.2786462062518, 520.4289104116968]
car [1116.1827892978108, 485.56206853811136, 1255.6291192887077, 530.6415669202495]
car [577.1790257725827, 501.86376011291526, 694.6016186986725, 544.6561670855984]
car [1079.4994237865685, 486.15975109291145, 1196.3512348737045, 523.9345891583412]
