car [158.51899237116942, 479.25491300238275, 442.38956691267447, 594.0032155095396]
bus [0.0, 471.34498017095353, 11.945554762921436, 527.2588015220985]
car [491.13132302627656, 498.4459782990067, 651.8143874921117, 561.3308532472503]
car [1192.4692620858123, 511.517717858397, 1516.8414756023476, 618.6610653966844]
car [251.77942807416176, 484.9023649504395, 424.5792685271734, 553.4382320837597]
car [168.73646988769394, 482.6375523548947, 1600.0, 900.0]
car [962.9487972288194, 516.6506425956505, 1340.988732441418, 639.9114607124094]
car [898.4221964791351, 522.3893746297578, 963.0370047057993, 567.7785007474296]
car [0.0, 486.93424893831497, 13.589296028803867, 534.6357051113598]
car [330.3775524121912, 497.05309069411635, 554.387810261753, 574.3831544635971]
car [876.4339277025714, 501.4811743883167, 1184.6318505983297, 608.7190818386948]
car [81.21694135363873, 474.1339680177973, 212.10361162340496, 533.2127668943834]
car [0.0, 475.23231125235833, 75.97090883932076, 542.3728311074193]
car [437.637260006715, 500.63991132596396, 543.7878505917498, 542.0108117134457]
car [59.68625670516969, 491.3432116626109, 179.11837629099426, 535.2112747325907]
