car [404.3683046283162, 490.03141514981115, 659.0687174636422, 629.6609697365981]
car [1577.676329148135, 489.21128744958247, 1600.0, 516.3691585482039]
car [1085.712424082088, 495.51982563632345, 1258.0311513112697, 548.1884754741028]
car [1458.5958507645857, 495.0933624894723, 1600.0, 575.251154819961]
car [894.8252372075497, 488.79522745292223, 1140.0537064941666, 579.5139072880471]
car [1449.6996094174224, 483.31247790617874, 1600.0, 532.1952750102405]
car [670.2533747247921, 473.97064446681935, 978.6148964214995, 600.623033067028]
car [566.970008295854, 475.592328770504, 874.3036609630101, 622.2588396842096]
car [1430.4590008881482, 482.308085071245, 1600.0, 533.9728103851382]
car [189.85308230457028, 488.50941268257606, 428.9227430457711, 633.0417750314741]
car [799.5353743294734, 500.4576059981747, 1051.1020743036681, 590.5086124603915]
car [0.0, 499.36988621179745, 19.574605840766136, 638.1657416442109]
car [956.3572357016824, 485.54816280579854, 1182.2959762331059, 564.304724181595]
