car [621.0912276308501, 529.4273475369412, 651.3863549211015, 554.4113692201383]
car [762.748233498274, 529.0451190478768, 891.038930814861, 571.1442212087101]
car [588.6636010031559, 525.117547042206, 613.069025088899, 548.4909515559585]
car [874.3920336455041, 516.9237268096256, 1002.7486773227707, 565.8590918625921]
car [322.90145829010913, 524.3098389136487, 506.47814649031756, 642.2702838331004]
car [672.6995378331742, 529.6328331714756, 699.1209339149289, 554.439811363159]
car [475.20578544292005, 528.7544510194327, 522.9952092863291, 561.4768635621757]
car [736.3453268738452, 527.2020234509714, 766.6713281123021, 547.0864538037903]
car [734.9429075206399, 521.9659899764318, 757.4108010188135, 542.3819238185511]
car [132.2336823360449, 536.8383060330317, 208.94937611400593, 566.331184781193]
car [0.0, 535.8059183788679, 72.18179490731364, 713.9648513675251]
car [549.4246939859544, 523.7299144091032, 591.2054722679361, 560.4105953641719]
