truck [0.0, 466.8973113731123, 163.27694649573624, 684.9305021975907]
car [858.0615033002316, 561.7573339760311, 922.2952029307972, 611.3749438080781]
car [236.67783776009887, 576.3514711985474, 379.42926942516743, 649.2918558774669]
car [668.9122924566915, 573.5696717418423, 707.668469165994, 597.2984592058148]
car [346.32238559714364, 586.0311299363971, 444.5895678976738, 628.7969957436509]
car [871.0713681399706, 554.69372937164, 952.1094489978881, 619.8983441887335]
car [139.69404510920626, 580.472040951973, 296.0554447013198, 650.3050070051975]
car [0.0, 594.9124303196689, 129.57030481818205, 680.4701522899]
car [856.4449773702108, 562.1032634981461, 905.5470472865263, 605.4204021853499]
bus [882.5669423848027, 0.0, 1600.0, 900.0]
car [774.9219589050387, 567.1376207572165, 808.8986629141946, 585.6628654406732]
car [93.10028929714346, 588.5032073324165, 287.3604148990479, 668.7746482084023]
car [867.7053260115923, 560.3819169186977, 932.2992663540127, 614.2276325166981]
truck [465.2382714671269, 508.6529121164822, 622.2602106987224, 651.2409426020705]
car [416.2134273107753, 578.7891316022598, 501.6918169977535, 621.152682450117]
