car [1166.9002460741058, 493.4646637848769, 1225.4004412285192, 523.6931418433575]
car [1070.0484580986977, 502.30089841150203, 1137.1261378361773, 542.7631462501759]
car [1194.3412393030032, 506.94332907535966, 1361.35513632528, 581.2417372548862]
car [1293.9501533407072, 508.0982364000536, 1599.2132571103075, 618.3995883920143]
car [1111.7214609137088, 508.845499204325, 1195.603351885162, 548.8961729379087]
car [1533.2116297968132, 495.7490619997457, 1600.0, 572.6678625396659]
car [1150.4099138659333, 507.13359842060146, 1258.7486373664008, 561.5771591234561]
car [1133.6889052338856, 498.64096520347044, 1179.5161929906503, 521.3437332495372]
car [1319.9942955891672, 499.11422287348233, 1452.948878073451, 551.9187890460167]
car [1019.6504399281567, 506.1040340879476, 1049.9017345676564, 525.7061871619286]
car [1526.585352270285, 469.9596067241581, 1600.0, 654.4096455254573]
car [1036.8190652861435, 504.51005531219033, 1075.298769982465, 531.3372196242208]
car [1195.945816268612, 495.9524019585099, 1275.5826500181627, 533.7410525247841]
