car [209.8205446667501, 558.6381743086771, 600.2477442212867, 690.5534955969199]
other_vehicle [494.91950096769585, 513.2590126124284, 722.0094277910649, 621.1009483889605]
car [1071.806501791175, 539.049949459157, 1203.4903675674602, 603.7944905308881]
car [0.0, 541.1966845813397, 128.78278692378066, 682.7031405219681]
car [1114.7256797236419, 540.707860985403, 1230.1078599179841, 588.7420232793044]
car [1452.6061755162077, 517.1297698175367, 1600.0, 692.2202837184448]
car [0.0, 585.8540732144071, 631.8734334748867, 900.0]
car [0.0, 562.863439822569, 29.445837970239282, 709.7850004980596]
car [742.586027580737, 518.0525172990457, 1143.8512235395547, 720.222199580173]
car [535.0470921153102, 558.2333578430407, 698.8450639353357, 616.9686658270693]
car [861.7315449703157, 534.4980514562624, 1118.4399774039048, 639.3536353316728]
