car [416.233083267575, 542.0918271890516, 521.3662903639857, 612.106551780654]
truck [19.382484077801152, 522.5485302460253, 138.2769408718874, 579.3317011611454]
car [1027.9675476763305, 561.6402401949815, 1600.0, 900.0]
car [783.9415845559055, 544.5283459944728, 1150.977324158451, 772.1389665262859]
car [570.5447333084256, 539.4968410120739, 592.2024853119184, 556.4119049968242]
truck [643.4383701051339, 507.1236008266901, 702.1227913197133, 567.3888614456687]
car [495.66755535795176, 535.5207205388393, 522.0401800148941, 553.704539758211]
car [252.8951300160365, 529.1570783677855, 328.11784368539116, 569.2086843726014]
truck [677.0244295456641, 510.70923496661345, 762.6901815987928, 590.2165702838433]
car [717.547614143637, 519.736753227484, 881.4384614898961, 643.7450443391955]
car [0.0, 533.5391244600197, 120.95067805694113, 590.4449322888021]
car [353.1138398414248, 536.2320464657744, 441.9029898119069, 588.6678868405729]
car [590.0980336672227, 531.5207975278424, 618.4406353977238, 553.8245524673057]
car [697.0347273179813, 519.7067682560945, 806.5178639930665, 609.2707654288763]
