car [553.4191178851896, 515.6715051115539, 585.8523045644976, 539.5583687547975]
pedestrian [1172.946545253018, 533.7503396865044, 1208.8802583325187, 564.2722235392208]
car [1503.948523387001, 494.06727949054806, 1600.0, 561.7868552851666]
car [503.4782849423739, 517.7055953623938, 550.0662898148092, 549.0895423973485]
car [312.33708587244865, 526.9910696261949, 427.5359467657977, 596.9545060020973]
car [1381.920939534295, 492.1011357302901, 1597.1266463797756, 543.8246529345301]
car [1164.42386814408, 503.46867179138223, 1325.3221746760503, 548.5796232942487]
car [569.9544799125629, 515.2636814877162, 629.0049862633657, 560.8271902447021]
car [1005.3928908018709, 506.2020108870445, 1146.9703496925897, 552.3845174971262]
bus [628.7486891365603, 491.5528373307401, 674.5020975305905, 541.2273763947987]
pedestrian [737.1621020998455, 516.1543828521154, 750.7941926375192, 540.135693306363]
car [305.53638829610605, 534.8424011355271, 515.1981210188982, 666.2019376380265]
