car [1448.6287420994227, 495.4284963286623, 1600.0, 660.0879717826417]
car [591.3809696834618, 502.00757402514904, 649.7104782871929, 549.0134573639756]
car [802.8073290800792, 496.52371547693286, 910.2570810570655, 558.1718607787501]
bus [329.5637806890391, 385.7107639547759, 551.983267670405, 602.5382574917627]
car [911.1289321110703, 509.0701797741889, 953.9471667717145, 528.3887068559595]
car [1047.652711451492, 491.75542269042893, 1577.476433165664, 690.3450070415344]
car [1141.6506964469304, 501.02531434375385, 1482.880228874434, 620.8771406688451]
other_vehicle [507.5597243425646, 461.9901759608188, 584.797252913871, 542.001189598154]
car [1261.2552072627204, 515.3950162045794, 1430.255717592368, 565.6723465981738]
car [481.7941633473302, 499.76909484432167, 556.9055402207565, 557.6855556218534]
car [174.28370188438657, 453.67271888503296, 468.8532655744844, 668.7373766448372]
car [968.9196504580876, 510.0865709214572, 1022.381527606531, 533.2355728923609]
car [736.1248158289363, 495.47489780824367, 796.0215914357707, 532.3346583453891]
car [884.2409068627826, 507.0597763232706, 920.8227073320905, 524.5114074685047]
car [942.0855990080147, 510.179692464432, 990.2426835250521, 530.256408640967]
car [716.4798590934519, 504.2287824284588, 756.0892830857839, 527.532560371274]
car [1004.9306195268751, 507.3709584352869, 1074.9884028372471, 536.7514313136741]
car [0.0, 416.8949983292407, 340.6176628708654, 895.9569957150796]
car [659.1925080943121, 499.7790451816229, 706.1624561339664, 535.9403050779482]
car [1057.476758463163, 507.77448213417114, 1140.6249341518583, 542.6839554433627]
