car [689.756327828138, 540.5537374248528, 770.1299150585227, 569.7911440801045]
car [500.32431142430886, 545.6912511796946, 659.7805052437783, 595.9071878012309]
car [204.51439307628135, 537.6823867879573, 440.07119490287755, 607.7764857729088]
car [0.0, 538.7971494755938, 700.370408608323, 900.0]
car [1293.9416525413994, 548.2780689710086, 1556.8806057457518, 657.2149823073318]
car [0.0, 547.8068907254169, 129.9403175659463, 612.2676948579219]
car [1164.4370726106497, 548.0484842989961, 1245.6999574850147, 579.1345599338928]
car [614.8749335073956, 544.8274743066519, 715.7166841288806, 583.8239476765569]
car [816.7564267675017, 525.2861603151733, 988.1597675328758, 590.8961779471202]
car [1013.5312749579278, 548.3463087950587, 1099.525684836978, 584.5305315649495]
