car [305.3645176258584, 528.782520178827, 400.529456177495, 572.9008234669004]
car [569.0478023669251, 530.6626030185511, 594.7874942111356, 549.2637954225298]
car [477.9003512911655, 525.0276668884621, 521.7865265918996, 554.0129535266509]
other_vehicle [667.507820953927, 472.171980003751, 763.3635514257841, 578.2495169223031]
car [353.69166845975843, 523.4488194723108, 426.9640095537344, 565.427083220545]
car [577.1377275436149, 522.3493435456562, 652.2495497712774, 587.2961690960839]
car [208.0619980813181, 528.7617607588443, 334.6053557213545, 584.7816304256359]
car [0.0, 550.9226954763807, 103.36639891829913, 584.2346753264159]
car [734.4281204204067, 532.0434496618698, 911.665082480886, 646.4913094430323]
pedestrian [785.757253746574, 514.9170168923881, 829.4868302442751, 578.8457350902607]
car [520.1966149733111, 520.6657615990565, 571.1031274807831, 558.6073411513702]
