car [1372.4268256290984, 535.6463899763238, 1436.6756508535277, 576.7645871215412]
car [898.4587561867677, 551.4445220737953, 961.9833780680838, 581.8538171831025]
car [1089.5289083743287, 539.7971876046086, 1139.6432865557363, 567.4687610100998]
car [920.1921777855662, 543.8074140553821, 980.5085824400529, 569.6883653276678]
car [1032.4268005198453, 539.6065698466799, 1091.8383542867593, 570.195224805306]
car [1336.013700345035, 534.9209729792253, 1404.0252731753149, 583.7210836205659]
bicycle [1455.4879208068246, 551.33350505255, 1600.0, 900.0]
pedestrian [892.5868518631448, 537.5821738332664, 1003.9809021531147, 714.8137133278617]
car [991.0569819063849, 548.6027951193392, 1044.5135554052576, 575.9449136460768]
car [786.8741026623409, 547.1271462543558, 866.9838067476744, 584.7519276158688]
car [720.7504764835093, 549.3742882348256, 811.4897249418499, 589.4227961693754]
