car [0.0, 543.4325404751651, 90.29620349817269, 652.2287278373245]
car [883.5125302335492, 553.4805902623287, 921.4786508697581, 589.9937684552374]
car [742.7809964488487, 543.5160370972236, 821.1589350157648, 606.5203713835785]
bicycle [1130.2934886496894, 558.9903560092615, 1158.0645958590703, 592.6891697050995]
car [831.1242494561027, 548.6054009496672, 899.7331375443026, 612.0726644208478]
car [1108.9609770227655, 540.9479586704666, 1231.5117078834317, 586.3365710003059]
car [543.6048646366264, 542.9716630237248, 616.359554741778, 591.4124739245603]
pedestrian [1055.9906055369268, 546.1658516699828, 1067.4148391954411, 576.3329854304029]
bicycle [1233.64536333521, 550.2489386515742, 1291.1055711809527, 597.0499450198645]
motorcycle [596.1735129805976, 567.2086078898272, 632.5326048894844, 586.2618713301192]
car [998.5504629963631, 554.7914955882314, 1035.1751983158122, 582.1037843055791]
car [120.61335910319555, 553.1663104703405, 300.7873408833852, 630.025453899952]
car [0.0, 560.194005966745, 210.69546827779925, 659.6229213604288]
other_vehicle [594.9614736317844, 537.2870955962692, 679.9373446325259, 586.1166814044763]
car [996.168007741593, 549.60579806397, 1029.8907334549067, 580.1463755979579]
car [941.6419305909116, 550.3809349243825, 985.3367068927975, 592.1162857293119]
bicycle [1211.5416033431666, 551.2145391736897, 1231.0800899931978, 591.2327230588965]
bicycle [1245.2449435646545, 549.7152676399072, 1303.8265665000956, 597.4291088456997]
bicycle [1220.0394749866068, 550.8546057791032, 1239.500710662299, 591.3573087125862]
car [172.99126074216883, 552.5841523402228, 375.78655173583513, 632.7244020258915]
car [758.6773313771889, 538.3612438445751, 887.0047326757593, 649.1550762148386]
bicycle [1209.5082861148044, 553.0983378995253, 1264.6743862872547, 597.9888950843861]
bicycle [1236.1476842200211, 550.1162365419743, 1255.6080288972357, 591.9063952598309]
bicycle [1220.7577350774593, 550.826620587166, 1276.916004802764, 596.526972225115]
bicycle [1215.0899656193335, 551.0633259628419, 1270.8343265983872, 596.4111212487164]
bicycle [1238.8816732218945, 550.0153495123573, 1296.8602427891478, 597.2553345314707]
other_vehicle [484.9347125853587, 538.1300017206074, 577.8219357827626, 595.0438535663939]
bicycle [1226.1810045825102, 550.5730895510713, 1282.982884969552, 596.8154262698463]
car [1003.9131582483682, 548.2977628317581, 1051.6079148411814, 587.8838447271901]
bicycle [1138.2112000667591, 556.67725263991, 1165.4304492311826, 592.3696635967844]
car [1571.804987622811, 526.9274564461, 1600.0, 624.3144585332369]
bicycle [1147.1032867150875, 561.2226849846196, 1173.3870408690614, 592.0131595774812]
bicycle [1202.8157797165445, 549.9440049695162, 1222.438709058688, 589.4958498386321]
other_vehicle [0.0, 504.479597670186, 196.05256080996432, 645.5712747063792]
car [336.9544710093285, 527.2245986360031, 623.0029492726412, 694.4480920700521]
bicycle [1199.554185198089, 564.0695105016832, 1254.2223133851132, 608.7090481332792]
car [320.5014127891667, 572.2589178669921, 433.62018920518, 617.2261726852634]
