car [722.6235837932711, 542.0789000097509, 817.6164591320464, 607.123327656306]
car [701.4354462079876, 540.114129495488, 774.9251422296005, 590.1143698424851]
car [0.0, 559.1568667844607, 108.10137308125114, 597.8408425169443]
car [265.41782332334463, 548.2423612706433, 308.14258881665995, 571.4204127296252]
car [1148.037344608942, 555.2191167386529, 1515.7992837076688, 865.7549829803175]
other_vehicle [148.21223424892375, 534.398518813385, 237.8532920479793, 581.9009303076681]
car [48.87703171540419, 541.2586271352894, 453.07420327965133, 781.4498454545969]
car [761.9151408917014, 542.2977500319831, 939.8618678265058, 649.9753833134008]
truck [447.74283656653785, 495.6964699718929, 555.3682161429609, 585.4111191072683]
car [821.5209704498317, 546.0032794956761, 1164.160813231721, 733.9590005872477]
car [612.804203506673, 533.5562052285271, 636.3557827445618, 555.9854185230307]
car [0.0, 546.1870967428495, 20.21629591562763, 601.7226969642081]
car [691.4634838436426, 537.5391114242211, 748.5246081597339, 580.3287231459735]
car [671.2869715894982, 538.8461743121494, 708.6361142288087, 566.5930572178183]
car [0.0, 543.8276189903464, 272.82199552452835, 676.0124933791953]
