other_vehicle [1523.695876996824, 496.342720607322, 1600.0, 547.4544284269213]
car [439.9491773722458, 522.3157321856211, 523.3863012789699, 578.9546068863099]
car [689.1025122085803, 533.0052306713244, 713.9932390050736, 551.338922654391]
car [284.06706979836173, 537.2846053471382, 525.6859615563418, 688.4548328730273]
car [1378.4307441151816, 496.59458026927297, 1554.617506562741, 559.5369576161919]
other_vehicle [122.18621943649616, 513.585499350199, 266.76318200908224, 580.1251441783845]
bicycle [808.517086914829, 528.3564017726553, 841.4769633174542, 550.9753009580329]
bicycle [804.1276478123666, 528.587012264974, 836.6706750932959, 550.9270139583751]
car [0.0, 536.9211637110711, 272.8196117673167, 844.0794763502726]
car [0.0, 554.9802128800402, 61.64522547635638, 599.3176778299802]
bicycle [809.8333018539995, 528.2829142885413, 842.9322317517601, 550.9950919338363]
car [637.1269529687603, 524.6794104930409, 700.8618064584933, 580.7601066176703]
pedestrian [1078.2137151881827, 507.29914831584136, 1213.5328587003007, 648.3987295822286]
car [703.9240843826642, 533.458040689952, 739.3173318698236, 560.2575310622904]
truck [114.40547770618615, 469.48489337877953, 377.4922672316455, 593.3214294777459]
car [994.0416995009556, 516.4641544327523, 1132.0509928861684, 570.4791886645949]
car [343.51107858046595, 536.609609476596, 391.7043696430607, 562.2092934846839]
car [271.98536275379087, 543.7297112406787, 327.0295008261385, 569.8787409849698]
bicycle [806.0910358288436, 528.4867072489563, 838.8112954298116, 550.9451263896408]
