car [1350.4564677964959, 529.0751928356007, 1499.928908909233, 563.2087555699617]
car [156.13695811448048, 548.2085643055535, 286.67636881126043, 608.3992287216539]
car [226.64461289347406, 548.4042878371814, 301.69874839575573, 584.6359824700007]
bicycle [769.5962286623125, 546.9096060446788, 794.3135849366664, 563.9277088436043]
other_vehicle [242.02598269875222, 526.626236105518, 336.5875105069747, 581.633577728399]
car [77.81177658575139, 553.2006095181122, 222.53218402408933, 605.5040007277162]
car [288.87361774732574, 548.9796454012619, 378.7491721647799, 587.0758660323203]
car [700.2601942962282, 538.2762819413666, 721.9522922224822, 558.8159706342336]
car [393.61928520237876, 542.503261537276, 435.0815258535651, 566.8901873770718]
car [630.454563191379, 539.7280921370127, 655.7038994628674, 558.4743933495754]
car [281.58947180159976, 536.336994091069, 367.59514148378634, 577.3276096257948]
car [305.7198327966567, 540.3814783496376, 387.8098478677378, 579.5893410150187]
car [1269.844288699022, 524.2332405634223, 1426.2821785382143, 565.8059529346807]
car [0.0, 557.4783779340246, 120.10090346649183, 609.3336236122617]
car [41.911450617365674, 552.1999782571417, 153.49438499066537, 600.0918811681305]
car [364.1291240385387, 548.6769997527342, 420.0764476522108, 575.9965085720878]
car [1231.1972498544253, 520.9312264896853, 1374.8715574818957, 562.1872265685952]
car [103.98216498004031, 547.6186698513602, 220.95175864002078, 596.9645146187412]
car [412.4718297317245, 540.7804073546355, 448.87655441695745, 565.7761574741879]
