car [1049.0387298362048, 506.46246552073916, 1158.0907284957884, 541.1650860674508]
car [550.8388698586064, 497.99136188178835, 699.0868096082338, 620.6921539745762]
car [137.2088618114932, 477.6966876340042, 272.3315126428359, 521.8287389104574]
car [899.2422236664279, 504.7379029311237, 998.5861916339027, 538.6884790536756]
car [952.0692634148063, 503.89115193108904, 1074.2145780490926, 542.2484042927754]
car [1024.4321767076617, 520.8971467808161, 1600.0, 900.0]
pedestrian [420.1473983822192, 486.287440113008, 434.2020376911347, 521.3372535513463]
bicycle [465.22190844937364, 483.9640100340453, 488.54139790085287, 528.2914255075012]
car [412.9201260209215, 494.5334683158198, 486.4836474147326, 524.5702815437974]
truck [719.8787267506534, 364.5494061224458, 1038.1034296091348, 642.4964891000623]
car [1187.5442660988251, 508.47349699237094, 1303.5367124092659, 544.8003906911556]
car [1095.0172187573996, 507.1356783817236, 1217.5054917631883, 542.4861887647128]
car [1273.56515912889, 501.483328730557, 1403.7009975816559, 546.0048532759422]
bicycle [498.28848062198966, 487.2734169300017, 517.6500089823537, 526.3594395129052]
car [175.42485814858807, 482.8471033368071, 286.2076939551715, 521.655242481268]
