car [195.54506455337093, 520.6963790775867, 320.67346351273534, 562.6543253634695]
car [493.906660035393, 506.3403706860184, 702.1167305373608, 588.1064885091916]
car [39.06944236012995, 505.2009037383231, 170.14105988347956, 554.9300286006168]
car [1057.067063463988, 523.2888512169166, 1366.4572994923742, 637.124268446226]
pedestrian [773.3134806756511, 526.9814638248655, 807.0430144870402, 581.6166646098867]
car [1124.7675953643327, 517.4334621166427, 1600.0, 677.9353244644177]
pedestrian [743.9615266356104, 526.4399743746467, 777.9009933208348, 578.6727808850038]
truck [1533.570792722025, 539.9933747792718, 1600.0, 591.0668242326474]
car [18.457718656242147, 506.41638003837164, 119.10354726845452, 548.4817962770151]
car [339.1561906837079, 508.8528566388698, 527.887756986423, 579.8319041707476]
car [0.0, 496.3231352344154, 101.24950668987742, 560.2515302178592]
car [426.19791253534726, 484.2339160737076, 701.9154646497575, 608.5614964516994]
