car [414.67860522294427, 512.6430314353651, 492.731385818871, 549.3769268286021]
car [712.9531445552801, 496.8169986689165, 754.3421602985064, 516.6719901693917]
car [417.45811099802313, 505.5505519781954, 526.9077172156251, 556.5980684655835]
car [317.4396144219392, 516.4933796213955, 443.42284102310055, 565.9208048873934]
car [0.0, 528.5003330934962, 146.7212282038463, 600.6260984333786]
car [722.1050834507212, 496.53178448243364, 765.6901549924836, 518.249384641747]
car [761.0454663138061, 492.6407627782442, 799.2503592089915, 512.7243953953816]
car [247.05604826237942, 505.13166319160763, 407.6921859136131, 576.4055821329495]
car [533.7936153030856, 504.59898995537225, 612.2681637241088, 540.0911119428689]
car [658.4894162711904, 499.3944580512948, 716.884500849739, 525.613919962699]
car [491.73258214044154, 515.0577904046229, 559.7448490551933, 542.5704977787387]
car [607.3081216069519, 500.6015395154654, 670.107073024752, 532.6556934389863]
car [450.4671972469608, 512.7669325617488, 539.4928242868115, 548.7466925023718]
car [20.235459138452438, 512.6893826904542, 239.78817968612694, 602.7179444469388]
car [540.9568968081613, 500.3331619848884, 627.8072085361035, 540.6338200212193]
car [156.88090734682174, 523.5221614457638, 311.0450193916165, 581.6455237179562]
car [0.0, 536.8334945303659, 127.64867816790162, 603.3793712853809]
