car [146.84057139394028, 496.9014996537649, 241.57310145863917, 525.3353995333572]
car [679.2068425664031, 489.64563895288967, 734.0760029564464, 534.959581719718]
car [249.86045931899008, 475.6203232794726, 460.7681052603877, 628.4847999513217]
car [1576.7857681028136, 523.3584518410604, 1600.0, 581.6300801467303]
car [649.0016295755545, 494.28953321990394, 672.6445118611907, 514.5347991358865]
car [705.7958659797634, 491.0643692053926, 743.4512436558003, 519.9232950640989]
car [552.676733322103, 496.1729033145928, 585.4590181695522, 522.2869707803177]
car [1355.9883086343045, 516.7425285036647, 1543.4479455117735, 575.4353076479363]
car [948.8856681926611, 464.35597072242814, 1230.6708647473197, 616.0684071273624]
car [0.0, 501.2996585744765, 393.06824060367575, 820.5494206228278]
other_vehicle [1174.3638651633198, 467.60528988472305, 1393.5304393839208, 565.9928224163917]
other_vehicle [1042.4355993612796, 466.5917428388735, 1219.1873064737877, 548.0123750267667]
car [390.47212690249984, 490.41523090328354, 515.0426379477577, 578.6984209245325]
car [573.0085184523309, 482.0951783190872, 655.7325470650388, 563.9697000125657]
