car [662.2578048190583, 545.2898538635342, 691.3380063754458, 568.714113977614]
car [1066.4844215987546, 531.8344093046923, 1188.3081702417717, 566.7540793374372]
car [481.24631899778194, 547.0525465026427, 516.2049845001511, 574.652027266548]
car [0.0, 545.3334453488856, 141.25128621865719, 611.5378804306621]
car [1405.2234959489888, 519.5555532087494, 1476.232578327428, 556.0154625196095]
car [1350.9063598168004, 517.7662057253556, 1475.9793601499966, 550.834143597373]
car [237.51863229108292, 540.8012485390666, 377.7050909114451, 621.6945133253016]
car [1489.9834389677546, 492.45156189245813, 1600.0, 575.8728127881949]
car [198.59183961472394, 559.3659062223815, 283.7698511709214, 595.2293857169522]
car [1453.9327141777828, 511.7563190868906, 1566.1934895664003, 559.9734161503229]
car [405.4825132311852, 548.2390203470289, 465.36556458291216, 588.6566416472767]
