car [1155.8180370868263, 514.4148012256843, 1273.708123621453, 551.5273243258833]
car [0.0, 512.0622563162973, 408.90486046403913, 728.984531245198]
car [218.8795122419558, 497.3981016471494, 358.15180172230043, 540.0935141406735]
car [1250.0937268265307, 506.4656920538955, 1400.1413424149525, 558.6202919545474]
car [665.041044654681, 495.71340767087213, 689.3478432810446, 516.6732832378441]
car [913.6767830097582, 502.5765311252724, 1019.261624394788, 547.5716067608387]
car [549.369521260623, 502.28639274238213, 655.310425094227, 595.9824098241718]
car [1370.6465347935673, 513.757958709535, 1599.656201472867, 575.0796102368101]
car [735.7286168441246, 500.0198822586658, 804.7357336141323, 543.5227070597119]
car [780.0180807620474, 501.5126755115279, 825.4326795071178, 525.1065891432178]
car [863.5137389374016, 495.8927313580102, 940.9633305110755, 539.1971170469895]
car [455.26101139631055, 502.2632860660866, 522.2530158771666, 523.0715344847541]
car [367.8477418099782, 495.54695223554984, 437.0480305075996, 519.9583889792318]
car [813.1474821405794, 500.33681588274686, 866.8728942787237, 530.1561923516892]
car [1066.182424626747, 474.138011399508, 1175.4869207692154, 542.1202057611375]
car [1071.795293634192, 508.3618359989423, 1220.3493346938183, 556.0317610165163]
car [989.4053485781928, 491.4295793977339, 1146.254454436321, 563.4324214717476]
