car [647.6458920302847, 492.47886582668184, 680.8321655661075, 518.6311233848843]
car [1106.8827954169305, 503.02203612578523, 1201.3325862221504, 540.4602255327624]
car [980.885381151102, 498.46796272608367, 1051.4641615267874, 531.9874940488972]
car [1155.4180723185057, 491.7493902367115, 1323.1838591866228, 555.2345310214471]
other_vehicle [544.6372081401117, 470.8833034116811, 595.7068451244386, 516.0042075520324]
car [825.7072593293876, 496.87861955727016, 871.7013574361407, 519.5580976330926]
car [853.0876889657804, 498.824627732247, 890.121392451269, 518.9784207269239]
car [563.8432042897826, 488.95379461152265, 664.111282857208, 580.011235387604]
other_vehicle [253.09604471675917, 390.7991938064998, 523.2918800457061, 606.8259394079363]
car [1036.242134337002, 498.2635838329862, 1117.6640715880517, 533.6476765547783]
truck [1283.5528496303132, 398.77968458808544, 1600.0, 583.5800974252151]
car [3.557138428012523, 503.70984167567855, 415.8389919376077, 748.7813244735404]
other_vehicle [461.44359524015937, 440.2362921282883, 557.7382871506923, 550.7885556957284]
car [665.1058964655124, 494.3428725632509, 725.6054336108496, 536.9209376517784]
car [0.0, 471.8947577263535, 62.423633035132205, 851.6370737804314]
car [534.7986178318623, 482.0109161230642, 582.1578156107747, 521.0764510552679]
car [893.8122033444114, 491.71913597370633, 953.6283698211242, 524.5231583073061]
car [895.3322763096659, 496.48891144260017, 1086.9250496514592, 586.7975687341784]
car [726.4872997985802, 494.5255085924714, 776.2506563591074, 527.3352699081682]
car [437.64916524168285, 491.0805393581471, 522.9546160791745, 561.1873554896529]
car [533.5226236475518, 490.3732969624705, 575.3747925891174, 525.4911003173769]
car [523.8286713270752, 490.15551214257295, 568.9544058261982, 531.6948193420677]
