car [587.0930054476125, 534.3546424839548, 615.3634234453838, 556.513016920041]
car [704.0486071055781, 531.3180984478963, 782.6044455378151, 557.8688632275998]
car [1343.0483300520566, 520.8672748825555, 1600.0, 652.40319625373]
car [161.7444221728356, 540.3090230669496, 235.66720951732185, 579.2091229139963]
car [879.1399913734168, 515.128907202944, 1039.1703052479784, 574.7145357438806]
car [1167.987620992016, 493.7216163773891, 1560.595181259016, 629.3985445715132]
other_vehicle [526.8325452433234, 503.6029537683784, 593.7726633733652, 577.5832681450195]
car [236.40042507005137, 502.34055949641163, 401.18190902690935, 616.695756444743]
car [822.8966783178498, 512.648415858964, 930.0406420016458, 564.6366589659677]
car [217.74006875570896, 544.1309365653362, 279.9480417999607, 576.4219624817337]
car [472.03141262884776, 535.2129507380546, 499.9157931390804, 557.032023225691]
car [966.6717013558582, 511.9209781897426, 1184.3420505941729, 588.827181838459]
car [1100.2530698870416, 514.3630702492412, 1434.009578520838, 610.7259848820213]
car [829.0908125866355, 519.0907733287758, 960.4991188855178, 566.9787610028791]
car [376.2283464079338, 537.1176899116643, 424.20662297505635, 564.3403857399462]
other_vehicle [18.61014712346755, 509.75028584154927, 182.13242467669966, 592.9634755761733]
car [1501.5832776875889, 520.8175928148517, 1600.0, 677.1084878790605]
car [360.42723246001236, 532.2110351810151, 530.9177585896223, 647.427636916058]
car [1007.3922020886505, 520.0264784698693, 1253.0651696238313, 596.2782447840561]
