car [461.15248818803406, 528.0489490968504, 539.1983833688406, 586.6417724029026]
car [1578.6469693465176, 533.0818994433938, 1600.0, 571.9306865131356]
car [1503.4180753607288, 537.8411193399666, 1600.0, 577.5509286236851]
other_vehicle [496.99191798763, 514.3907917161221, 564.2377942868324, 567.3828738658946]
car [519.4310643878697, 536.0118438484966, 594.0849526313618, 582.576287794727]
car [1067.9241313944694, 512.1671898041884, 1371.3757332188736, 661.6848060909442]
car [702.0514147943842, 543.7317786657262, 850.1323378761044, 592.4237032625805]
car [434.2668023549781, 539.3454662300503, 468.2123153673691, 568.6921010029822]
car [1547.1685600205872, 541.4278849222457, 1600.0, 598.5885542769734]
truck [369.78314430690216, 510.6880660593572, 437.22129706938404, 581.9429866453307]
car [596.7103708919402, 527.4411676957948, 683.220976279798, 581.8758389449455]
car [1268.1593113453978, 545.0008770294136, 1334.732622202779, 571.3845088577699]
car [1307.7249294032865, 514.2825887418942, 1472.4223743393018, 588.8710563198341]
car [1425.6218159184118, 527.5208103680719, 1542.577467972606, 581.6250678334195]
truck [186.99016741001984, 488.5190804596, 423.4112262987897, 602.7279628649183]
other_vehicle [0.0, 115.59405990488423, 780.1221490408383, 900.0]
