car [638.0203726576786, 524.1012429391478, 937.0915803553191, 641.3718256347227]
car [0.0, 521.2877802941341, 89.18632181945027, 556.9541651665331]
car [1098.6194677277595, 565.3880589095882, 1493.9643962319371, 699.1674226894563]
car [0.0, 517.8848974449841, 260.3090624680147, 808.9243475017214]
other_vehicle [1054.4041234022911, 497.4544591974862, 1546.7019702194661, 674.2451984748334]
car [768.8527703391128, 545.0049553411751, 960.5216961319269, 626.8392918586716]
car [186.32027342373627, 479.95743795032826, 756.111281248655, 754.4351836657404]
car [1541.6795605162563, 556.9825097380625, 1600.0, 679.4226984382586]
car [941.9144356266542, 519.7129671606216, 1337.6100498991352, 659.3722174046397]
car [593.5638831832656, 537.2712822886986, 783.1487713020392, 610.1933332899802]
car [152.81598058718703, 526.3722773108636, 317.143022920852, 586.831189396253]
car [26.078284463595494, 518.1899816322593, 188.4499854819828, 589.8634393633732]
car [1569.7662235528849, 531.3019047746394, 1600.0, 666.9306770278932]
