car [371.56766990973665, 526.8544359105236, 507.10341871072274, 618.9851841373928]
car [686.9218483161643, 526.3174544308212, 716.3762652267043, 547.0363882981102]
other_vehicle [561.2430984948243, 501.3652584337067, 596.992814311597, 548.9455878460766]
car [1233.7966922338812, 544.2521166030951, 1389.0265421774002, 593.2238479810532]
car [1413.610134996475, 551.447984906631, 1600.0, 900.0]
car [1134.4291519936378, 537.4788292879927, 1239.9175195536855, 579.7976184940327]
car [0.0, 503.15287841247, 36.99361915893223, 542.553401033903]
car [1377.5247444903896, 537.3098602183836, 1600.0, 616.9247331596694]
car [1014.5357445678928, 538.5163722884715, 1079.538330103925, 565.8261524243838]
car [916.5219350714378, 535.7829733389734, 967.6156487265853, 557.8812765754618]
other_vehicle [424.4133130723553, 464.30609631352604, 566.8578662250401, 588.0744124843018]
car [770.6119815444546, 533.5731887822011, 850.5839669461999, 580.7660982504988]
car [0.0, 470.2124317685663, 328.477190300281, 900.0]
car [954.3659113199079, 534.1331722178415, 1029.862999319435, 567.7704389976014]
car [215.01762993130217, 533.4573715257696, 457.2646412536761, 676.9346637908437]
car [650.6073420648028, 519.9432668006262, 699.8773730368902, 562.8875940843378]
other_vehicle [498.0470913026825, 478.1781048886352, 583.7744302369518, 568.9884911884992]
car [894.8861403011191, 534.07608973267, 933.1481643228232, 553.867099703529]
car [570.112314951428, 525.459446777501, 658.1005977787408, 603.4724412698957]
