car [17.9167100595943, 558.000329620682, 68.23175870293805, 581.8058281012896]
car [81.76862286113733, 555.176332633188, 119.73387999448842, 574.9778666545523]
car [1407.7552641935547, 545.1889426934525, 1527.5688146666791, 591.9791031283193]
car [1482.6743826668562, 538.5170341768691, 1584.40731578166, 585.9272307417233]
car [1280.6223734583266, 548.54654362604, 1388.4848651707864, 589.8098450872036]
car [100.04443965163341, 539.2143871129653, 514.6685665598185, 678.6584555566194]
car [1524.8907060685465, 538.989055082121, 1600.0, 581.9573887900588]
car [1189.1225540151254, 538.3776052488466, 1341.0581602113984, 605.140032223774]
car [945.1914678883942, 543.8772553498893, 1162.2090950321997, 622.8839916384072]
car [1314.0729896715134, 538.9150154429154, 1450.8880117271917, 597.8994839146067]
car [629.6689386189181, 546.6952242242621, 902.9877640830003, 640.3451549308854]
