car [223.6477692535391, 506.748241315767, 463.31420985561573, 658.3434618413536]
car [743.3666539550538, 500.053085275202, 794.0348643621278, 530.4348261044571]
car [1044.199578801716, 491.54264104332026, 1124.7117567483986, 530.4011002960442]
car [453.26254245567037, 499.6114204540767, 539.4065244367625, 560.4913241716448]
car [1027.370967165115, 496.69784347131446, 1600.0, 900.0]
car [647.9738925008902, 490.48677017020907, 677.5084658648952, 517.8162478519648]
other_vehicle [0.0, 258.4410756454939, 358.66938817001824, 732.5382214720205]
car [576.2988923009591, 499.6802814912707, 660.06418226176, 563.1656255842787]
car [687.6820985515402, 491.6056369583563, 766.4486077319042, 542.6337836539155]
car [485.7933836743962, 486.99391417358765, 562.2910911598822, 546.8586454101147]
car [369.62746893958627, 503.11408123110346, 511.97381429505333, 589.4176736979925]
other_vehicle [534.819349839011, 462.41632676142547, 592.3699054838467, 524.7769517550757]
truck [787.4789784427551, 480.68027903834013, 861.7183180708881, 514.3952029559513]
car [860.8640749338625, 493.2896558737408, 904.5969937223623, 516.0682806492398]
car [1080.6152138356729, 483.2382617495816, 1592.7407999543195, 667.6369864571598]
other_vehicle [562.252526563203, 478.7872877600069, 598.2037633947706, 515.1672187806946]
