car [1416.6929243185575, 559.5191654369027, 1491.2198102690293, 592.603997828741]
car [674.0873435348431, 506.1669350449558, 1179.6848157206898, 751.2377622685582]
car [1269.7076896269416, 558.7086100133871, 1349.257966675883, 593.7565188916637]
car [1452.5826110344167, 555.739611193111, 1600.0, 646.6648477153989]
car [1378.6066016230825, 564.5798442285026, 1448.0333398245048, 595.6702724711677]
car [1129.90373246359, 564.7737655410373, 1223.1561235162842, 596.9008993924845]
car [426.359852837923, 554.1401402520572, 619.0762917080785, 614.9090837838392]
car [603.6487046101455, 525.4465558910342, 856.3184535416549, 630.2978172292815]
car [1319.1771490500735, 558.6620479995526, 1403.8394048771804, 592.6555126175837]
car [1189.0267826690717, 549.6627962820579, 1292.0021821186192, 595.9685453061514]
other_vehicle [1002.629297251267, 522.3412772644757, 1171.5760778857298, 598.5204167434594]
