car [695.4231368090232, 532.3050726019995, 823.1096625330097, 630.795739133307]
car [0.0, 541.1929908685904, 258.76422499571464, 685.9326387268352]
other_vehicle [940.306043776889, 272.5633295751566, 1439.50609314727, 848.1577814977537]
other_vehicle [652.0747004729548, 483.4184518277334, 756.2264348854342, 592.5446665708619]
car [458.5259956716527, 534.0048910234289, 509.75687342084143, 570.0409977945666]
car [682.67069877859, 538.0051313436112, 764.2241866659975, 601.4126779619787]
car [563.809765582964, 532.1113274127633, 588.2496943356683, 554.2811789779504]
car [645.9866269751776, 531.8714208416624, 700.6837563397155, 571.9250853491424]
car [714.6651995652213, 538.6645889058016, 930.6344149914704, 667.0784710023314]
car [281.84446378521983, 523.5797108184455, 474.7415329694771, 662.8408350014029]
car [793.3500922669797, 548.8579325648129, 1221.70175608854, 815.6664337256759]
