car [407.19963602549484, 524.3800513139792, 536.6048651009588, 573.6217951690131]
car [106.26370677564312, 494.1012009032153, 271.37336650343923, 563.6686643041135]
car [585.0253610420441, 506.36388253298696, 779.1001653398228, 588.6424887820799]
car [61.327561941463586, 504.3743524013567, 180.00676528689561, 555.52704872627]
car [41.86697506842463, 509.01614510698823, 131.40886386918223, 546.3603255689186]
car [0.0, 507.7073211222219, 72.39418834976995, 547.0263393369888]
car [707.3475019835622, 508.7302515878988, 959.4792968686619, 606.5717836100031]
car [1282.6109127197253, 540.5937554606317, 1600.0, 652.2859409730569]
truck [894.5475633471383, 443.1764787133112, 1294.1581658462926, 623.738835508663]
car [168.40875009272546, 499.47424320765975, 416.15935743528274, 585.9492405661213]
car [267.4375611423223, 512.0239369669195, 434.09350552514456, 569.5092407916842]
car [368.36688260130865, 512.3635173730335, 521.7560552972147, 570.3600116130546]
car [132.69400954430466, 508.73226636193453, 1269.078348826174, 900.0]
