car [659.6220878608476, 458.04103477520124, 709.1574626137898, 505.05161820297127]
car [1032.8238812574896, 478.6227632233885, 1348.2752510336757, 625.8532643784637]
car [857.5891280374159, 479.5725388265267, 982.5214066253452, 565.1221587807652]
car [949.7981379177088, 507.4827062660899, 991.6084071932669, 526.331229473051]
car [1162.3264946997779, 510.3046408021791, 1345.175398256659, 566.2484632186946]
car [572.2124332743238, 466.4657370921574, 827.017368460424, 710.9527397352018]
car [1280.416531334136, 535.5829102105523, 1600.0, 883.8101446137175]
car [782.3593184178301, 508.40697909736116, 891.5796763324544, 577.3322548540838]
other_vehicle [511.02630495285064, 449.7761890672615, 625.4994984909746, 569.7030859849386]
car [1082.0500427929703, 504.4252898846393, 1172.4554328808958, 540.7930052410585]
car [1236.1006021795165, 443.1241116733168, 1600.0, 734.2798953074091]
car [849.3623542950817, 509.8631838215721, 1110.1233203018487, 652.1254034097141]
car [835.4539647211164, 502.445214690258, 900.3916106619533, 547.9918654682509]
bus [614.0483139247808, 424.5311229553087, 777.1407983139288, 595.7996397218045]
car [451.9566681333097, 498.4845385813731, 577.4830922905059, 598.0890923201069]
car [757.700756965645, 494.4496692323712, 817.4937202594544, 548.8200775372557]
