car [209.91104430990532, 526.703454687656, 272.32920462745847, 558.265651572673]
pedestrian [848.3681078608347, 504.59852012172166, 877.7941778394905, 556.9007907788825]
car [774.1126890737604, 515.0884079999024, 969.4538369381165, 637.0805267587582]
pedestrian [820.6307917344983, 510.4461623908328, 851.8266180965443, 570.0054322307989]
car [620.8163782168167, 523.1714844874033, 654.2054633445844, 553.4059010390572]
car [0.0, 533.7246996790348, 31.83588705309851, 568.5095685417405]
car [0.0, 607.0002478280973, 0.5402991722107411, 708.4347803569955]
car [729.5757915331737, 519.6468450288374, 850.3234988525952, 593.8215513794711]
car [503.11152634107725, 526.7459187131705, 543.5528398565626, 553.3008683912147]
car [850.9531136335626, 505.58271233229755, 1264.3219883464076, 737.8386446621212]
