car [865.1568110102945, 484.65758265178795, 1425.9747536038246, 824.0099165283674]
car [672.7442836712693, 540.9672653418148, 703.076795860796, 564.2878354274218]
car [708.3039039340615, 541.6129572637233, 765.7546193232314, 584.9769884568655]
car [781.3924030259298, 524.8899069826448, 972.0609727008418, 657.9358880893791]
car [691.5579491589313, 533.8127271104153, 744.4794237313475, 579.7908006047275]
car [366.9286979360481, 543.8037736825321, 458.624085786462, 600.795382252502]
other_vehicle [269.0346570123631, 531.4793545080256, 340.96141337918715, 578.1387832273319]
car [743.6528295523051, 543.5464738687521, 853.0528297689792, 621.9161986746077]
car [623.5771811357952, 541.7295617809947, 724.3370394564382, 627.5019998708067]
car [626.0459624302055, 539.9685300471521, 644.2928951188937, 555.2723487902431]
car [719.3743273637598, 532.3926076156023, 804.627848889015, 605.5158340223086]
car [549.7030048669641, 527.7791611809016, 609.5103182279445, 579.6401124725479]
