bicycle [624.4126438555184, 492.8094052091564, 716.1220988026328, 606.0862346515506]
car [868.3457506617156, 514.8606937924435, 914.517302939114, 550.1387626239548]
car [830.2142817417655, 513.9361258723908, 897.0567829374424, 567.0166582408023]
car [907.8309917718748, 484.01094874017673, 1012.0569432855591, 603.0988843221662]
car [788.6407810117358, 500.11538745641695, 886.1796154256222, 583.0553406706289]
car [442.21470339570135, 525.8964210723084, 758.1238786196974, 722.021463136781]
car [916.508324195916, 506.6672994829787, 982.3728686293617, 567.4293948134177]
car [877.0022509040405, 513.2922594940654, 921.6613515817563, 548.0864206703028]
car [893.9566340086452, 506.95438583656346, 930.6074316061438, 536.7265417459384]
car [638.5737701156964, 519.6244715271779, 820.0234216948445, 639.4706340708477]
car [733.9909257691346, 519.2189321396067, 861.7057454527104, 602.8688338236061]
car [830.0344634586165, 515.8645364710859, 1117.4882279148972, 766.1497765906867]
car [845.2006758128144, 512.4314025030278, 906.9921385903989, 558.7198848944101]
