car [1186.9952305586967, 507.08604310896305, 1308.707084983449, 577.6884617430377]
other_vehicle [1027.634128636323, 425.7693826097022, 1111.8130321236404, 514.4399551879814]
car [1115.7144668380251, 512.5543517525747, 1277.2986781466018, 621.5600872450462]
car [1476.1653758331438, 525.2392545425271, 1600.0, 623.2452629410501]
car [285.9213134106066, 511.9575538937448, 725.2189380257281, 743.1072788701658]
car [835.1283418549469, 500.686399643955, 904.778028123685, 558.1731242941638]
car [608.5974131120103, 503.1362765582979, 820.1096852023973, 646.5576918742487]
car [1382.911507882547, 498.6100984646581, 1600.0, 670.6656688816369]
car [1264.304658409315, 503.859304845347, 1438.2566464127353, 607.3449944751181]
car [759.400496989879, 507.11301639242186, 872.5416927762415, 597.9090353543952]
car [904.67877775074, 485.6130808323475, 1038.8363273479013, 624.4161496532604]
car [921.1639759403697, 477.66636358164527, 1029.7854517410262, 572.1469677179508]
other_vehicle [1028.2532764742525, 415.6453819275825, 1190.732924066218, 575.1160569177697]
car [807.4802519335395, 456.23684418726174, 1218.600536202394, 831.4639410301044]
car [851.2969003258171, 487.1594576644553, 915.9728369424178, 550.3886802063133]
other_vehicle [857.0047508873263, 445.04232207888055, 944.8337245872348, 543.410760813259]
car [1261.123506695844, 505.3946649863507, 1600.0, 826.3307988329259]
