car [722.5170401169689, 506.2728261818444, 762.7744124816563, 528.7591125477329]
other_vehicle [533.510282739642, 474.9129607364103, 592.6879919021133, 536.9663620739576]
car [417.15089756991034, 485.65856845068873, 534.9160818569361, 581.8121732103539]
car [927.7735204493919, 506.65059746959685, 1059.3580111980887, 568.1816978426641]
car [1023.0229481593526, 503.85831504782453, 1288.0728593506938, 597.051655164544]
car [589.8857395028364, 505.8679233515607, 647.1205773247146, 552.0098174266624]
car [899.8115029789758, 512.754462177487, 938.2278973155203, 529.9017691480365]
car [521.5298580848785, 504.6004875678775, 573.5625411258094, 545.8857570209174]
car [688.5549633678535, 507.1089103998978, 714.3264420285037, 524.3692491670316]
car [876.5911724733718, 511.8198111603209, 911.534604275623, 528.5727331503633]
car [929.1073344097773, 503.2155622437511, 1205.5543095207051, 626.7924525470173]
car [307.46079293342297, 483.3225397905314, 498.61699607115673, 616.0954391407803]
car [645.3740602470181, 507.4546202769501, 666.308254435087, 523.7094638531172]
bus [450.0629639255983, 439.47668114026317, 572.4465155203255, 565.0619628163088]
car [111.84499239478359, 512.9923992600636, 432.69375357636324, 698.822170187896]
car [0.0, 436.12603320306937, 211.25252251612426, 883.9536333805152]
car [740.6001406819362, 499.44955428221, 798.5183243177039, 534.6348873207601]
car [658.2122504341118, 503.34951543837786, 703.1646466322386, 538.3076763198591]
car [780.5888921076593, 500.6433213838208, 869.1552193766557, 553.8686187027118]
car [1106.0037874405944, 516.3681233474413, 1211.1388555836197, 552.8335849041648]
