car [5.007437198019342, 539.7794443896655, 386.01824516122343, 758.5702203694431]
car [1125.8684339373408, 531.7008565615583, 1221.175881872639, 557.0396478322382]
car [354.7772987135497, 522.3625740193357, 420.88491335910635, 565.2345014870286]
car [926.1696754779465, 528.0759813307604, 1004.4113609340594, 554.0329885657508]
car [240.77746992021923, 524.8097195190433, 380.95140600676103, 606.2504072093329]
car [552.9268750242238, 525.52481077766, 658.0614549821923, 629.5318268898953]
car [474.2459613135422, 537.9460047169368, 706.4071047996076, 727.8244822225552]
car [880.9553585985655, 530.512245060814, 951.9288978708173, 552.6544469166345]
car [532.4763099971719, 531.2423679737309, 570.5305438189847, 561.8753506910385]
car [481.5710717304401, 528.637206479286, 545.2575300865934, 581.5267918007983]
car [385.60272467626794, 535.4965733356099, 502.96211731165994, 614.6067859665023]
car [1393.9784844179705, 528.4703409519991, 1528.0324337603229, 560.000119415972]
car [828.8443158234888, 531.6972489192374, 901.3175724318004, 553.1452791369436]
car [376.83083721379774, 527.3501449811947, 453.03028177893606, 576.9867289786508]
car [1260.6705145713393, 528.1257882251942, 1370.3479466504232, 558.0747361072009]
bicycle [663.5328537724688, 529.8730984271823, 679.9266155815358, 548.4695554049001]
car [0.0, 530.5411820707654, 216.68713235212536, 670.0878009555494]
car [766.9433414708758, 529.8753473389061, 840.0684493828774, 552.9151151490912]
