truck [736.969557110833, 463.6511391923104, 857.3940116554116, 531.9653199425995]
car [509.25381369038894, 503.0752982120127, 654.9979730748151, 560.6005664491769]
car [777.7053634913345, 492.04309971964216, 855.479977884958, 527.5895405538129]
car [905.2115561769924, 489.57409687170554, 961.4346188242077, 514.9379324423145]
car [239.29590168497774, 505.90747034331844, 389.9311392684792, 565.3219800988662]
car [660.0406634262728, 485.16343475145953, 800.5440996093091, 543.0294135955074]
car [327.79551598698936, 505.0697898063752, 586.2063603639186, 603.9121668832455]
car [942.0431015737324, 472.3956803464888, 1046.9765765844425, 531.3811845010448]
car [1146.4502000671416, 476.86552831550785, 1195.6411055083536, 508.767433276206]
car [553.1635776358202, 498.88492571040234, 687.1510012859866, 549.111533962]
car [1031.3378760850308, 486.4850073420654, 1071.768750070248, 504.7269522910022]
pedestrian [1383.7228810239499, 466.533180988507, 1411.2817232522552, 511.7261364095952]
car [192.97068923419639, 514.3775526469578, 377.8813684831101, 575.4801015524353]
car [855.6840776179291, 489.65623424475535, 921.4212296955899, 520.9952869629057]
pedestrian [498.5664629155352, 498.05437374435644, 598.72616825529, 661.9578580476632]
pedestrian [384.5951339341169, 478.56591917526174, 504.82381120966414, 681.0213603667581]
car [398.15424040379867, 499.9902070751387, 563.8322320817217, 562.905898144498]
car [0.0, 526.5030929339323, 106.1764725205377, 595.5020445340132]
car [0.0, 516.1350655822624, 218.99070685210316, 604.4758663676402]
car [217.70586732081787, 509.71778555916944, 422.1610822440927, 593.1844039708077]
