car [615.3403255448425, 566.8545016032499, 711.7234520088297, 602.1718435908781]
car [1009.1470531516063, 534.5038024334808, 1110.1215353790196, 593.7374660269146]
car [1493.6199763731117, 555.6868775514941, 1561.8307242854376, 594.8397482688666]
car [1288.7220102018014, 555.9179612364592, 1359.760573586406, 593.2463595042246]
car [0.0, 565.5932235501248, 7.129551959785894, 611.1552941417995]
car [905.0268683730518, 541.1088193668124, 1034.6877877895631, 601.3068855863028]
car [6.858622515591725, 560.8478828808256, 111.01080442221705, 610.7112494116702]
car [1121.2657025823785, 541.7219924654058, 1257.414186303302, 622.2782350983066]
truck [1276.887712756891, 536.1518042714991, 1340.610279699114, 581.7455643555833]
car [1355.5624551155322, 557.783700535563, 1433.0082838836952, 600.582242759535]
car [699.4912740911462, 565.2208813085427, 783.911989653418, 596.6664433943428]
car [1356.5092495174454, 545.3701041137506, 1406.4370559696574, 576.7480173654303]
car [792.9752486548521, 557.7637116938467, 915.7099655874273, 605.7066309984327]
pedestrian [487.6994239319514, 555.3453727749567, 510.71186754812703, 597.2286933455032]
