car [951.7542617964855, 506.5472816891257, 1087.9856165752337, 568.2386520480896]
car [1373.8587158957482, 495.93631125718804, 1424.109921281973, 525.9338048883982]
car [228.27416438018324, 532.4145196249897, 558.7954643253493, 653.6440061258551]
car [1324.8685937508394, 489.63978383367, 1389.614411957179, 535.7338990310386]
car [835.7230511771323, 504.90905474930975, 1003.1458366913956, 585.510974546313]
car [792.1023351087276, 504.97366993783163, 909.3753781093737, 564.0613839146205]
car [1095.285384605275, 489.25439545512603, 1227.946245240749, 561.2393040097764]
car [1217.6889869006266, 502.0523360109219, 1261.5645967321318, 526.2155305095486]
car [1185.772165930732, 498.278619230816, 1241.1620957408754, 530.3660019922758]
car [815.4758630880405, 509.92890623770353, 1039.3659106749328, 633.731219328362]
pedestrian [1413.2920933785194, 464.84518206497904, 1600.0, 820.7187989880931]
car [469.05796311065296, 517.4177836506321, 756.469921293962, 650.0069450622367]
truck [1011.2724063057, 469.7778036772097, 1123.6930267528742, 549.4641464293936]
car [583.3159291273771, 521.7904945379689, 781.1009756155363, 602.147209129314]
bicycle [0.0, 535.7999772453305, 45.1899947596064, 663.7446464117455]
car [790.7571219351288, 507.0867614464788, 927.1835029687497, 574.1465842393703]
car [1013.4537362252842, 508.3428889076536, 1158.397559464782, 583.5562170383498]
car [1435.4168769039327, 484.48094820368397, 1477.1117596915474, 515.7371677400226]
