truck [697.2754447890569, 532.553762323876, 868.8131109634799, 600.2273270141433]
car [1508.0382709878113, 554.8191472340887, 1600.0, 622.526687289863]
car [1143.490093960145, 551.893694745126, 1240.020678385919, 590.1638513753161]
car [1212.9345874363928, 553.4576951694451, 1305.571134866723, 587.632468886114]
car [1329.3973224290892, 561.3225657841776, 1398.202728673886, 586.4392062939039]
car [0.0, 568.417669550195, 98.11065086678578, 627.8504637880196]
car [1276.8521428963022, 555.8181376107354, 1360.4508796948942, 587.0455994550755]
bus [824.9396159958776, 511.1523946504502, 1071.4319901870897, 599.1884279436649]
truck [204.98573954519617, 469.364491612657, 549.257140058841, 615.1158243483308]
truck [1366.1706506995345, 521.719507083943, 1558.9953912887668, 599.4560783979463]
car [598.9636032131235, 535.1130900939456, 838.2639410214294, 620.2296143652363]
car [1577.8358335142534, 553.4440550219709, 1600.0, 587.9775338543385]
car [388.4755245161328, 540.6952856448502, 922.946581061774, 757.2134427079993]
other_vehicle [1034.5702479608558, 521.544391304154, 1170.91460213952, 589.0780489058928]
