car [1141.0733866359064, 550.5838422080474, 1244.3980825514905, 587.215058259984]
car [865.732359751829, 548.1381719465577, 1014.4554992236685, 595.722694229172]
car [1142.0940140374692, 551.7251045543144, 1312.0603866578706, 614.2527244980906]
car [397.5762862568978, 531.8057696226932, 675.2546855714969, 604.6367708070054]
car [1270.0132589363438, 549.9625143711618, 1386.0322777525635, 593.3335108406146]
car [548.865911495297, 529.3936830882143, 775.7133441293547, 612.2209565751934]
car [158.96650193721837, 514.379261721349, 251.97117979568202, 576.0064434253022]
bicycle [939.5743438102655, 541.1378902736412, 978.0548831463057, 575.1507123386677]
car [912.3723151089458, 546.4340908481421, 1041.1007244388766, 587.1731005272719]
car [642.9387035177972, 495.7589280118514, 1079.574033383188, 703.2999214267193]
other_vehicle [1472.323694051401, 544.449016612513, 1556.5802532357561, 585.1311807429663]
truck [0.0, 447.2134273400689, 414.6895610055116, 633.5327299970019]
car [1356.345959818022, 553.8096145986862, 1482.7575276979915, 605.2669507224309]
car [1416.7959732379877, 557.9317051381498, 1502.1566989593587, 590.971649378243]
car [1481.8978518221595, 559.7807285803403, 1600.0, 633.3093300888111]
truck [1520.5243095491962, 393.8394317499152, 1600.0, 701.310159968798]
