car [862.9898421328012, 564.5810501429531, 915.7432373410642, 604.62102486571]
car [802.3824766452788, 520.2561544901253, 1109.2050865196272, 815.8184313599958]
car [616.0703958295043, 557.7724522919011, 679.522313800463, 607.3523869548621]
car [299.4995515266404, 553.176237168471, 527.7512361356091, 667.4841478764525]
car [791.7991578346656, 555.7986766931012, 846.7312019074553, 592.2629605456908]
car [725.2279387422864, 556.8526468633253, 762.9541116114794, 581.9329716036516]
pedestrian [302.19897638566033, 556.4917625288036, 326.6537967201602, 595.5116788287144]
car [930.23790111368, 560.9448815594832, 1022.6639039179854, 639.2010513866941]
car [583.1359611623433, 547.4500053069514, 637.3445834211291, 583.6353515227455]
car [687.8530588323613, 553.0773109858837, 739.0051783655831, 586.8387553292248]
car [1553.1701414645377, 498.70021776380526, 1600.0, 900.0]
car [1128.8908256915772, 496.3093909659411, 1416.0689252014151, 702.0732175186165]
truck [619.3093053951711, 521.9708381844895, 733.6717711731899, 588.9697083443328]
car [0.0, 533.8026102493797, 223.69492718410814, 747.4342672588803]
car [0.0, 510.67756344684074, 366.2509916016322, 851.7973574464515]
car [743.8354710323366, 552.6867763781585, 780.4257852778444, 578.8344851115478]
car [585.1595113370539, 564.9716849614531, 735.1752633827009, 645.769103750386]
car [768.2763048021628, 555.9498848546204, 800.84391036183, 576.4862810615296]
car [779.8064644746627, 559.7685254416999, 879.6161220073984, 632.1089377683348]
car [541.6328338235281, 548.1662415028945, 676.286139429532, 617.7538683512655]
car [347.9082003471187, 548.8386678019455, 618.739470493728, 698.9213697882682]
car [486.4665112970859, 555.2386818520959, 794.8756662484316, 745.3795630915454]
