car [736.1112249891702, 500.48008178333055, 777.8287568776369, 520.6810292155291]
car [21.051439314726956, 499.9919846289549, 373.819102004746, 740.0592366086]
car [942.4296967209262, 487.46587115515035, 1600.0, 900.0]
car [1084.950870346955, 508.0383869357611, 1213.907315810522, 555.6934495954628]
car [681.0672195885335, 494.87853813163173, 723.6578096724608, 518.0351563104094]
car [517.0654651749003, 497.88345567274706, 546.3041671223759, 521.6702147322329]
car [880.0297561455711, 496.4729254464651, 955.5131191663565, 535.3265600356602]
car [655.152235584301, 500.6633790935, 703.1383377965342, 534.1051584985945]
car [423.4806930865661, 500.0830879979667, 536.8575392036056, 583.0863266553138]
car [297.56284255521587, 505.61506650497023, 493.5847048937391, 623.7271807716447]
car [1124.4753063789965, 505.1890336250883, 1243.2294312189279, 550.0591889331445]
car [774.8292583022715, 500.5679890507476, 826.3069190098371, 521.9238209747666]
car [809.3992336018823, 502.4320971377509, 857.7085958622571, 527.2938346170471]
truck [811.6494281555707, 485.3302428133043, 891.8781265126601, 524.3780159219006]
other_vehicle [706.2587409801929, 491.4780383318314, 744.4533643406706, 519.1794546061848]
car [567.8860258523392, 503.5397148472169, 663.5757878684631, 589.591151355617]
car [1208.1457358944558, 512.2321000618894, 1355.6989919768112, 559.8550232045516]
car [1311.0811021313232, 436.46639644916195, 1600.0, 620.2747879290625]
