car [0.0, 516.7224261754264, 68.45012333243558, 550.6302293631202]
car [645.7537990757131, 529.1725537436005, 677.2643886021584, 544.1692366761404]
car [385.4679418774772, 523.8025374056582, 452.54809324234395, 548.1325247973684]
car [36.7886514293558, 513.3387288762262, 168.32078194529447, 552.7142067178153]
car [195.49490456330614, 522.4820868756607, 272.59777709880973, 547.6551654322882]
car [470.4470840312157, 524.5437889480446, 526.067310087605, 546.1419781796061]
car [556.8080161414524, 520.658133465146, 627.0065905808852, 550.1352825015396]
car [291.66438976486035, 524.7600599617315, 394.530335719901, 562.9419836630822]
car [1304.525325842151, 439.8988980390446, 1600.0, 900.0]
car [224.887447768545, 518.9706505738451, 310.545970032737, 548.2836702535743]
car [267.7374818219652, 529.319705076912, 481.95774999766223, 606.1262050968622]
