pedestrian [737.5757414718398, 485.05540470590387, 884.5151720829125, 731.2789240562687]
truck [666.2925509954016, 475.75855554162706, 793.2554552352076, 582.2565188727754]
car [864.3670162553809, 519.1890787562409, 986.3066945023446, 566.4820248313288]
car [1062.8626759458377, 501.4121025536945, 1230.4562578084565, 599.7061391933896]
car [1136.6219911180424, 520.4355590148541, 1391.0419771065199, 642.0914458320094]
pedestrian [946.0298613274939, 495.995027653799, 1075.1099875687912, 728.5867224247469]
animal [657.3667415828725, 702.5672488868124, 770.0286728004295, 776.8868311153235]
car [948.0846926980323, 514.7891787613142, 982.343566448716, 536.7833352250315]
bicycle [1318.9974836459246, 526.767965222394, 1490.2443414062218, 632.0552068601778]
car [969.7337319775572, 512.4503270315787, 1022.8078276310096, 547.9265413943651]
truck [823.5401889341528, 472.44028472430364, 896.9070231561086, 553.7569021585525]
car [1172.6744217053822, 500.1225234710986, 1338.6129359548756, 557.3298584700397]
car [1031.1620976498546, 522.4730663862866, 1139.9838414666087, 577.7282384645282]
car [742.9052935622334, 514.5530226811495, 812.1890871752804, 559.5389436175158]
animal [1170.6816246477251, 679.9294501091194, 1286.4072850792957, 741.4243965785505]
