car [575.5978529176022, 495.467424715123, 605.856757012462, 521.8770714983737]
car [963.7483580988708, 509.35783351744, 1008.8427842502489, 530.0555298795174]
car [1106.9517895408549, 509.95629454793954, 1198.9135209210438, 546.3334610592032]
truck [690.9542632684664, 433.15567029662077, 823.667479529393, 559.2672509693306]
car [936.5285117768677, 496.74095485734875, 1592.9473171458012, 830.818848521444]
car [0.0, 294.0970842374683, 491.80124614776764, 716.5544984106662]
car [759.8851081070718, 497.85394192397973, 907.3692764390686, 593.9626320822908]
car [0.0, 499.1105607649441, 326.4209540806211, 900.0]
car [1137.1220723815488, 435.27022890866056, 1600.0, 753.5821949544227]
car [613.4178812480304, 494.506796169909, 668.9148427571525, 548.4793648668089]
car [1047.9684142230367, 513.2825409138724, 1118.2969119321763, 541.7746085450566]
car [451.0846081902656, 499.0057295978535, 551.5051755065042, 570.8268005695106]
car [566.8437830263356, 501.1487369540638, 596.0841537167165, 526.5689657754812]
car [538.3688971199228, 500.77784591421675, 584.4639510161411, 538.0589570234265]
car [670.4386672318941, 498.4161163608694, 692.8073775392096, 520.3387726276715]
pedestrian [1590.433279661814, 500.4149145639195, 1600.0, 561.7929161558632]
car [490.2873441919925, 487.69588200144767, 567.5853036039945, 554.8038685291821]
car [993.1701289988339, 509.66125256943707, 1052.8504588417893, 533.4622297061333]
car [913.4406772225842, 501.7342941626163, 960.3700763389328, 522.2034848164204]
car [679.5105513990709, 496.33997243041404, 708.6213333831474, 523.3610963766426]
car [359.70462700039536, 480.63645995145515, 533.5877685808712, 607.0180424727183]
car [598.4461790983954, 495.8700977198146, 709.5511399300595, 594.0923953647692]
