car [728.5937614698325, 501.3885051775461, 763.0427894193147, 530.2410456278899]
car [786.1488190955429, 499.2148274644743, 847.3090763041431, 541.1746120478972]
car [1363.1170346249128, 508.1489913352487, 1600.0, 609.1420119074369]
car [593.6152763374894, 503.2051354927758, 670.0349574357438, 571.7533284727782]
car [1317.9560150056727, 505.56396223152916, 1600.0, 588.5674804932275]
car [197.4736316882835, 428.59933455374374, 525.9131136849446, 668.3165740795897]
car [949.072556479321, 502.3768066224513, 1212.3860142605897, 614.7532396559488]
car [878.8881201168758, 499.5342888779681, 940.2364649153128, 536.9377827360656]
car [821.361797057007, 498.3435955720478, 849.7139313427714, 524.2329672211838]
car [1141.0435653806176, 506.97897689052024, 1231.2790655719396, 531.5288905930879]
car [1133.2645455996785, 507.66882087101214, 1217.5764650285098, 544.439887009101]
car [1071.0402429042915, 508.8828004393058, 1166.9286608334378, 544.6072487597704]
car [433.10598544256777, 496.2697609978205, 531.1488115215966, 533.2738755821479]
bus [606.2600799947767, 466.79578190820666, 693.2307720105409, 546.3453571272645]
