car [459.7746329899497, 541.1790185576039, 517.9364184765458, 577.6171783048533]
car [653.9436003513491, 522.9591137280398, 685.471667334837, 560.2333185291993]
car [615.8652007492274, 544.66753738574, 646.947075339643, 574.8889094081218]
car [516.472517710804, 537.1569546270621, 550.9737809585238, 564.3073479475879]
car [718.0952281053485, 535.2453474552858, 805.0010965874962, 565.9324453725974]
car [546.6985528184093, 535.2612097006447, 570.0625859344802, 554.3024160645872]
car [584.7390775577654, 539.8492119492607, 606.0949964031619, 559.7037926165294]
car [664.4612687098646, 540.6685825215444, 694.7853984344104, 565.033831310709]
car [42.711653784628226, 530.792789163404, 155.54559733137842, 578.1105375910172]
car [206.24262201742508, 533.5134443213952, 279.1170870486659, 567.3252009227781]
car [0.0, 534.0826973799626, 397.4709163187174, 817.6872743228969]
