car [423.19614326507235, 536.3962541225376, 493.624774398825, 577.2550169700645]
car [303.1286769555578, 537.777685747132, 338.585866897993, 562.1609492088148]
car [708.9141983752635, 531.922436814018, 794.9348490641975, 592.3740830420447]
car [0.0, 544.0024298755723, 72.90996156891062, 579.03983420747]
other_vehicle [675.7650910604056, 496.9498237970278, 758.4873212666322, 571.96297822632]
car [163.92194807485166, 543.2917521930783, 220.65433711477127, 570.1871174303358]
car [548.6006174339118, 528.4599918212849, 592.0595200271904, 562.5329578091582]
car [588.0314672593133, 527.4870720221697, 609.3583211896166, 545.519500202064]
bicycle [0.0, 553.6381706937497, 44.87766966391716, 583.7089501760236]
car [458.0422673379625, 524.2355432650932, 506.8489919158027, 558.4190006816007]
car [488.79219812114377, 526.5651813519494, 523.466171548577, 554.7474925670384]
car [1044.5010982185895, 526.9846568166896, 1600.0, 900.0]
car [579.4033620195969, 529.8573254382502, 608.2989811462207, 553.5065736441907]
car [222.87472272867163, 543.3419907404518, 269.31615513832537, 564.3593025434642]
car [801.0609991664978, 474.4099470760609, 1135.4731128870285, 700.5497991964961]
car [743.0901526456454, 516.111951617538, 897.5673750649771, 628.933823756965]
