car [1186.6787525773389, 740.3896051589519, 1377.6352055254974, 895.6892740346171]
car [510.00674390776896, 775.7678971450499, 661.9010700545994, 880.6768533790303]
car [674.9510842170147, 767.795680083409, 853.6171288606943, 891.8642286573796]
car [1425.5921460150485, 787.6640738410478, 1600.0, 900.0]
car [1281.9998409525856, 775.6458422292363, 1554.3160511191309, 900.0]
car [118.95795585003061, 746.760646967508, 431.16157683869307, 900.0]
car [1105.9704933157009, 756.8873571015665, 1177.823656314992, 821.7782845502525]
car [1335.9523115610994, 765.6422351918442, 1600.0, 900.0]
car [797.3894240699105, 735.725168030955, 922.897951254071, 851.9526311427265]
car [1232.3340233014553, 748.9556521360264, 1447.982687030801, 900.0]
