car [1184.8634033495155, 535.4074620352417, 1243.8998376261054, 570.1449396416907]
car [1070.98508920243, 530.8463883614743, 1107.5437141984285, 554.2908539660112]
car [1088.1189974929414, 529.7975755337336, 1127.6915738622192, 554.6772629913798]
bicycle [0.0, 447.7848876295981, 80.43766192908117, 654.7910398455472]
bicycle [0.0, 448.4592661287402, 58.45802226199682, 677.799330414822]
car [855.4123584056587, 506.48724942041383, 925.4816157716432, 573.5397850991699]
car [777.6451620087685, 513.2980068658117, 803.5549665970909, 538.8013167945606]
car [732.8487171850852, 512.4859085822505, 803.044930632882, 572.0654724064945]
car [836.2891765186733, 507.4325091455976, 893.5520205540938, 559.7734929693877]
bicycle [1007.2574900720995, 509.9649065145795, 1100.682078228272, 596.1259351268986]
car [704.482639803416, 508.6415522199383, 744.8068516269559, 544.1390694852503]
car [1153.3328136056748, 534.7074645449595, 1208.7718270376095, 564.4409295030601]
car [637.5037130474399, 504.0835847594392, 697.3073553790623, 530.6409290413159]
car [897.9112885527708, 518.5927460218425, 942.5801708249263, 553.6371659796557]
car [929.5919973315474, 518.1003169759729, 991.8746300530169, 562.2644109766301]
car [1019.4389236764882, 515.9516877308272, 1447.645461815338, 795.03963480357]
car [696.1303585924471, 509.2157656125372, 741.9964240083564, 547.2558017850436]
car [737.5663476835573, 510.28160741456736, 795.1214899700587, 561.5456583233585]
car [1105.747102365452, 531.9995111891658, 1148.2419089575185, 558.0200109248882]
car [969.8598574842938, 522.7500592628126, 1059.626317628366, 579.5563195265804]
car [1211.955416118866, 536.9604505552873, 1272.8135246884672, 570.7242469924051]
pedestrian [1256.0218216687233, 528.332995002101, 1301.3856565524575, 597.535867319812]
