car [1380.2314805737312, 575.0917073197247, 1600.0, 664.5862606348405]
car [471.3155824252677, 503.9139419423908, 810.9446927449741, 645.8962412338997]
car [789.1076244627253, 553.2779489123525, 972.3705259907764, 613.0933954054314]
car [1058.8875789638712, 543.600839257195, 1328.7352408240185, 643.2860053941378]
car [455.047162124975, 523.3503844870779, 697.2751533210678, 613.158497581655]
car [0.0, 511.525132680202, 52.7309977616936, 555.2190277873425]
car [0.0, 504.5735163592862, 73.07599100758549, 546.4807300318431]
car [925.2722869954857, 536.5637180238285, 1168.3807031849813, 631.9542041668885]
car [80.7893215543665, 511.0321672308201, 208.81499985743872, 564.4622038217078]
truck [369.493133319418, 420.2326090897499, 908.4396023459398, 625.3898692215929]
