car [602.9647332472134, 503.29008011166974, 670.3250037444164, 555.1765414374019]
car [655.149812164245, 500.8500219513829, 681.6397224973144, 521.2410678216972]
car [0.0, 496.84871409551573, 44.04695259656139, 653.7438284846564]
other_vehicle [889.3438196522383, 491.18241458394465, 958.227113323548, 530.9660653484201]
car [760.1129271982896, 503.8266633523541, 789.6837829016214, 522.6439351292354]
car [707.3023132755266, 500.0508225745569, 750.365315309859, 529.6593133840458]
truck [604.8722491864058, 483.5492086182623, 636.7828410367324, 522.1141201888775]
car [665.9588610353794, 494.4379623906936, 716.2750677597234, 540.380316633329]
car [399.79996985508, 508.5428597793835, 516.7162866736062, 597.6219132586842]
car [793.1938197928205, 508.6673662264778, 820.3303132272594, 523.6335121884309]
