car [662.5582831168621, 542.5063803755535, 701.6392528615415, 572.3474545094915]
car [0.0, 555.1735478788629, 53.02880198502885, 610.432988738461]
car [250.1931233700926, 558.6868052152746, 306.0599975479636, 584.9279718306207]
car [546.8762210516414, 542.9116688463365, 572.0722853893359, 561.2922838603471]
car [492.8350909346245, 540.936328882671, 533.9997632021659, 574.0013842843197]
other_vehicle [315.5130311870457, 534.9968040569661, 384.4693963984605, 577.7724101360578]
other_vehicle [23.293047390072218, 530.287450421258, 166.76483402165687, 605.1800799187314]
car [294.01373740781054, 558.8046106404207, 336.65213753113704, 580.2412286147382]
car [383.8947373910931, 551.9796032237923, 429.68975818213534, 580.2710865698198]
car [207.42723765792184, 561.7047314691389, 267.57948008175606, 588.256838396387]
car [114.76150112834273, 562.5791895215567, 206.11701383872068, 599.8489556941761]
