car [0.0, 567.5354336690552, 11.755716532422834, 598.0616981756853]
car [1016.3561048220236, 555.6396895924904, 1600.0, 900.0]
car [1.386764355442149, 549.8541687668478, 121.49868349191506, 594.8828679847397]
car [385.9992370548237, 534.6451919652475, 421.79409762555815, 558.9135977196252]
car [199.288705254971, 541.4458116753729, 275.094753817239, 577.7884628253438]
car [99.70439063805642, 536.6850686691338, 213.49729786354234, 589.0063215263665]
car [832.1617921442696, 529.7676681433741, 1217.232168980578, 746.2531949390337]
bicycle [795.8399768050582, 518.5329250495796, 825.2917795441327, 569.0662330007992]
car [757.2201055302359, 536.6640391418726, 948.4952493314004, 649.3267831444917]
car [226.41841269544832, 523.2714418711822, 407.0718309101285, 624.5647150560841]
car [218.51004835665552, 536.2617197738116, 310.62133743047406, 580.274087972951]
pedestrian [775.9136220110994, 527.061522012074, 803.4094161563553, 573.8278998167705]
