car [829.6735942896444, 493.5516914936073, 960.3400256537416, 566.4547805798288]
car [912.7864966479546, 510.33138341220496, 966.585293826418, 536.6478066647547]
car [385.0520693443589, 501.1618352471056, 428.2652927240691, 517.7837485662814]
car [0.0, 512.1366964834166, 52.64914614855467, 615.6002830624102]
car [545.9447768325374, 497.1790508905243, 585.4850690326349, 530.7870838299312]
car [944.7222231981565, 513.5009491207143, 992.0875839606732, 537.8273420593259]
truck [438.7376600142392, 499.07396342545815, 503.6286753855106, 535.5288198561626]
car [559.4725277903494, 503.2892296936381, 659.2330499338144, 583.939338020151]
car [981.6661366424157, 515.547224100384, 1040.4801703678281, 541.1429062689447]
car [673.5676017832235, 501.78461469284287, 717.9034007801354, 535.2251313663804]
car [416.2833245716761, 505.55993002930546, 465.73841156620085, 535.6821732817444]
car [710.2984199284695, 500.3106920280424, 741.2797975486858, 523.3658540240987]
car [1298.0263190129278, 521.8322268949817, 1592.6039562208757, 613.2167996650841]
car [329.7237835945708, 500.6812053696236, 413.06329399662144, 549.2584866333098]
