car [1372.4268256291014, 535.6463899763236, 1436.6756508535302, 576.7645871215407]
car [898.4587561867743, 551.444522073795, 961.9833780680895, 581.8538171831019]
car [1108.8332390769135, 539.5619490828424, 1156.2353510060636, 566.1756354476222]
car [1059.5940102675997, 539.0772219976257, 1115.1761521715391, 568.2189716550497]
car [1336.0137003450395, 534.9209729792252, 1404.0252731753185, 583.721083620565]
bicycle [1455.0290862940112, 551.5789572531497, 1600.0, 900.0]
car [786.8741026623496, 547.1271462543557, 866.9838067476819, 584.7519276158681]
pedestrian [893.6009634088048, 537.5484687116449, 1005.0423326192617, 714.8789947280977]
car [991.0569819063898, 548.602795119339, 1044.513555405262, 575.9449136460764]
car [720.7504764835193, 549.3742882348254, 811.4897249418585, 589.4227961693746]
car [920.1921777855713, 543.807414055382, 980.5085824400577, 569.6883653276675]
