car [586.6615939719081, 537.763608001882, 615.3756312978361, 559.344063938512]
car [683.8805534298087, 538.5370294046567, 712.14024057004, 564.7166532272261]
car [17.805283818451255, 558.2366065222135, 123.85790622241397, 600.0853915198688]
bicycle [1255.0612426127973, 549.3190643843569, 1388.1133080745174, 619.8673304881364]
bicycle [1292.1609639097107, 548.5712792050531, 1429.1427155989425, 616.7597688433109]
car [718.2501706249593, 544.1915352966383, 809.4913446646665, 604.108518168715]
car [784.8090261355543, 536.6605743387563, 999.1229402347375, 674.3272050052325]
car [301.57128577666987, 534.8404251663975, 429.60906550781465, 614.2241538811232]
car [687.8476938040806, 543.2177709478655, 728.5504854067848, 573.5493170840576]
car [738.2011415587657, 530.2872528973556, 876.8079233162983, 622.095467346137]
