car [601.0076901338617, 530.9314137419398, 646.8916342471049, 570.1285017500481]
car [679.0674184608301, 533.9015667027967, 731.6322425176342, 572.8355273561903]
car [670.9165280548058, 529.1676008955426, 704.768542824993, 560.9270314352943]
car [311.7814193573893, 546.6174993159448, 360.1130374523362, 571.6464669417708]
other_vehicle [117.99072508928404, 521.0624387978036, 249.00734847473805, 586.0518537747774]
car [0.0, 534.9005458283972, 145.45018587446728, 619.1395372183985]
car [317.8809369753083, 539.2969496597229, 386.02736327883736, 574.8811296933487]
car [485.203747767547, 525.0881740888224, 562.0977275169039, 588.5054356635018]
car [76.94116672018384, 545.3717807522829, 174.7655555291907, 594.96338001548]
bus [0.0, 507.1486996004307, 13.439318287257342, 608.0795767128498]
car [675.1756374728849, 527.5739330769438, 717.850743803572, 566.0557040273326]
car [218.24458049486364, 551.9488062199674, 280.0118765986573, 580.1464419725446]
car [342.218044150413, 541.3253705221596, 444.89212340779466, 597.7818350662412]
car [264.72973826938335, 551.3973063322373, 315.79559461934804, 574.7929036989641]
