other_vehicle [92.20401563797985, 527.3379618170218, 345.33871950018585, 632.9122540056435]
car [825.5579507974958, 554.8803284299935, 862.6801630224811, 587.9487186787329]
car [887.6199542937873, 555.7355667958234, 920.3556078915747, 588.5291107482809]
car [1547.846868838758, 625.1896760512759, 1600.0, 900.0]
car [741.5602946703522, 554.2057881835277, 813.3565878958899, 609.7386796321315]
car [0.0, 523.3839082565838, 204.71711043900694, 842.855353843232]
car [1002.2855659360731, 560.3315292297789, 1036.986146899412, 588.6238409393391]
car [996.1016946009092, 554.199949498375, 1026.0964662749152, 583.6530282510693]
bicycle [1159.173301570744, 552.598841515302, 1192.969267034194, 615.4075025590629]
car [988.6263144088497, 550.5060715692716, 1020.1051134624047, 580.0847391411987]
car [849.5235063943173, 555.1427122533213, 897.3271338244758, 600.5944278827254]
car [1034.8484117013113, 558.1875669665023, 1115.8750538510183, 617.4190724145873]
car [1016.8107560804895, 553.007100073348, 1084.75019702686, 605.9252069822273]
car [929.916679666504, 547.9491021909887, 980.8903954373994, 596.6596031799268]
