car [889.3441800518838, 483.7792559991183, 1012.7378355818138, 528.1917006620031]
car [777.6111439476307, 483.83541167165214, 857.2686828726779, 520.1493912676609]
bus [980.1048572076313, 429.65600953572977, 1258.2270994788244, 534.2123216676835]
car [1247.0560100651269, 483.7745592346203, 1431.4761625644364, 539.7301368893391]
car [200.4779999109909, 494.7392173181908, 403.7430001604084, 634.9041783529113]
pedestrian [1334.3770214569702, 450.3996679851744, 1422.947106301649, 584.0085978057904]
car [1234.6587243092313, 469.2239189258227, 1409.236052585066, 525.6297352865372]
bicycle [1024.2212989227087, 460.1180510466929, 1152.8663096676496, 556.3835752512671]
car [640.9978469930501, 484.8799556657377, 894.9313738880512, 597.5003171478526]
bicycle [1016.0845041915767, 471.0312919081387, 1135.6405641908716, 551.0755596673981]
car [952.1035333534594, 481.46476699078005, 1015.3578168991036, 508.2496175518176]
car [1293.1500498816242, 468.4078005575217, 1476.141196270937, 522.2254059545882]
car [793.2827389123167, 484.8638550708368, 894.6550758071314, 525.5520711143442]
car [355.44096477360955, 491.2257650064382, 599.1321784062782, 619.2507758187788]
