car [493.8363175561086, 509.92923571093996, 561.5607650538842, 555.6144509293251]
car [504.8927634997743, 494.9183434669499, 570.2814169859923, 547.2247065497772]
other_vehicle [526.0813466484726, 475.39646532948626, 589.9786281800568, 535.9858483672857]
other_vehicle [302.6039607108449, 418.36432288778343, 525.0182709575222, 625.8384285704547]
car [0.0, 507.0413650923184, 277.1880521101581, 876.2674142705108]
car [682.5527498042487, 504.3507513635077, 703.7810666005764, 521.1584229346173]
car [730.8283005067365, 506.156540300978, 856.1986836426696, 589.8843962962783]
car [536.575647595786, 507.668620740028, 577.0326452528675, 541.1004221899325]
car [685.5404628897521, 503.9123385458728, 733.059103831596, 536.8257179700839]
other_vehicle [555.4369333470254, 484.80144432379694, 596.4848188059472, 528.9382929793182]
car [456.4339617284067, 512.9370649236745, 544.1868550970132, 573.3095332916639]
car [580.7869475516014, 504.3899337356809, 660.0136194727548, 574.7518748334328]
car [650.842708197682, 501.52885037186354, 678.0151858299419, 525.9499546225285]
