car [435.98139286032483, 517.7972028680468, 546.8054818561718, 602.9802396285965]
car [0.0, 540.5952293825881, 76.17997095663955, 638.4956428464633]
car [253.99202924869326, 534.5530915531649, 355.69890503363627, 585.399627599945]
car [387.60830203454145, 531.9504247893037, 442.6744772956004, 565.129206631045]
car [717.2048626318934, 532.1465026880628, 857.9982882368855, 628.4795248258117]
car [834.1009456419062, 525.2798541200725, 896.65127643974, 548.977929586742]
car [1091.5771015538005, 518.0212593153899, 1153.569089277579, 539.9279680337454]
car [1007.5998456257527, 520.369942062137, 1062.597698729926, 541.5983065360062]
car [1296.9560634873526, 521.12973644681, 1372.4099969364793, 539.78186027726]
truck [586.2400421138201, 483.7866648453286, 664.4602345346095, 582.8371801965259]
emergency_vehicle [518.7058350410532, 494.88909994436983, 588.2837281547315, 570.7310045395686]
car [1081.984571229871, 520.2977029111591, 1141.3464989724735, 539.6552732483565]
car [255.0245927948763, 531.0450210474035, 493.12172518522425, 678.0787880412408]
car [697.5515311434602, 527.2733476785394, 742.7764834376718, 542.0603866403465]
car [431.90953504379445, 530.4800930748229, 495.8166876518366, 568.7679957277663]
car [488.2039649087996, 531.794291009474, 555.229135696204, 582.1810939625383]
