car [0.0, 526.436683470976, 106.16470455498107, 595.4309572977203]
car [0.0, 516.0549009734992, 218.98649962164833, 604.3827802211795]
car [996.9514180040157, 486.8529112348396, 1041.9258289451213, 508.94864638543356]
car [660.0362426537997, 485.074985901158, 800.5429325359012, 542.9275966599637]
car [217.70083473435832, 509.62323464742417, 422.16622902817056, 593.0756646783308]
truck [736.9552467560601, 463.56673850480723, 857.3834303524804, 531.8814904460553]
car [398.148002091428, 499.9103187306045, 563.831793454791, 562.813785767136]
car [553.157914474072, 498.8036603866257, 687.1490499575717, 549.0201790639727]
car [1031.3166519762622, 486.40571553292085, 1071.7480285373774, 504.6469693692003]
car [509.2524735747496, 502.98443047532237, 655.0011527084893, 560.4978262480936]
pedestrian [1375.8007548938112, 464.92143858336607, 1408.2147708980322, 518.1706201667018]
car [905.1964035770411, 489.4949097199527, 961.4204954673887, 514.8585123050266]
car [777.6951880418279, 491.9635772229184, 855.4715313723049, 527.5089852379409]
car [1097.3481598720784, 483.389269721636, 1146.1713466253702, 505.86204573676457]
car [140.97395102654838, 493.09032168139106, 513.6919657441406, 656.4686761977878]
pedestrian [386.21942890842996, 478.306103666942, 506.3038077120802, 680.5340593428249]
pedestrian [498.98616647902196, 496.0411201962955, 599.1499664522362, 659.8129309751297]
car [1207.6075558298755, 475.2000012798011, 1244.3542145315328, 495.62022123143663]
car [936.9745916901609, 483.8388794590198, 1037.5701807960104, 536.9596818297797]
car [855.6714204503485, 489.57626681671377, 921.4099357461134, 520.9142394588264]
