car [616.7702052727229, 516.5757175530246, 653.5233078664709, 553.2378999755547]
car [690.7418995009118, 528.2181242785425, 748.6719270011354, 567.5157743183739]
other_vehicle [922.8776486734022, 305.00931279188626, 1285.0688229170837, 734.8512920447026]
car [682.3829974577233, 527.8842429667586, 734.1521964467814, 562.577409789794]
car [532.6412784006925, 520.6251177868455, 588.9328818242607, 568.5870239616577]
car [714.3884095956093, 504.0333204783784, 852.6668603387244, 606.0519837978484]
other_vehicle [668.3116496055682, 509.57269202867184, 703.259226559072, 546.4216371158476]
car [700.7695326858819, 523.0800615327922, 773.771865479612, 578.1088382620311]
car [0.0, 536.8920034574239, 37.5576240019611, 580.8219685213244]
car [197.50851452797372, 525.2325335956695, 375.5812579235476, 625.9615237891827]
other_vehicle [753.2053050614893, 395.257938443531, 1117.0202026849165, 687.4303560448765]
car [678.3805228661121, 519.6469597097731, 722.7965751722547, 556.8996141161913]
car [0.0, 499.16240799268087, 270.9772667394758, 900.0]
