car [450.3081656232054, 509.79459481344435, 532.2246557934931, 570.9549796969537]
car [131.25978485686113, 513.84365690143, 451.74611821618174, 697.5633009272182]
other_vehicle [538.7372513182603, 493.5489431053288, 575.1060398131725, 528.8013468813299]
car [524.2612540157858, 504.78974110506215, 568.7062877755219, 539.2716877850842]
car [915.0644865863145, 504.1914363713501, 992.3624623278987, 543.0545691245746]
car [758.6518535064677, 498.86307311139984, 800.8459657765801, 527.5094114406884]
car [808.9171053392726, 501.5875488551761, 951.6255046402819, 575.808287732676]
car [1296.2143820253712, 503.6861089089411, 1541.6391343851458, 586.300908056988]
car [725.7348283962538, 501.91246425336436, 777.4941015089037, 531.7745844999175]
car [574.0070251368303, 485.0869831446207, 689.6767690856248, 589.5652456069964]
car [493.04029554128687, 504.83289600941936, 553.532968497814, 556.1812789926539]
car [354.02223443361527, 508.119837652416, 502.82247596691997, 604.6092237199385]
other_vehicle [0.0, 303.00625424615276, 336.9703363730975, 750.6830291787476]
car [736.9473067138334, 498.9530784448539, 770.4585215546086, 523.4407527920831]
