car [1459.414603129193, 489.61780456501884, 1588.7984061929726, 537.0513909604423]
car [1302.340620270277, 517.1236367160697, 1410.266311514643, 557.4865992848582]
car [892.5513091755627, 555.5130972956405, 919.9749818919375, 576.2692513327655]
car [1091.7116239557683, 541.7038124039639, 1211.8543267150508, 587.8353192259602]
car [831.1378504027028, 563.0662723882441, 871.046546282736, 590.3081884865278]
car [1164.325164359326, 532.6841840447465, 1275.2482648474113, 574.5281840101779]
car [986.1978783814292, 552.5214314598824, 1015.6283786336038, 575.4898424485142]
car [0.0, 533.527813498213, 476.0819725626174, 900.0]
car [913.9233670853931, 552.5041213045602, 970.2796267546628, 608.7768844573995]
car [538.9097077880896, 563.7776742703007, 706.8448485121869, 662.8182443613878]
car [729.6436616090559, 556.1323767624832, 783.5094872248035, 591.1656581670273]
car [1375.9950958466015, 514.6786830616966, 1482.5482233366492, 561.1481831951198]
