car [686.1632919206887, 496.7449236586279, 743.5562944096451, 540.2697588386211]
car [789.7974379426997, 455.9503418301435, 1099.6532186128652, 644.3854647947284]
car [1355.2426038067028, 525.9459675958904, 1529.694434498484, 576.4444300345958]
car [603.8027306800317, 491.70420034981606, 643.0788024340965, 526.6091021632875]
car [304.47178084314294, 490.1338697338829, 411.6128373529963, 531.9313474417091]
car [738.157573296709, 501.69118453017, 785.8680015256784, 531.8647738788934]
car [586.9577177945489, 497.7462383327644, 647.0566372716344, 549.7558055890731]
car [1448.4789684520388, 511.58572382411, 1600.0, 615.5239101100957]
car [0.0, 481.8162048508639, 41.96203686963492, 525.6680013155398]
car [0.0, 491.16102380454373, 74.56717679944967, 572.0553861337365]
car [223.77561916987824, 490.67379175191166, 301.8766810133349, 520.8704821889777]
car [97.01211220073883, 485.5998998453091, 181.72123150531053, 514.7509041246745]
car [11.16770708563817, 478.81469303228164, 87.6129871497299, 511.40120643089506]
car [1140.12848555886, 486.16540246326673, 1435.9511826440319, 602.955281555478]
car [660.9398420521617, 501.5232559859937, 694.7736299074627, 527.77790147989]
