car [861.4228412838573, 523.5209513409739, 925.8308036000755, 554.7561978413096]
car [1036.7757765999659, 531.772829076251, 1129.2413803192082, 570.7091582332572]
car [719.2089132046361, 517.0695389719455, 755.5864218969357, 542.2656174820484]
car [735.2293672500648, 520.0923511514943, 776.7528495428473, 541.9021672934497]
car [545.4851992501018, 508.01432345864987, 668.4797008202951, 619.21858743525]
car [487.7210733831959, 518.8635840234165, 857.5246401790283, 810.6022170362861]
car [650.0035969171029, 514.2286049817945, 692.6443053346834, 548.0023875610923]
car [669.4615201731748, 520.8229341153875, 718.5926430530819, 540.8619393765961]
car [595.983633838977, 514.7329471869347, 677.4903587662068, 577.3581111609506]
car [835.3527971367625, 517.4519505559305, 880.1531786690031, 543.3130948653846]
car [457.03868209126006, 510.0334965903275, 554.7451413409842, 595.6994741915005]
car [797.275374629098, 523.7565211946811, 833.5484501054848, 543.2851767761179]
car [523.1941472076801, 516.9330166851533, 578.1923562467872, 539.0968811924442]
truck [1560.574009539706, 401.51457655097295, 1600.0, 622.6642278067454]
car [508.8169385771247, 518.725340984929, 558.727821354533, 564.057260407805]
car [756.5577314922568, 521.8285812635439, 807.3998468159987, 549.5214765905312]
car [958.5957317869277, 530.1184802943056, 1024.178341771568, 560.0080268915596]
car [876.1713593248928, 521.4233033211158, 930.6787929708721, 552.0028424919402]
