car [614.5425678244482, 533.3540134232063, 636.3798043033453, 550.1389972758539]
car [200.8389909538667, 548.1444039958309, 264.0481030724957, 575.5901075649195]
car [236.76177513858002, 540.2990227651992, 300.04490890042746, 572.387135404297]
car [283.8297931612348, 543.8851429804467, 338.33798169814054, 572.2436124753701]
car [528.6091582739626, 536.1070411721073, 555.528523102366, 554.6101451672397]
car [355.0820084620284, 528.3011154114838, 513.1693617823706, 641.4763370545651]
car [1312.5143367730861, 527.6859546298472, 1600.0, 735.4447825890205]
car [0.0, 553.0024658634874, 85.61466540951318, 599.5069434858069]
car [548.0995924359079, 536.6680433947056, 568.9291623742264, 552.8557914682744]
car [51.412416908000026, 555.025021208836, 144.86780652047392, 592.5031447409682]
car [332.2342060286182, 541.0051907390582, 371.37860573053695, 563.0816698945139]
car [1343.8857676402968, 527.3186143133054, 1515.4968716497285, 587.2478620218592]
car [642.9504700031434, 533.2641138683841, 663.8395348355451, 549.5655843303244]
car [561.4222588220831, 531.574775740943, 589.2137979283721, 552.6399873991393]
car [0.0, 484.4682277602626, 222.32550453108306, 900.0]
car [278.1036812961373, 539.9679100734515, 326.14667265339244, 568.4250770965892]
car [984.534435787551, 534.2127163194532, 1134.2033875256589, 581.1847870974635]
car [138.5474779027377, 543.2956483070518, 219.2518808672949, 581.9333798556862]
car [1166.5048747085732, 513.1152410691691, 1325.9772525043256, 575.1509874061348]
bus [296.47889473701315, 520.7890546145492, 372.36027011123076, 567.8509041323515]
car [831.410547187445, 535.4218147115823, 975.8884379109129, 583.6959242102514]
