car [566.9337343795777, 529.2386472791821, 596.6478736382813, 553.4107432683619]
car [361.4429226957051, 537.2944340696732, 454.3961318208329, 588.3241191104177]
car [669.3866264172469, 530.0739384998723, 709.4705853599734, 560.4467959370111]
car [680.5229688433272, 522.983481825318, 734.1891196085247, 568.3054391396065]
car [714.8315024290848, 528.0472130809873, 794.393671892381, 588.270588219234]
other_vehicle [654.8471525071593, 508.71406133293414, 704.1174842460395, 554.9282666200819]
car [500.7593466659393, 524.4793851312259, 533.019370881643, 548.9200268807172]
car [517.8450375440514, 526.1759944523753, 542.055375273705, 547.1951502566294]
car [581.0914386305458, 526.1888396483444, 601.9722644553021, 543.8931942034117]
car [914.974195506122, 393.0084117613871, 1198.1061992428563, 714.9581719602871]
car [774.4141157150963, 533.7451279349365, 1010.1177846394133, 671.4311308270943]
car [729.2427912632375, 516.9601943832222, 848.4274482200892, 612.6360608887668]
bicycle [132.02624505924007, 553.8330248138379, 143.33444881779212, 568.6246804468994]
car [538.032215048603, 527.4356983614553, 583.5669663095849, 563.1379862045009]
car [692.2286168869143, 514.0005887576109, 762.9277073679693, 574.0050397428008]
