car [711.890921751632, 497.94495818775175, 820.4862043648895, 573.5499592133394]
car [649.5356998009069, 496.8467996945084, 684.8470765006011, 524.1947254393349]
car [697.7041770077594, 497.3298927507578, 732.7512929877238, 521.2329592202029]
car [1036.0107278456117, 508.28813913412387, 1119.5633244598068, 544.5180620963907]
car [745.8495328489221, 499.1942132922662, 772.3676715895785, 518.2910916176785]
car [253.4088438902866, 485.4542509711658, 455.1771471268602, 634.7801244764227]
car [935.7471578612772, 498.9356461683349, 1018.4580638551611, 543.3305138773712]
car [566.174509018173, 496.24369043129616, 656.3374940451706, 576.4760898645925]
car [1332.1422228466183, 520.7100916770768, 1530.5251280710584, 580.9129610898067]
car [995.9849343336323, 509.0233473794563, 1075.2430172405611, 543.5492079641654]
car [822.807657142794, 503.2639558870293, 861.8070135130979, 525.6532427180844]
car [778.8777975383583, 500.8819624386823, 811.2838780595367, 518.703662862085]
car [856.9295885121219, 497.3536796876296, 896.6544668955753, 525.2333750409002]
car [1080.6181560319997, 509.4743097525109, 1178.9234160203023, 547.7903405716288]
car [640.0933098003054, 495.3832781304054, 664.5908164030627, 517.4970951941704]
car [519.4057359722668, 482.84501276869537, 574.9966871327413, 531.7530233499601]
other_vehicle [532.3771249127268, 466.18833386459795, 592.7711294070839, 525.4899401801044]
bus [561.8389436201994, 477.72000435171435, 618.7236943335412, 516.1453971783957]
other_vehicle [352.86583311328076, 409.49487840597544, 540.2117340372337, 582.7895116876591]
other_vehicle [0.0, 22.184114558371732, 414.82145049348486, 900.0]
car [1213.203654167816, 509.7472737676734, 1346.7062580616205, 562.0205241509884]
car [474.8793975007954, 492.44849548353807, 548.3764436160599, 547.8627311889068]
car [864.5090492655906, 502.20068468829476, 909.3548353357993, 528.0035223539383]
car [1277.2873167758466, 515.7344386316299, 1492.701250876073, 579.4111864698225]
car [1138.0999493222716, 511.96079941001955, 1259.0039906847983, 556.2502231232601]
