truck [0.0, 459.36336434802723, 267.4162979792064, 618.1106165671238]
car [0.0, 533.0606349205984, 209.76842066587028, 690.6678544099449]
car [501.95393878689276, 528.69125943938, 542.3330530204731, 555.8657330504778]
car [622.1783213265549, 527.6320991205497, 675.5926041725465, 571.6748699458108]
car [679.6596865165571, 524.4028593481943, 706.3198214951317, 550.789418918605]
car [152.68547645934225, 490.07190636308724, 467.3496802572827, 708.3782763065075]
car [579.2365118115242, 524.6018821341686, 608.8534024319013, 550.1594675539166]
car [601.0239063704254, 528.1951819574873, 623.7345200900721, 544.5241124957207]
car [517.8744726402339, 525.0889527744646, 583.9045982833629, 575.3235456674281]
car [435.20144633340016, 529.9221469528061, 506.8973289136843, 568.8914816777193]
