car [0.0, 566.9468801786683, 84.13974164027027, 608.5166962856749]
car [785.8148095894818, 437.92377144367435, 1145.6845384455248, 836.3739952953256]
car [521.1887754186866, 540.3904555928052, 645.4528666090235, 607.9113492143274]
car [689.6895866498589, 552.8498858953972, 760.9047874603257, 604.2346140512591]
car [82.05934958677976, 566.2120158904871, 215.76855481712062, 605.0273892274358]
car [380.45408982251695, 561.6398288215196, 599.8683846910307, 671.2326801173182]
car [0.0, 517.4212040854057, 641.3101488710324, 900.0]
car [686.362209539318, 557.2406703204708, 819.5130708051181, 650.7484371765895]
car [785.0893016806087, 553.1876105275057, 868.9354205560512, 621.431751213814]
car [1090.4605502636769, 541.9285882352787, 1248.0527335646132, 651.5382192440647]
car [1118.1728342381878, 509.53710000550296, 1408.9880893029983, 713.7595626802627]
car [944.8390823554367, 536.8594793098297, 1079.3135038557425, 670.3851836210044]
car [546.386409251434, 531.5108043027125, 676.0687182236068, 622.3154216942478]
car [543.619069882009, 557.6280669302691, 771.7501815970397, 696.7689492131341]
car [50.78634196161401, 568.1865977327101, 170.67755646739704, 615.5940982082941]
truck [492.91294819076734, 511.7266065399504, 616.0954257023117, 590.8280956283122]
