car [0.0, 534.0088172119066, 111.85584014412629, 590.7602783173313]
car [911.5494505743353, 505.0254409902122, 946.3383589783293, 524.4705484522827]
car [614.7038382934866, 515.7331588971097, 674.8621597837881, 544.4132477319665]
car [510.6706873203258, 519.1362679249415, 589.8447700850749, 553.8403591057553]
car [0.0, 532.6011602467206, 148.26753478824614, 593.8820209087278]
car [163.19959611839482, 528.9924001675721, 307.21020993189416, 576.3902494836486]
car [359.8512834413391, 519.6980573152813, 464.7700170190387, 563.0678789634921]
car [450.51436778046275, 522.4059394863621, 531.1522567289325, 556.4006310995721]
car [523.0138394022107, 517.8388052184924, 632.2390854060941, 578.0983242678273]
car [495.09974065995783, 520.242849506801, 584.823192432479, 554.9393902149453]
car [342.0917296365524, 523.984433205009, 438.115476098302, 562.6754176760596]
