car [0.0, 479.3926291294186, 101.60722017414018, 616.6923915595183]
car [1028.1189961023563, 510.88431550243877, 1149.96381342985, 563.6368405813733]
car [817.7129006430806, 502.0105537226977, 897.1539839083143, 541.4992336057569]
car [634.5599112248987, 497.0020617681567, 657.2180701650996, 515.6278497005901]
car [748.245933410193, 500.8494056384249, 790.1464613707161, 526.3782217632959]
car [867.0039745884668, 498.0603521714219, 967.8793646304774, 553.9497088231263]
car [543.425081116223, 484.96506780327775, 640.8693388602857, 574.923662274333]
car [648.1798699535065, 497.48975889438515, 680.0434852395308, 522.8493584496715]
car [786.6601097666437, 501.2794042989343, 846.3898348108492, 535.2459577856706]
car [0.0, 480.3014471397507, 162.79174317836495, 549.8662315439997]
car [711.3048653100429, 498.1633084268368, 841.3323953911265, 597.9338660410415]
car [0.0, 486.1731300423317, 104.64191513512725, 570.7153400198936]
car [1315.290415889787, 526.5140082881796, 1516.2292813017511, 589.5534988255662]
bus [917.9501580429061, 479.73928163038784, 1131.3607992659743, 555.0701587562822]
car [900.2627523886664, 500.97728129984773, 988.2212082530214, 548.9586120205398]
