car [338.8134535300301, 554.4821806052287, 536.1114111512477, 632.7250914997502]
car [770.1943804830373, 542.1150503508163, 1461.0954438223175, 900.0]
car [1415.5841711072935, 564.5913647948588, 1600.0, 649.4264950286263]
car [857.9623266246388, 568.6543563215614, 927.0354749168137, 602.1795176664589]
car [0.0, 504.55179936884906, 357.4913615468448, 713.8077163418232]
car [1233.191607392322, 567.3817803717409, 1346.1572313935496, 613.162282922844]
car [564.6309399527045, 551.535120605875, 916.6909698727723, 683.1811006994733]
truck [725.2279683877077, 541.4754454162971, 801.8301080555106, 600.885034256041]
car [762.2671637156708, 558.5289725479427, 904.663923034764, 615.0232891157697]
car [643.6984985307785, 567.530185848858, 839.8791931485322, 634.9641632089975]
