pedestrian [190.6028154056677, 534.8273123847716, 235.74500232338852, 607.1264588848966]
car [517.5524939602135, 512.6892330219097, 677.5968683913964, 580.7401832991425]
car [884.462771972983, 502.33918762541515, 989.3263418114822, 559.983864807114]
car [988.3851873462394, 501.60143963207787, 1023.153410211943, 527.5584328475524]
truck [706.6578758957494, 422.7239247644942, 956.2527959896704, 592.056570382929]
car [1148.284300715431, 499.5099579625374, 1192.1782298932083, 533.9762945128656]
car [665.1797739681873, 511.1857437689475, 806.8214962033593, 580.3666195455877]
car [1058.8219594579687, 506.6881363362456, 1087.2430574478092, 522.6828715289273]
car [983.6375161564765, 505.747339478109, 1052.1330176985653, 549.6729244139881]
car [1007.0162970624616, 503.8359297696562, 1072.8777675976896, 541.18842739548]
car [655.9379756431364, 511.3283735834322, 772.0829506389855, 563.4503430738777]
car [1086.3738747731995, 505.2258438324167, 1116.9839257601275, 525.2816263461513]
