car [1164.8613254566899, 475.6223700815134, 1210.2051548170473, 500.342276068902]
pedestrian [386.3689598383826, 475.00982888597736, 506.4550310683242, 677.2685035217645]
pedestrian [498.98578087410027, 494.0185362654622, 599.1688655381456, 657.6797438832658]
car [905.1939969694018, 489.17191257781667, 961.4195439688455, 514.5268351474566]
car [698.2479371536436, 488.99812137617425, 870.5799581548388, 570.8470521931224]
car [398.10969983660135, 499.34044771896055, 563.8040837481083, 562.1690957811713]
car [1010.1019850619982, 486.15670973811797, 1075.2769835578729, 514.9824640981599]
car [0.0, 525.696873190736, 106.1038605504508, 594.6303935884001]
pedestrian [1372.9656550046234, 465.17702472050274, 1407.0436577968696, 520.522316542608]
truck [736.9461719614111, 463.1767274657102, 857.3784231880625, 531.4942359355823]
car [945.8316486426877, 484.0870908216405, 1001.0118344524337, 513.0395147763744]
car [509.21708606403337, 502.38390883250094, 654.9751996086866, 559.8272166541317]
car [777.6853049665226, 491.57304230987324, 855.4644914056088, 527.1018621736044]
car [217.6342964411982, 508.85730657392537, 422.1175360349085, 592.1960468486456]
car [996.9533631696631, 486.5744394060696, 1041.9286404073875, 508.6635531985005]
car [0.0, 515.2783384087317, 218.92688238082647, 603.4732871308335]
car [855.6659506638696, 489.2210310848727, 921.4065014795115, 520.5458496058587]
car [660.0144588388725, 484.5725705966647, 800.5286146673507, 542.3625074895218]
car [553.1321784741629, 498.29928685694927, 687.1302143991663, 548.4628427571955]
car [199.95809268371286, 513.4918451902191, 383.24666717483626, 574.0818751412521]
