car [496.51016547930504, 538.9331988391684, 573.5289319339832, 598.1657620285365]
car [561.9214871230381, 536.8145490618649, 601.1620294141329, 570.2311914039498]
car [380.3035814130337, 538.7550665987101, 443.08366387393966, 577.6385810466749]
car [331.39504887998817, 545.9272345747391, 404.5807296833491, 585.6564930945626]
car [0.0, 566.5404143917334, 82.82881239178441, 609.7563502774797]
car [449.2098822244, 541.6648939628525, 509.2251730599888, 579.2130971345649]
car [429.09963724235973, 538.0065531161729, 477.68080103423887, 570.3301724526713]
car [81.93621478028751, 558.7167098021641, 172.51829385195504, 598.084350519567]
other_vehicle [330.8415473152228, 535.6886024937256, 388.38832659804484, 574.4946516222686]
other_vehicle [170.24861542688225, 515.1861895770277, 327.7400344906764, 606.6741479901186]
car [667.8969611880083, 535.2783314580431, 692.3560788845114, 557.9515163529907]
car [632.6596474601726, 538.2212983282622, 662.2151938459933, 563.5958610751699]
car [1164.3805857438444, 534.265851466568, 1481.9412589873439, 638.5472495551553]
car [1486.1229324306187, 535.4396580596735, 1600.0, 621.0565739204839]
car [298.64898714601657, 550.8797481685071, 359.7196584199354, 582.4046089931974]
car [146.49751699380298, 552.5457346206157, 232.42933770958675, 594.2987720721555]
