pedestrian [1130.2172057411362, 539.2546012654892, 1152.168521441717, 570.8674922508054]
car [160.41010029566598, 525.4220985629852, 367.5013449183716, 608.9530823617856]
pedestrian [1117.4724798689658, 539.9190935872624, 1139.2782749756902, 571.1530657648182]
car [1504.8527614757918, 543.1321785909279, 1577.9040240825097, 568.8936612926095]
car [795.4143564037089, 518.8325316581579, 992.0660104111059, 599.4147525603971]
car [1054.2497970541506, 546.093511911882, 1122.3637857271206, 568.8317172071969]
car [893.1928681872994, 524.096866014902, 1020.3733784492523, 581.9915721201211]
car [1301.1011658683583, 541.085631245552, 1397.8330536516153, 574.3603511100423]
car [389.78744392491126, 541.8763394677472, 568.5802940274224, 596.2999182681665]
car [1396.3785291715283, 545.2088088368234, 1460.5803305814243, 568.45075419594]
