other_vehicle [1243.7723629857603, 503.2958930543036, 1307.0568352060898, 547.7281354882373]
car [679.2492542854991, 505.3276204852929, 1118.6809722605624, 879.2284954182585]
car [906.7594217301186, 505.7331354924428, 935.7127546964166, 530.6918689388177]
car [1064.2515192190824, 505.32788572607694, 1111.2320836932001, 543.3557851596294]
car [1038.2846121406233, 514.3607644489585, 1066.972443318523, 536.9682550997911]
other_vehicle [1456.0786086050966, 480.7439557166354, 1600.0, 584.7096868044993]
car [777.5588132070216, 505.91295116577857, 872.6232953071677, 579.2870019723072]
car [1361.4457925510696, 517.6318984030511, 1429.6121918010451, 560.7258264448889]
car [320.5324679538259, 515.5648276084843, 717.7793936651434, 749.8933544561968]
car [1394.281936353827, 527.5097911017767, 1465.9643400444704, 565.0381221176428]
car [886.6641205831091, 515.663626155235, 925.1333710333807, 540.7403289440085]
pedestrian [862.9357004905559, 506.7040833926043, 875.7388029364641, 534.3388886871953]
car [979.5629999464719, 511.85690508888075, 1006.5292495035623, 535.8418129535636]
