car [482.43693608386286, 496.91613621526534, 618.6440878532294, 565.026737972026]
car [351.46847087370526, 502.0793165783461, 413.07240410587707, 538.8542696620957]
car [712.6561376595967, 478.01435165956065, 919.3315396637395, 578.6221432149289]
car [275.00038340126673, 498.97950527916447, 339.315333062532, 541.9403657898017]
car [583.5914848273502, 495.10478999312636, 809.656969672217, 591.1923563035937]
car [253.85118142747825, 509.13395306026473, 306.6285517229931, 538.992951882084]
car [283.3933071716475, 497.17224225355966, 364.1236731155059, 552.0554503713828]
car [225.00058945669946, 497.63347841448444, 270.8251131917528, 529.9484373371213]
car [587.7343991027948, 485.3683360629451, 732.4317788070091, 561.386060911731]
car [383.5231250432837, 475.7227619871228, 568.1653744958394, 590.4961697781569]
car [339.22878524126907, 501.27485169981696, 454.97550831049847, 565.923950617294]
