car [571.0631597660522, 499.6235873970585, 653.3025030587969, 574.246545475805]
other_vehicle [522.7735082231759, 482.42181842627986, 578.307236717886, 533.3590495582577]
car [1239.127552335027, 500.6865175186936, 1425.4904136974092, 564.913599710257]
car [771.1302070769315, 501.9783219802886, 853.2910595583982, 550.4240285743028]
car [1109.2004695758606, 505.95162767855794, 1221.2060951305389, 549.0434894307095]
animal [0.0, 561.1716590137188, 73.77210356266046, 627.4211188177478]
car [667.9868777637804, 499.8076178159668, 736.8118319810138, 550.1962488923118]
other_vehicle [552.9720578238383, 483.59721819959196, 595.718555708916, 524.2862816506722]
car [907.5729007785123, 506.6272759309478, 948.3900313908744, 528.4706075947335]
car [1183.5005881025102, 508.56650975681185, 1600.0, 869.6647643092456]
car [1220.0289465569324, 504.90807567737767, 1600.0, 735.4963029320617]
car [1038.079469764867, 510.24024360959953, 1118.4166040590317, 541.6060004219464]
car [878.0692181606651, 507.51610203548034, 915.0759776040609, 525.8377639710194]
car [996.764839091523, 509.696775694504, 1063.5146115542677, 539.2391579933321]
car [715.4617850927852, 502.19539046173657, 765.8688619407488, 533.943391839996]
car [556.9786340465247, 498.21876395711877, 587.581832660101, 525.7023172627055]
