other_vehicle [653.2075104133104, 506.34086009617255, 687.838116854926, 544.0206489873742]
car [672.2840412104056, 516.7094278382576, 711.1123163329487, 553.6066867751946]
car [678.4929350523054, 512.0295492086493, 722.1410928508543, 556.8605425440118]
car [373.6159365051215, 522.1696700744606, 459.4783644198127, 577.8986680000636]
car [875.6647784833795, 462.3395163678977, 1600.0, 900.0]
car [731.6384578556374, 513.6096207876902, 870.5076639688793, 616.4918863932113]
other_vehicle [1235.0604409912778, 0.0, 1600.0, 900.0]
car [489.7766422136909, 520.9225991061447, 533.8321511263575, 556.674791311614]
car [690.5383654770653, 515.0900313435963, 752.2926421425534, 570.3986340640961]
car [579.2020335805099, 524.2610625907557, 607.8635909387914, 549.4279523920483]
car [700.6119046595899, 477.12889391203817, 809.8354398599072, 587.5317409455793]
car [781.7841566052333, 505.83256093311036, 969.2449198069638, 647.3628352942508]
