car [729.4960047161278, 544.2791318452616, 831.5971695869962, 577.6242370738452]
bicycle [257.40804267480354, 548.5580240372561, 321.3178034099041, 588.9467981441801]
bicycle [643.3516210197802, 552.0362012820323, 681.5604517793633, 584.0765717493442]
car [969.5828278190696, 546.9503876185038, 1055.6378178844482, 575.9098577189618]
bicycle [612.3975059809994, 552.6416500041066, 650.9247924078992, 585.8524981563415]
bicycle [297.58278954057414, 547.217762435424, 348.79743796265376, 580.0661084302648]
bicycle [263.2595873719351, 548.5939140411776, 327.6669410453866, 589.4719877409185]
bicycle [619.4558739983057, 552.4964020343231, 657.8933273758798, 585.4195968538888]
truck [332.76580698122586, 504.5366032335794, 536.3867283442888, 599.6678425207922]
car [1557.6451646815347, 550.0269354985087, 1600.0, 582.5996424043589]
bicycle [302.36382282062004, 547.2284295937897, 353.81714337260235, 580.3422589390656]
bicycle [222.38202684716876, 545.8575648416391, 291.108525450642, 588.3070544666472]
bicycle [626.3759288215045, 552.3535904770539, 664.7203419450873, 584.9939377997886]
car [1098.160176971497, 545.9082266948184, 1195.1040924861004, 578.8633685416388]
car [1487.4173347372403, 556.147938906406, 1553.0627960147413, 580.6984985894915]
bicycle [314.15309405707507, 547.2363948098066, 366.0014217502238, 580.8809869731938]
bicycle [669.3266756463869, 552.7962139214698, 709.8012367468958, 586.0487452181662]
bicycle [635.478299060056, 552.2059333777514, 673.825763786961, 584.5877380102031]
car [587.4968731478899, 538.8690820415408, 1075.6713649154342, 735.8558881287311]
bicycle [308.03512765484237, 547.2339359542647, 359.69679522517106, 580.6144045367506]
