car [313.93139641014886, 520.4168985960588, 435.7944359632316, 566.0200329783078]
car [0.0, 507.9883743286007, 57.36954739004679, 540.5237260311012]
car [363.1538370584488, 360.0613789498552, 1600.0, 900.0]
car [207.01800923416974, 517.1997436093754, 315.8321321489886, 558.2504486927314]
car [121.62601537119839, 514.2244324239574, 213.37752306710124, 550.8708094408114]
car [43.53866358038891, 508.17628057973496, 125.9846077952383, 543.8635687844459]
car [375.20524160156657, 505.4537838977258, 570.674926592213, 575.6729172061882]
car [588.5747562239121, 529.249264277319, 746.6297949949054, 585.4739546862053]
car [448.6765903791986, 515.9662760180108, 593.6710677578803, 577.0644325742494]
car [769.1635871071826, 534.1156636128862, 962.8260518709876, 599.3608961710809]
