truck [630.85562552425, 474.4811014768456, 675.3103993815126, 522.6980474207159]
car [119.52295835501515, 494.6921451960847, 244.772083561935, 533.5101758044788]
car [714.1507667345263, 477.26878296817785, 773.0890688540873, 534.3341257454375]
car [678.7104581483071, 491.47484797348693, 705.3679340773465, 520.770790481995]
car [557.6816312288514, 496.38414447724017, 657.0436757978334, 581.6835335528912]
bicycle [244.07445133149477, 486.1111643284434, 345.65660105663574, 590.4364825064305]
car [0.0, 495.99880732350687, 6.415944792562296, 525.6159963979859]
car [259.6451596062325, 497.55632663994146, 373.95993642026633, 538.3290225281409]
car [1390.1366969360806, 506.2940234804614, 1600.0, 642.8962039203084]
car [208.95666432767416, 498.2088366032464, 348.46617710710456, 544.6024472132983]
other_vehicle [25.726974779408728, 479.0044962729769, 133.26023510045215, 525.4241156787023]
bicycle [1273.992832090864, 515.0879505212049, 1321.6041278684158, 560.3866173119583]
car [903.0316524966726, 501.3704071209619, 1105.7070804609102, 597.4656827200428]
car [772.103145296317, 446.4721543592137, 1074.5885316170165, 659.3892429917337]
