car [177.1361154356877, 490.4212564134775, 241.17865403142366, 521.7509706899473]
car [340.88852310418036, 499.5310562715853, 423.8199979856081, 536.9614482664924]
car [1333.1557937605216, 489.9671992574856, 1489.3733828167362, 568.9888444480712]
car [489.082424907145, 505.2085533455723, 616.1058125454771, 555.5362141946401]
car [397.12641983935407, 496.14544154525623, 510.5154169733172, 546.0800688264545]
car [1390.0370746733406, 491.2326128895024, 1485.1768731310435, 521.834952490097]
car [1425.9371899160558, 505.95888829395966, 1553.1875179839012, 554.2737974817055]
car [650.4389078075473, 500.5035353048665, 1018.0745509493498, 644.2464600891733]
car [410.59677846917145, 503.4260781106603, 590.3075618432961, 590.5921152556601]
car [1333.3576389140223, 504.7417488640092, 1553.024553662987, 581.3451199160812]
car [1487.12486380385, 500.1849537530985, 1598.3082355798413, 550.7677411277017]
car [1505.5184002940055, 488.1578964453524, 1600.0, 511.65107236694644]
car [135.00498854459286, 493.97939988106174, 174.10184570786234, 515.185390180066]
car [373.4015471916482, 493.52275729284446, 431.0754908189656, 520.5797996741161]
car [238.1311584796842, 501.52303243941446, 297.2800986345328, 527.7299950247514]
car [1529.6707790022297, 495.3829462951981, 1600.0, 541.8209294774872]
