pedestrian [316.47615017075117, 488.949551984435, 368.5374471704652, 570.666389445148]
car [461.4795451526232, 478.53997517949716, 554.0723764012874, 557.4038750584633]
car [1061.8486502241153, 502.1084844182302, 1144.449905651909, 539.0372982298787]
car [545.1467013174812, 492.2131283018247, 818.0801379628762, 702.1922276211064]
car [602.1069744678912, 495.60435567869695, 668.2043930555582, 548.1478071213584]
car [1050.8154558474864, 502.1543769057471, 1306.7001290951894, 597.9184392843978]
car [527.3442227450498, 496.17052762597365, 576.5585950712072, 532.3469433494587]
car [563.2909926518364, 495.11141550638155, 594.9961163074853, 518.3899916570986]
car [999.7285392545879, 501.62711287932603, 1071.649329662031, 535.8044057120065]
car [1119.15484168738, 502.8280575178669, 1232.8618712011262, 551.1883009725441]
car [272.72673523300097, 493.99109177721084, 491.59117515154935, 633.6509497540038]
car [949.541284343339, 500.32883991671, 1002.2823247355575, 530.6669034114565]
car [1411.1135887935952, 487.38803987885007, 1600.0, 678.3593845789551]
car [596.7696617392974, 493.2069235811576, 705.2553103336073, 578.7015059744597]
truck [589.5432636676277, 472.7367425939044, 662.1241625952605, 517.3991008203283]
car [413.8598063300833, 496.55574061438045, 522.5885209063908, 580.8264086001399]
car [514.3359439161633, 497.47027745073495, 572.5951151328171, 537.6795627198405]
car [0.0, 53.29314429603629, 437.61702359317115, 900.0]
