car [182.69868566502745, 522.3376445401099, 333.0069699537506, 566.4558927811077]
car [800.8864114504663, 499.2507673397629, 980.3279101763737, 565.6681104778324]
car [1269.8031899946905, 502.471180791616, 1567.1968296276364, 611.5096185527325]
pedestrian [90.97280766148343, 504.24801348013204, 133.76769670013775, 594.7937293497941]
car [1085.3244074265385, 506.990239410901, 1137.0332342773468, 531.8149356907861]
car [102.76035694590959, 521.9907681268407, 261.8196402576036, 577.2042143802458]
car [0.0, 531.0634150131788, 79.54622041493641, 588.5776838294183]
car [1526.8528157766482, 496.8266031813986, 1600.0, 557.2155180892521]
car [1383.3982362213505, 498.4014265999435, 1509.3199592896551, 538.0906392091105]
car [1180.4302853017487, 490.39833636653555, 1364.5246067966166, 583.326046546132]
car [0.0, 519.7095687528933, 6.689593374001468, 572.9083679968629]
car [783.7753683148436, 509.11469204630424, 978.5954012591313, 570.0798536548521]
car [338.53918984346126, 488.7274840204988, 437.4629131012533, 524.6155470158515]
car [31.09666915131866, 507.92139108152094, 220.90497099048397, 594.3207084563301]
car [802.7179101535148, 502.99283892609105, 1029.1193252932408, 587.3979989959188]
