car [177.41624437946388, 542.6021895267114, 292.6487259856116, 589.238832074418]
other_vehicle [334.6778625504317, 526.6856188353331, 390.9983249904485, 561.7866312705706]
car [437.3959553240405, 537.1676970620215, 500.383870123685, 580.7546447316963]
car [586.5914794171871, 534.0101481107008, 610.20242623699, 553.7310591993822]
car [234.99665580266296, 515.9686684620979, 357.10082806389346, 600.2604918400694]
car [505.137146040664, 545.4932924371483, 566.5047900905693, 587.0230251382378]
car [402.476581889225, 541.6148887781868, 443.8514798393151, 562.4439571874906]
car [577.2867654507164, 538.3868545330411, 603.6193300276515, 557.3656911428881]
car [847.477270995319, 402.50064071392063, 1600.0, 900.0]
car [306.84299733671037, 538.2064746026828, 366.3902436271975, 568.8469718196776]
car [0.0, 461.7430650706676, 287.6436591678867, 900.0]
pedestrian [841.6568521203898, 536.3148706388353, 877.8919019374443, 583.4296806432858]
car [359.8184686783217, 551.2308316140949, 512.2181353396385, 640.5501200411347]
car [362.5365827214021, 543.780125640674, 410.4951150126202, 568.2908092565206]
car [595.5402607754144, 541.6380776177249, 660.6847836470076, 597.8657918802058]
