other_vehicle [1001.5907651977652, 520.2348440585979, 1159.7815581721827, 595.5694187852363]
car [1121.9486088279727, 560.4040245141653, 1191.9989402476624, 592.559270265489]
car [1374.4799955573194, 559.9337304423959, 1438.7957043141905, 582.4331661176466]
car [942.3303033927333, 550.9140438300907, 1083.8478417079234, 606.9032778183165]
car [1166.8819663025452, 559.9307316842967, 1247.2600102844233, 590.4738914186759]
car [730.6445651547848, 509.2721823420689, 1144.9578504359906, 700.0331625859857]
car [0.0, 574.2316050049815, 120.34735400559477, 641.0099323978048]
other_vehicle [1254.8401068249566, 533.6310886079133, 1373.9493025944466, 587.472468042898]
car [1217.3161519488385, 552.154957690305, 1294.4023144097364, 588.0048850034271]
car [161.79209072656556, 570.867233100139, 361.4215649222344, 632.9952357761343]
other_vehicle [557.0013329189155, 526.3465082309472, 758.3916225671663, 615.9387246555607]
car [1334.4524367808065, 559.6161166792273, 1402.2920868695478, 583.3542596603859]
