other_vehicle [556.5967166655892, 477.11651057449546, 595.645272868689, 516.4262395253751]
car [645.5235829554762, 490.03085449915454, 674.4088620193824, 516.8564960861415]
car [575.6455360454875, 497.26661797044875, 659.056221972607, 560.0444979933526]
car [453.8208731778279, 485.0654953476723, 550.2146747618857, 558.644222789996]
car [1019.7601332793831, 487.8515670959402, 1407.8149421919175, 638.1911522945221]
car [684.1670301745257, 490.58398685858134, 758.6615646805355, 539.0592306177596]
car [1091.823845541115, 490.1615617516637, 1188.0517864369922, 533.9214552944353]
car [735.966785157001, 500.1640264765016, 783.7614058011275, 529.200729367223]
car [0.0, 514.5923137101387, 365.58111938574854, 874.136850807166]
other_vehicle [522.9156762881485, 457.9673305079349, 588.4822854206172, 528.2667003049926]
truck [821.4572212575833, 476.3026751940646, 921.5491275935976, 518.2809592397924]
car [399.8698626786503, 500.68139613618894, 518.531626281631, 580.9239393036491]
car [1230.4906000512467, 492.265865500552, 1388.2561929135109, 550.1776197629791]
car [235.45329936215677, 506.1870035023589, 471.63677916527087, 639.6436193374632]
other_vehicle [566.7911881578394, 480.7253368883581, 600.1292220852017, 512.5132927077852]
car [911.3270034764831, 492.06522212498965, 969.5125033620661, 520.069512935204]
car [952.9797857419163, 497.631654875273, 1600.0, 900.0]
