car [514.7929261242556, 526.706604544935, 554.8406879335778, 553.2657354508198]
other_vehicle [281.4953721947754, 522.2630403293518, 349.40512048045287, 564.5360750578883]
car [687.9065216640099, 520.583856813097, 750.6908927016212, 570.0411546427304]
car [402.2297616360193, 529.8293345851415, 475.2077481828549, 576.1145567962346]
car [781.9163287605936, 484.9719152339546, 1108.4487049472234, 717.9021731766162]
car [743.0058530994264, 532.3273845163693, 905.4998234356542, 632.2180326504329]
car [676.0770363155756, 521.7584370250195, 728.8556431116461, 562.7521869025768]
car [713.9913511903721, 516.8541605094449, 822.1276927081607, 598.9430043327083]
car [933.2569895620043, 401.93378589220765, 1600.0, 900.0]
car [620.3380486916383, 522.2337883370451, 648.3491207451189, 547.5834082266061]
car [0.0, 530.4588450621666, 415.49029263259723, 772.309518308944]
other_vehicle [238.0510261494344, 521.8373331155339, 310.3630607148588, 569.3739629595259]
car [550.8806134650195, 528.4680376405006, 588.8040822244412, 558.1821736360394]
other_vehicle [330.5410840010997, 520.5623594905862, 390.42412188513634, 560.8926342784729]
