car [448.41141689236895, 534.4539777374192, 626.8239789450529, 593.4867514591901]
car [602.3086259631295, 543.8643794700313, 748.2989260755919, 588.2679745950952]
car [0.0, 522.5901153368442, 195.94870494890387, 611.4309202009449]
car [850.431771038364, 543.1809009574463, 955.6882974727322, 578.5985811630413]
car [260.4036191373532, 521.9388531128, 444.0763659754596, 600.8465439971291]
car [844.0930489141981, 538.0055222684157, 1443.6491777792648, 849.4969858840304]
truck [0.0, 410.9560007176579, 484.4642210783618, 635.8602339546156]
car [924.2525362667103, 533.4121206911158, 1032.9226414848424, 576.5517208354698]
car [1310.1128051338333, 532.8631426143903, 1389.6178450585392, 563.9796154621597]
car [1172.917886908507, 533.4492171833714, 1262.0335031534767, 568.2767401888926]
car [1062.2189807730729, 541.5223360420343, 1148.6933624076125, 572.7101307420133]
