car [279.9400906514003, 508.50746352299564, 415.3045889859076, 559.9845561680819]
car [0.0, 494.4028973034442, 39.3565078516399, 551.4977386907093]
other_vehicle [0.0, 472.6090229417804, 105.92455026664834, 535.3674844663882]
car [391.45909872797967, 520.0232637122772, 533.8226324743779, 568.9952032644283]
car [69.34346483623689, 500.1612809718893, 178.51990766231947, 543.8820155656656]
car [160.66383677576346, 503.1512037832039, 294.2344758552655, 550.2375009901793]
bus [0.0, 473.96670568205985, 23.18127851006736, 534.0127769712764]
car [348.3884401179997, 423.2935441053495, 1115.0295966569277, 790.020158910971]
car [1268.4928625196007, 513.6663904868531, 1600.0, 641.8459171699432]
car [941.9299188589604, 535.7664621401182, 1163.3317904686633, 608.4884942430598]
truck [0.0, 465.83435534247, 7.21225654006542, 532.2872013942358]
