car [694.9021752169542, 527.8911594007483, 768.1152112166332, 577.8214230857551]
car [208.55259390871984, 537.6563697406393, 270.8178273009395, 563.2765406668964]
car [88.50876457916485, 542.550936442741, 176.99814507245446, 573.1187967846955]
other_vehicle [663.4300876802156, 505.7676573801678, 709.1259625251885, 552.1879616997495]
car [616.4769850175755, 508.4954481898369, 669.41095697489, 559.9287095132161]
car [542.8522585521016, 518.3623622797435, 585.9159543203795, 552.2402709405669]
car [260.67589138854163, 536.6681043784322, 309.92630656845887, 559.0898184531476]
car [0.0, 543.0036557942005, 102.85013175356376, 581.1879995173836]
car [157.93272188922407, 541.1287992572272, 229.49519284758836, 569.2885594174423]
car [775.5764240930077, 515.8848028357336, 967.8378238245882, 645.7033147097352]
other_vehicle [799.8545136342199, 0.0, 1600.0, 900.0]
other_vehicle [717.1492933328454, 446.08473132074687, 874.7332279368945, 602.7591385043083]
truck [611.3175630071437, 497.84219223570034, 645.1393753709759, 544.2185753325729]
car [680.3828611322801, 523.003610877645, 724.8992620506228, 560.1994283750386]
car [605.7941194470216, 518.6603511287095, 634.2373512553069, 547.2740985983261]
car [692.7141818989513, 529.8944645191889, 746.7411437700358, 567.8117798358367]
car [419.10723019935654, 525.4021503776136, 487.9912404136072, 569.8180396453478]
car [0.0, 507.4636563996974, 95.94126780373908, 696.9174969499412]
other_vehicle [660.0805502887088, 506.54957741521065, 697.9820341012045, 545.8434951493355]
