car [1246.3755020637143, 517.6614382509313, 1290.2881115625894, 544.1685608011323]
car [1359.6940241961158, 523.7587034994489, 1432.083588857021, 558.7506165470462]
car [561.6518696837398, 521.5293688304691, 739.1325962876433, 618.6862559110161]
car [1393.7365978145008, 523.9919155240553, 1487.1674582562312, 562.4062373967907]
car [708.6669844722671, 516.6547002442429, 789.6388927309357, 548.6780491595182]
car [1216.5831548866165, 517.4155438819075, 1255.7536103705488, 540.6005141958175]
car [1315.174442647434, 521.1780376937495, 1407.6653638759535, 565.7831450008305]
car [1263.2597184033764, 512.5521400248384, 1315.391847238483, 547.2005747185074]
pedestrian [0.0, 515.0514260267651, 7.52644180531083, 623.8627717167902]
car [953.5253289478934, 515.5406954281926, 1046.6854894352527, 602.0210671547813]
car [875.5682649887926, 512.9187255678585, 919.7068283355794, 547.9311935262045]
car [745.4855678189953, 517.9253646271357, 816.7941914353985, 545.5674643511727]
car [276.40084504561474, 531.2686724807859, 931.5076525791369, 749.0640824127148]
car [1287.662949617012, 523.316720635264, 1342.8873215228764, 548.3701376589934]
car [1150.323757705603, 513.301761313805, 1293.9195512696754, 610.2428193913046]
