car [673.7502916236085, 501.61781970669415, 732.3089826165518, 539.7189206759125]
car [911.9147638425169, 505.608226545293, 974.4960684261077, 538.4679853399809]
car [864.9770439374358, 498.7446163242328, 924.7782234265748, 531.4045890618877]
car [751.0527485753654, 496.73717859665976, 816.8431399077103, 541.9072841412739]
truck [972.3122447928166, 490.9336440501016, 1096.2184051343088, 534.0483712045182]
car [565.3905759757148, 498.5400923965842, 650.0195607931771, 568.7305266662721]
car [258.8241600689509, 494.2405018280958, 425.6289008749116, 578.2475161927224]
car [959.9098573315391, 506.8593703812478, 1008.26794341171, 533.4111438653459]
car [431.64581790455827, 487.0671782434204, 518.5318877254135, 544.1945044445908]
car [989.5945634366976, 509.29448108967176, 1053.9106603399448, 529.6527343662716]
car [636.9100378884124, 502.93801411636986, 656.80968610217, 518.6142792323409]
car [68.27282361842299, 509.05606360046175, 325.2186026870605, 618.8268069420498]
