car [500.90183874776216, 544.7671198801609, 562.3311593040507, 594.6787726518592]
car [230.28095946428047, 540.7808132281934, 465.3965852726689, 708.4022178619451]
car [604.302120325673, 539.7020067132797, 652.6552170429221, 585.809758642387]
car [179.07061917587293, 554.2952421620431, 277.0763008958711, 599.023876538204]
car [176.26633373363865, 558.8194324248859, 250.56652851890698, 594.5515114992728]
car [0.0, 556.8138458655167, 58.21426872784396, 614.7180361720232]
car [623.3177474162776, 532.6656944845384, 649.5173469609272, 559.2576037233429]
car [581.6146136324286, 545.6539836020329, 600.9007641210219, 561.4303528110139]
car [179.53293609304154, 543.7564351931599, 360.95265363815685, 644.4261397019355]
car [414.24620189396734, 547.9452145750898, 488.54873000278917, 594.1855603440712]
car [74.04396718934258, 558.0342872846948, 181.36837069690367, 601.6784012110243]
car [491.3811150111356, 545.6467094127304, 534.0909223004946, 575.7470044657531]
car [51.46383998950373, 562.5957295419524, 169.5528331023959, 605.9737509663926]
car [657.2503916376133, 544.9967100187715, 695.1556863378825, 572.603989645846]
