other_vehicle [425.7312575731405, 537.9282795013312, 530.5967602304916, 596.1835860941455]
car [108.8640721795729, 506.5777111007454, 261.60644470791266, 579.7294661486806]
other_vehicle [508.1123520927785, 490.7701591349271, 834.4870497172752, 613.4722639709031]
other_vehicle [246.06151512228632, 491.2717499381065, 494.32433576256176, 593.632594204122]
other_vehicle [30.41985407333397, 503.0861654301686, 165.83583987681521, 572.4978258356575]
car [1171.989878313937, 536.8665923223056, 1460.2238445440807, 655.3622937801346]
car [1564.7595757494707, 583.811335638635, 1600.0, 664.1336871354619]
car [875.9391680316312, 556.2100056488299, 1082.5776820749977, 634.964150160414]
car [0.0, 490.6364771526589, 368.62086279997646, 828.2582466720214]
car [27.017744364032968, 487.89378800302586, 443.24850590985665, 688.6743890196504]
