car [717.2438784324239, 509.0618462903677, 780.6925984808828, 545.963492675762]
car [582.4753732283579, 504.2655028395694, 664.3031778438129, 572.926838465269]
car [1409.2682654297282, 522.5792991534134, 1551.5253956319302, 567.981003048486]
pedestrian [83.75090956752699, 489.77505134172566, 147.52125724456013, 623.8549614307019]
car [678.7201846305387, 505.58040178305583, 713.1027325336863, 532.2351603510795]
car [1518.008002772127, 508.6119730404814, 1600.0, 645.991069520642]
car [539.5061765067101, 505.56476871230876, 572.3228863294113, 532.7423238398792]
car [0.0, 495.04654251837064, 193.15277411563096, 581.5996061173017]
bicycle [0.0, 485.32020886214696, 47.742039568479306, 621.9374482652303]
car [737.369586931128, 516.0768824882094, 953.0448272066997, 646.5686078403124]
car [1264.5664651376899, 511.3302100616224, 1389.4207071118587, 553.9873096213705]
car [1171.7965195588076, 503.8233455148267, 1472.1687648999723, 606.7070735140901]
bicycle [0.0, 457.75202997141747, 114.57781464050412, 645.986926123728]
car [37.972491862616316, 503.9240522821864, 251.9061164019174, 566.2053546257911]
other_vehicle [548.5124042033242, 490.8920223381018, 585.0558848585049, 528.1854665758597]
truck [536.9276992553204, 477.4376419913493, 580.2293384810333, 530.702467553171]
car [655.2879373917629, 505.71179439817286, 702.8036557849426, 543.2603306941319]
car [869.5948397079803, 491.9972596425109, 1056.0609812814484, 600.6300364753558]
