other_vehicle [654.836378886367, 509.98849421541155, 692.1239291198134, 544.9642459459924]
car [489.0784839351852, 523.7437357216933, 561.8047327647812, 580.5158532043382]
car [0.0, 539.9244112631022, 60.1368779232208, 585.9137444905004]
car [228.20760543955598, 540.619169503428, 284.39479663299215, 565.8757627282986]
other_vehicle [670.4517181891702, 467.3099917714248, 780.5912065050709, 576.3064005035583]
car [430.21539110017585, 526.394479045867, 496.8240106135126, 568.9561556590575]
car [589.8974136549175, 523.4259898691935, 614.1038806117177, 545.0411474671598]
car [704.3933876674258, 528.085818059856, 791.0039820268232, 588.2193638511882]
car [599.57440022898, 509.11849595631423, 650.0905899669465, 559.5193604916286]
car [0.0, 522.9830572935957, 279.8020817943249, 876.2239615587736]
other_vehicle [710.0265678292608, 414.01663496898163, 950.610104831279, 631.2255247211021]
car [0.0, 498.87333912325266, 279.97420601749633, 657.76686918033]
other_vehicle [1499.7605259425986, 466.16741448188435, 1600.0, 575.9603015107589]
