car [1276.841004390414, 756.8909401947118, 1506.3677322083806, 900.0]
truck [0.0, 669.9068586087118, 232.11856999837852, 839.8431765696889]
car [1233.1864071530408, 754.462079783138, 1430.4725070461102, 898.2153687523148]
car [1314.309032821304, 756.9417931861344, 1600.0, 900.0]
car [283.7115289453348, 754.7561094940038, 517.9086493594775, 896.144891388101]
car [723.5103014296345, 735.1922525978122, 811.9427699769898, 803.743142719666]
car [1364.742177633117, 699.3161667016367, 1600.0, 900.0]
car [741.8824678680429, 751.5968457729866, 878.6295392511191, 857.2957281406856]
other_vehicle [1153.4589982721316, 616.2809034346737, 1406.5374261950467, 866.5808533677016]
bus [1094.918112559812, 661.519257115429, 1202.9738628516036, 792.6282370543224]
car [522.0558275141634, 752.6335987726095, 810.0696786282972, 900.0]
car [0.0, 709.307052138349, 231.01104816376804, 900.0]
other_vehicle [1123.4819073875005, 676.6105748543657, 1253.639339798953, 800.7640230870591]
