car [566.0139128418494, 535.6830450011975, 722.7452512025756, 592.3905270962798]
car [250.6726759324779, 519.9349351408639, 371.22050128455214, 565.0360839883473]
car [26.055935823160972, 505.26444302611674, 121.50413702732592, 542.7188704038176]
car [0.0, 469.1639156838658, 49.14762750107681, 593.3378697345297]
car [0.0, 472.466803973802, 507.78221779454145, 862.962679942209]
car [0.0, 498.0574284882873, 55.284568586390684, 541.2922815990883]
car [419.4383871445807, 528.1978574810395, 563.9480741642593, 579.655674462991]
other_vehicle [732.1918160782587, 479.6003336798086, 1117.0111821877751, 628.0064608257594]
car [87.77332681595239, 514.3480949831187, 188.99826644376083, 552.0614334051078]
car [180.43596181488718, 518.4407552908701, 273.7757265524626, 557.0841961231216]
