car [683.770103143229, 542.4830282758214, 722.8055147161344, 571.1626654911835]
car [713.2075698088804, 522.3396650262633, 806.5291383613173, 596.4008487825633]
car [346.6667929997534, 548.661637205868, 384.5361726179759, 574.0797543677963]
car [701.6567328522978, 537.0509126975926, 758.618384850042, 582.8371030087675]
car [486.0643451573449, 539.586445976606, 534.6447154385988, 574.7770964945148]
car [678.272453366757, 538.9970080257187, 712.089670664578, 564.6349436910589]
car [563.6611243152773, 544.4496621875319, 585.5989732430454, 560.9189132189662]
car [279.3108613459016, 551.4698790565716, 330.1741131529355, 577.8759561696805]
other_vehicle [363.03059765730177, 539.8970208585928, 412.1773964389708, 571.1525733591864]
other_vehicle [167.2201637945915, 539.6825125360854, 267.98286111351035, 588.7399081287222]
