car [0.0, 564.2225284153133, 26.182860364480838, 599.3949707410234]
car [1016.1891856998789, 551.6627082153899, 1118.3053763951573, 596.2134909183568]
car [88.05960040174119, 569.1823029714708, 146.77141368039133, 606.9598782591764]
car [1239.7443855551555, 546.226827813698, 1342.6771282562902, 592.0498564204788]
car [3.9549730318076772, 565.2464633755234, 41.9636357957091, 590.2082093913207]
car [869.9741081291482, 551.9092322508113, 1009.0472830297604, 605.9284081782405]
car [913.165645461151, 549.7091878081909, 1037.4407328960206, 599.0241440399482]
car [35.29795658638837, 565.8571846018643, 79.98392010922176, 594.5255972949543]
car [0.0, 125.52018367261263, 1183.7722216679886, 900.0]
car [748.6028017116963, 550.193459701712, 883.2503779998295, 606.1000956705976]
car [1149.0816026672226, 557.8553589693357, 1240.1417381207557, 597.4546243500536]
car [176.70768117209045, 564.6228890650965, 219.09395377836614, 588.3929520351661]
car [651.2923424328039, 540.1039723883224, 841.5817698187556, 616.2137832947707]
car [1491.9682871959585, 542.0418791678405, 1600.0, 624.774347119596]
car [786.9410948276392, 543.2673832276381, 987.5085563260226, 618.5821223753945]
