car [640.6358601439351, 508.7748108260761, 685.7878850677986, 539.5879376299953]
car [1029.047437000494, 505.5426218359129, 1118.777277039971, 554.0228757114435]
car [1050.0287746207048, 509.6695602375765, 1104.6604481035067, 539.9369996298173]
car [1336.9625142822485, 526.3877175392411, 1518.8542643343524, 584.2046867694269]
car [1497.0546082634103, 513.612479198819, 1600.0, 561.9082705025527]
car [784.5717202590366, 512.4040577290746, 806.251151445137, 531.7798134367139]
car [701.3282217184793, 508.3740062217575, 728.2611285373812, 528.9546728042069]
car [679.8225134588212, 509.2741731356562, 707.3386246726059, 533.1282644375415]
pedestrian [1313.064204638971, 513.9311255279508, 1352.758882480756, 555.2871687656996]
car [724.0908777010538, 510.2603162065834, 751.9910122581966, 533.8153433655382]
car [310.13762963291197, 505.8615911856204, 462.49399964822663, 558.3101375530292]
car [908.4559482221068, 516.0847499318883, 936.4033547169067, 532.9728369034627]
car [746.5779611480303, 512.6672124891397, 798.9518879233775, 555.9744090550442]
car [949.7546915167364, 509.12750838136907, 997.2508978606445, 539.1500847287333]
car [931.3913297250393, 515.285517624325, 959.5953249824689, 534.5511255621553]
car [1355.2957510207293, 521.5100571122498, 1507.2560752692107, 565.9415231524471]
car [1084.1001907983652, 512.7684351045752, 1299.8490602388542, 585.7029172720357]
car [1010.5238815234918, 513.1654978977675, 1053.321222453353, 535.3500757550181]
car [868.6761172031672, 510.56437683070754, 915.9136140830178, 539.8475779594148]
car [1056.5316992130051, 509.54172332418767, 1133.8118398967224, 549.1381156707498]
car [371.7148044472632, 461.5298811456153, 714.6877357444827, 742.5462706081304]
