car [312.7452460334455, 732.9148327899325, 682.6811138684958, 900.0]
car [1063.3596942421912, 758.9424667069611, 1327.5549472245264, 840.9721127607711]
car [80.91447985543088, 759.3392158921215, 563.3341114570695, 900.0]
car [0.0, 783.0757510404378, 153.14664495968742, 900.0]
car [185.01126130401357, 737.8794814374822, 444.4192495409161, 900.0]
car [539.5132674350838, 756.0696202407186, 753.3890551150274, 900.0]
other_vehicle [0.0, 594.6155669722586, 317.9444511242075, 900.0]
car [680.8327497891678, 761.0406002681653, 840.3021722504628, 880.7501538382874]
car [727.2799744592124, 735.983122380637, 853.6472695549882, 860.260324961472]
car [941.5637476754758, 750.7287178179638, 1092.8149184716788, 876.3255849361723]
car [1455.20053964031, 721.9330456153872, 1600.0, 825.7079834641128]
