car [56.33270852201248, 528.0755291921141, 201.5007811146091, 580.8701856497942]
car [1201.4679740574975, 517.1705463435351, 1350.1858541873212, 562.7594189285472]
car [0.0, 538.7577129920878, 158.73090740487075, 584.780261004245]
car [1084.315457917719, 522.6913109529918, 1221.4066356525134, 562.1222128245554]
car [1595.531462770211, 479.3366049226004, 1600.0, 572.2368140336423]
car [882.6139255992437, 526.0434804717272, 996.077301550061, 565.3473866496009]
car [0.0, 531.9355317382724, 60.51644107039471, 594.0575915958076]
car [1296.1885927332194, 505.8348541858459, 1450.3414732735434, 556.4661968984265]
car [1143.0439351862713, 521.955080199913, 1261.9694110873788, 560.7164004080335]
car [1455.4452849266136, 480.39465725835214, 1600.0, 554.5893718873591]
car [967.0463770075445, 514.5159021365129, 1104.243134476844, 563.3928206198625]
