car [976.3239247028143, 503.13291503509197, 1031.4712534813493, 528.4943250716792]
car [556.6602797623681, 499.5654495325657, 585.0250442830115, 520.8550847878867]
car [521.5214964051067, 498.5934744602908, 572.5436587759366, 535.5084610290688]
car [1304.5894539702435, 499.6978121756653, 1441.2000154354316, 542.0361758517298]
car [579.9697597331024, 494.89139925220354, 654.4205685281742, 561.557278717119]
car [1597.1575796796835, 506.1508250096302, 1600.0, 547.3000777146457]
car [868.1368786191713, 499.48400863567963, 903.4251783672157, 519.1121667548734]
car [671.4197358372103, 496.46417586084965, 696.5954510325969, 513.5789263096987]
car [540.4978095124435, 495.0336011430385, 575.8922211085911, 525.4875418715965]
pedestrian [1048.1543356754864, 492.99091735549706, 1069.2391769889073, 522.765547202907]
car [903.1982705295985, 497.5830436371765, 951.0739689021326, 520.3733021032459]
car [733.7168644695237, 491.38967124895385, 764.685437491471, 515.9582639484697]
car [1117.2665726589, 502.5766482604771, 1219.0509407224392, 539.2274743157363]
car [703.0181543735094, 493.231758151055, 743.3961384928407, 524.8930428152449]
bus [629.7096814903423, 472.6430094272282, 683.6064256366283, 519.5392401870623]
