car [1285.1694469201395, 510.68610897695675, 1482.1099951829317, 569.6761196527652]
truck [652.9230314315103, 460.3065463455007, 723.539415379195, 532.9996717649697]
car [1064.0323851926123, 487.8967630804927, 1298.8601225434868, 586.0246991255865]
car [847.986134225752, 500.62474142351437, 954.1156923114165, 562.2567994912538]
car [1046.999027923899, 501.3923930075679, 1131.9711441828117, 542.1730556105128]
car [714.5129878191408, 479.85923597669716, 759.6862417277176, 527.8368863172291]
car [959.583460893687, 508.1649796882851, 1013.2791959212336, 532.839035253838]
car [526.2828604131554, 502.67903647797215, 573.8031253888621, 536.6359465056394]
car [571.0088761353225, 497.7485833907949, 665.4340976087983, 578.6306651982081]
car [596.880756265481, 498.57363322762666, 648.0450710309815, 545.8654590436249]
car [989.2161540575976, 504.503382985284, 1052.0205633122089, 537.2890677380339]
car [557.11041959762, 498.70213409017845, 587.3574664069228, 528.9600927668056]
car [1420.1806613591252, 516.118129192807, 1600.0, 582.2903085842521]
car [728.3439115846932, 472.70225151253396, 853.7977271598716, 571.6651766431015]
other_vehicle [862.3210315266576, 490.59588458315176, 917.035542503469, 523.9419211776241]
car [1185.355388051769, 508.5539431588952, 1315.4345166964276, 555.0821959153841]
other_vehicle [907.3015346524627, 489.58245490345956, 992.3218224155136, 530.094452218198]
