car [1164.1799693498608, 523.4834322199305, 1553.8772841886039, 862.3569595146689]
car [850.0784008749952, 507.05580843846303, 949.8352387784014, 565.3000476331212]
car [1592.6602452684397, 544.1715880649776, 1600.0, 677.1183235663675]
car [719.0329783665723, 504.79452581963056, 778.5541045351657, 542.3490249635073]
car [652.0499019028708, 490.7140721385046, 725.5550109276651, 562.823796509943]
car [751.1406865995508, 499.0960386941399, 860.3443033862704, 573.9940085288357]
car [603.6237554508884, 504.0773660160056, 625.0562168572186, 523.3155210754926]
car [1086.2701883659686, 508.6443579357985, 1600.0, 715.1210859923337]
car [727.6980071314916, 504.70354086265246, 798.3714042194588, 553.7745934156435]
car [822.4839526034042, 506.9161792501756, 875.9380567349028, 536.6344925614475]
car [63.57024519092927, 519.6618875533469, 441.3046395639442, 761.5933310689101]
car [789.9663256265677, 505.73823235231714, 957.6128176495515, 603.779940777481]
car [940.4123653290317, 500.23500276099253, 1163.0699006990396, 615.1442663936472]
truck [1063.9403947102421, 453.0145537895221, 1517.1932414860378, 641.709468378269]
car [859.658504007363, 515.7503760855279, 1313.694487160936, 752.0641617525206]
car [573.1822532226466, 505.9357894921462, 610.711227741474, 539.0623793129384]
car [322.886496210462, 464.8416168029152, 550.1132492985056, 623.2648478466275]
car [553.860873385486, 501.7504766813639, 901.7359218589854, 790.247763145227]
car [890.7545829887887, 503.59697839661857, 977.3739106589333, 549.5928282145037]
car [582.4967571018663, 505.7671677068777, 706.6314272984422, 614.0211341081697]
car [849.3545209607521, 506.1636044676104, 915.187655047218, 543.6638815269316]
