pedestrian [1309.5091279074488, 775.5489112816897, 1368.257073447904, 900.0]
car [777.5746980708615, 768.9393276038002, 976.1436069538946, 900.0]
car [182.01672061864062, 779.6454862701795, 353.51912835271906, 855.3477839177111]
car [503.24911650908706, 753.5184111970932, 712.6131055226884, 900.0]
pedestrian [1203.8758134221532, 800.9302167956175, 1243.3494973117504, 900.0]
car [98.19749310626383, 769.8373598876232, 537.2250903362741, 900.0]
car [22.538623233125797, 768.9809480703666, 186.00158071151134, 860.0486550683303]
car [743.2528115088509, 785.3261135905842, 850.6704110190407, 875.1179251600456]
car [0.0, 786.6825347981754, 30.38339886177092, 860.9287435209347]
car [634.5377195704955, 781.0920226767557, 756.037040454683, 872.1050834202125]
bus [821.7185159467624, 672.2481250226991, 1023.7813912951598, 896.685871706967]
car [130.24907031095958, 766.0716032557206, 262.55192641446337, 836.5888250018489]
car [0.0, 776.4288540674473, 116.6199954158001, 847.0593853152759]
pedestrian [1596.8044955772098, 724.8537408423716, 1600.0, 891.7633473815831]
