car [147.45904101013835, 538.413292438007, 224.59570346847403, 574.8769985416003]
car [321.3522340687168, 537.6057434076903, 408.05497179469836, 574.5995836816384]
car [553.2670078696179, 534.670469677584, 586.3493825865603, 553.9303925464002]
car [21.56970666661622, 534.976267832536, 133.14271749746172, 574.0843254327526]
pedestrian [1473.274333327699, 477.8357898223276, 1600.0, 724.9822922146768]
car [134.90406216927602, 536.4185405277706, 265.34005328485443, 591.5267086340994]
car [576.6113806633806, 523.5373832167035, 685.9386383100598, 583.4901959206313]
other_vehicle [67.83188593328575, 530.9716310620179, 170.92773977543388, 569.5626605220874]
pedestrian [1443.9150647455574, 472.9021640099809, 1600.0, 739.908150240712]
car [191.54103432954548, 534.0923862210731, 273.0707422742257, 573.3286683101672]
car [783.2974167051126, 528.1567602866604, 839.4718477679671, 572.8533839301964]
car [205.61029107650597, 537.0464208943973, 438.5552920282861, 636.219061752542]
car [0.0, 543.782952252555, 63.918400953461536, 576.0605228075093]
other_vehicle [274.16950496396856, 532.2447399628769, 321.59654683309077, 559.1235596128738]
car [0.0, 546.0197390150564, 117.00139958236434, 622.4846753165832]
car [419.0907679928867, 534.1861142644345, 474.8483418167345, 564.4840750659882]
car [70.51817077738738, 544.891555209446, 189.9201652730207, 596.8082725931911]
truck [1198.5076539190404, 306.4556897328493, 1600.0, 637.033353001293]
car [377.4884507193653, 542.3893572680262, 456.0905783466057, 576.6572777098802]
car [518.6132117711255, 531.7256965092631, 563.5535957934366, 558.1525491397555]
car [473.32016912274304, 537.4470264969812, 527.1439357746412, 561.7309493102464]
car [213.30330514566774, 533.1376674705452, 332.73007080820764, 588.250713976809]
car [781.0889254993324, 529.5077700560013, 810.4705953969648, 551.5534707103108]
car [434.55794313354136, 535.2549031838463, 480.94710398210026, 560.1793941124535]
