car [503.73167937824803, 534.5679657178895, 598.0732875162121, 579.2071365504472]
car [448.4857160663881, 530.9250203780001, 521.0886229314273, 567.9597375388662]
car [304.2409395747048, 530.4351654456784, 357.99207620361426, 557.7513886433336]
car [347.30148645334947, 526.2569081997234, 417.4535395147854, 565.7537000520055]
car [434.93254052259556, 532.225154438425, 492.20552635314027, 561.4214611206672]
car [453.4699188767879, 529.6004845391146, 561.0737435259095, 584.1122656871543]
car [770.211444449591, 545.4821788205157, 940.5169142116366, 606.9524049370415]
car [282.40198295256147, 522.776658077416, 332.3854280761514, 553.8811994406265]
car [398.67927720556327, 535.030851333307, 482.42532243921727, 575.0784551408564]
car [656.5292684999274, 542.7167021445878, 777.876374530511, 588.1379616038066]
bicycle [1546.4784176957999, 589.4247629322516, 1600.0, 649.965157404964]
car [705.3098084423023, 541.8045932007373, 877.5590857432583, 610.1855766959878]
car [544.7361418595491, 525.4205312288926, 702.9077090925485, 604.4792606177317]
