car [409.0019953307344, 535.3288795879524, 539.804109150225, 584.0059007823501]
car [1233.485304186875, 544.3340161232619, 1311.911008155408, 575.6957258038891]
car [554.6392722767164, 542.2989850509506, 996.0738273078953, 730.9642148989716]
car [618.2047552496309, 536.71675204103, 774.0150593990554, 593.7054028712456]
car [470.94698328978427, 537.1988139125182, 651.6755350322826, 595.6499841142132]
car [1335.576229299283, 548.5040459762604, 1419.9624638490304, 569.05935243394]
car [1184.100733408601, 548.2137081836477, 1266.4057757271892, 577.384498709888]
car [1122.4586976711516, 546.5071298801363, 1213.0326206655366, 578.5990148061896]
car [87.70355316187307, 548.3104917084056, 293.9873697742543, 604.7371853425394]
car [1291.6953406030752, 546.2080373103195, 1363.696705128534, 573.8321297650634]
car [1046.3623850161, 547.7015529006002, 1141.6402384982518, 580.7113880723787]
