car [373.0380993050605, 532.0871097196456, 429.3882318476977, 565.3609437667712]
car [1122.6500755542627, 505.1288819461436, 1474.8275019957093, 608.8089737406794]
car [519.5373170388651, 528.7588462928405, 574.9820618636847, 567.7830348899865]
car [461.8255374702597, 525.1927259427998, 515.8600729387707, 562.8409813733695]
car [56.357814724902724, 532.7682255590374, 178.45911129691828, 586.5375545510411]
car [0.0, 550.0812886087366, 100.9587591350968, 590.0128043471065]
car [1385.2995549558104, 497.56409397605466, 1600.0, 648.4768521058223]
car [665.3280402935915, 529.2149800269954, 689.2970720430498, 548.187216193705]
bicycle [1262.7537152475454, 483.4340718304949, 1442.2745968815161, 620.746162520398]
car [564.1327005447148, 527.3375492834499, 602.2715609054537, 558.6778734997872]
car [415.8826671996229, 531.9203061341451, 462.8733696828934, 559.8028755632672]
car [165.2728099358501, 546.2751595379879, 231.94692588581853, 574.0620897825236]
car [318.59190436393067, 527.2290594855134, 397.72948977983333, 571.4333099532963]
car [219.0571317996809, 538.3530242647383, 280.9651985095264, 566.6358322192214]
car [221.7392758491848, 532.5313394947229, 327.3102873531172, 587.5407918072717]
