car [991.0569819063898, 548.6027951193391, 1044.513555405262, 575.9449136460764]
car [920.1921777855713, 543.807414055382, 980.5085824400577, 569.6883653276675]
pedestrian [890.5428404086176, 537.6508180528932, 1001.8335039664465, 714.6695167795732]
car [1336.0137003450395, 534.9209729792253, 1404.0252731753185, 583.7210836205651]
car [720.7504764835193, 549.3742882348254, 811.4897249418585, 589.4227961693747]
car [1372.4268256291014, 535.6463899763237, 1436.6756508535302, 576.7645871215407]
car [1210.0787484613652, 536.1013133063793, 1246.0131191159464, 557.2258211124125]
car [786.8741026623496, 547.1271462543557, 866.9838067476819, 584.7519276158682]
bicycle [1463.9492488808435, 549.075953045799, 1600.0, 900.0]
car [898.4587561867743, 551.444522073795, 961.9833780680895, 581.853817183102]
