car [0.0, 546.4004506465421, 74.11700460713871, 591.5918951494378]
car [447.9345232801822, 529.1480605232763, 540.7166432648436, 590.621911573591]
other_vehicle [189.28502726945706, 506.30626767425207, 303.22059862919576, 567.2106650779072]
car [665.3129468414172, 527.3511360684754, 694.117215858428, 548.7816799335003]
car [308.8528678212234, 537.3202776934294, 346.88262457927385, 555.8420119874926]
car [130.99650030684865, 542.3512218753763, 228.63695199300838, 581.6419362979145]
car [693.1362359211438, 527.6171343714204, 757.8598348811238, 572.5727721612492]
car [560.9987792119927, 526.3117710772191, 595.7014678777384, 553.0563596268795]
car [0.0, 549.3272803849163, 78.46398843289812, 611.4311240633655]
car [711.6419589427294, 524.2067024532761, 809.5235636213923, 602.2946116222873]
car [417.6858981400624, 534.6874619780525, 445.705407032792, 550.3251279183975]
car [738.0075956633423, 532.6899405257345, 952.2584027744019, 648.5350078093522]
car [279.337582522295, 532.2092651995633, 330.3435577901605, 558.8237870635905]
car [163.19871232681442, 539.75285342164, 244.91879539906927, 571.1214746874457]
car [78.37248759619148, 539.2298295364623, 166.22645430353785, 580.4928520388225]
car [682.2395270287836, 520.3435671861099, 731.1322532658417, 564.3653331419066]
