car [1324.438295862323, 497.556860962912, 1501.3350101404221, 538.6270765281953]
car [0.0, 518.6886782498524, 67.62947319404402, 579.0800255994927]
car [1188.805812994148, 490.5775201855587, 1415.2671743984927, 556.477025171732]
bicycle [0.0, 515.5528623732771, 84.12373785776902, 669.2114358992715]
car [1448.701683189516, 494.1558513187905, 1600.0, 526.9836742877117]
car [1528.7740664069318, 481.58783570085353, 1600.0, 512.6005705096339]
car [1466.4346606624642, 491.81430269223307, 1600.0, 785.3692759027068]
car [1366.6464226828668, 484.22917631858695, 1555.7458905647393, 532.8557921511349]
car [1266.8349069032993, 496.4428256240883, 1456.982559704616, 549.7950037844511]
car [260.9438263106943, 518.5761723223262, 466.0375304299578, 615.5968667545936]
car [10.914448248900174, 522.5840820756987, 196.13448118570412, 596.8928482527865]
car [1010.7639239120596, 501.0130851657293, 1261.1337201498366, 574.0440171551555]
car [157.50598179796376, 502.83141246815285, 403.6556987247965, 611.0645881348711]
bicycle [391.95448113485804, 501.87805349451037, 495.81510728260844, 607.9183444081302]
