car [726.1727933281597, 535.86521661199, 833.0525440975586, 572.076901992848]
car [1457.5512753483708, 575.8943109440233, 1536.6837093690053, 621.9433370069373]
car [1502.8782968850248, 578.5552259584177, 1560.6406396043687, 610.6310155991197]
truck [1335.7533232100477, 552.1475786844023, 1406.6193015205613, 589.7953788821583]
car [910.0087005749757, 521.7729929130248, 1027.0545036200465, 583.7882345664528]
pedestrian [1582.3883342220633, 579.0632279531679, 1600.0, 793.1889560365141]
car [1498.3935508932705, 615.6611093141281, 1600.0, 900.0]
car [760.1335013304486, 518.0779044574658, 909.7843216591557, 580.1644789934437]
car [895.9123792899657, 550.8252537207006, 957.3408790262728, 575.8092246978816]
car [0.0, 494.3516372027428, 5.083835443120063, 537.6178989530176]
car [1325.0418231110123, 568.083358031915, 1392.709290404194, 602.95511925866]
car [344.1826574599715, 489.0466005268198, 626.9001603766112, 605.9599194287717]
car [513.5633599695685, 531.1516955918881, 615.2927389994549, 567.2166118844171]
pedestrian [1214.463234697467, 544.9737550390024, 1303.1561283090784, 693.1883752988044]
car [1089.0562802672434, 559.012782793344, 1139.0299331922022, 578.1345758220967]
car [1014.9662607354535, 555.8646995836195, 1067.3457297965529, 577.0081510002582]
pedestrian [1408.4918647803613, 573.7844848782308, 1543.0197922477832, 759.5314947311011]
car [614.1981462846664, 530.8409193673839, 751.4389360364139, 579.4059441374388]
car [611.0769266692973, 535.2607899000402, 701.5520012900614, 567.9861660575662]
car [1188.0645358119173, 550.7984555984049, 1285.8843542342902, 602.6416015616132]
