car [673.6762291258661, 508.7061642145572, 701.612603674016, 530.7440309035543]
car [1200.2230331134826, 521.3316005780946, 1344.5032587769574, 568.0534919082821]
car [625.7801148630646, 503.3961033597237, 657.7672330672314, 533.9423997062163]
car [695.0803582567198, 503.9371366202403, 740.286141505839, 542.2302424323823]
car [896.3077935053756, 510.356598429908, 954.1999032367771, 543.7695833722585]
car [1008.0343825795046, 513.1568166422884, 1073.5775390014628, 544.2046689997258]
car [1088.406581609307, 525.2852357919006, 1156.2416948662076, 550.6642921810952]
car [1033.9169493051197, 519.8927176415232, 1081.4094233177652, 545.9903854675397]
bicycle [203.2980979052161, 498.6228900577873, 279.80535983838166, 561.682594877132]
car [802.5461323805101, 512.6456981014369, 830.961743849384, 527.9438530690269]
car [613.1937986525074, 505.8199076439359, 677.4030067153009, 559.0886597023587]
