car [463.8970703817771, 730.9549513609485, 791.2962041904742, 900.0]
car [394.1437361162876, 774.8362141620514, 605.3519051813754, 900.0]
car [1332.4663176594647, 771.5488532801604, 1600.0, 900.0]
car [800.0561973204774, 785.4263111807265, 952.5912074911878, 886.7554692757358]
car [1199.746079647691, 779.0831573207951, 1425.5696259127144, 900.0]
car [0.0, 768.5729492578454, 102.85961683696135, 897.6174632592008]
car [168.41776697526814, 775.644796802007, 489.1777460685596, 900.0]
car [1434.5537499210045, 837.9385243617253, 1600.0, 900.0]
car [694.4956449324461, 792.8420765315624, 859.0801038088522, 900.0]
car [21.82895042585227, 773.1295677536186, 160.57356335288972, 861.1483074819259]
