car [376.92125091525054, 539.8074830577985, 422.4034561817938, 563.6247763211528]
car [288.40310892076775, 547.6402281179282, 335.6848106828609, 569.1607578773969]
car [439.7891704946566, 541.0056515527781, 468.8471101193627, 559.6479083832998]
car [47.642055672433344, 557.0130398284144, 156.2625917337004, 595.9433449167857]
car [185.84464880728183, 542.5908321572429, 292.57045346941914, 591.7168233292986]
car [661.7762820132048, 528.7372944169408, 693.9787832156183, 559.5168371001843]
car [565.4799852136192, 533.2485482115424, 606.7156978132554, 573.0356362925709]
truck [399.53339418632714, 520.7196640513912, 451.53286889187484, 561.2551539726519]
other_vehicle [653.3808187404438, 521.980048620546, 687.625477948837, 554.9417312047516]
car [668.4951650387422, 539.5004790138756, 700.7213431650629, 563.9583077986144]
