car [1263.1759867706146, 551.8860542360774, 1511.2144530751632, 653.5540302626372]
car [1384.102637565993, 547.2741410495803, 1465.9755194636546, 593.8339928737995]
truck [812.0369577320726, 444.6615986231456, 1193.4291764271936, 649.1800435802546]
car [445.2368455495919, 545.797900293385, 618.2325325032097, 601.6822105303818]
car [132.69281559154118, 540.1866663928744, 798.2181164936516, 809.9977316717452]
car [30.034978332597802, 549.5344861933096, 242.01201494251575, 621.4577004654343]
car [1206.0219039803128, 548.2470140769921, 1313.0263576805908, 588.9717387302572]
car [1569.7730712263176, 545.8326773974742, 1600.0, 604.585642658953]
car [1157.240165871207, 549.4277843721727, 1219.084247687071, 577.1833852966392]
car [0.0, 548.1182018897678, 1051.8005220378768, 900.0]
car [626.5601366040336, 539.5859076473265, 738.5943911292047, 586.9492661010918]
car [507.18413787105027, 540.2061259821179, 580.4145264804104, 572.0882138100654]
