bicycle [301.8649830540026, 546.3326245830837, 410.82212275239715, 652.4329072414065]
bicycle [338.15431199492366, 531.856556632605, 428.48183088008085, 604.6180260051133]
car [1428.6730710545214, 492.8390339415508, 1600.0, 623.0657605577832]
car [1129.0654449534973, 489.8142566509655, 1225.5816739304923, 540.7085200163094]
car [1171.7784285576936, 499.48405287841433, 1283.2695009004324, 545.3317172870966]
car [1052.3099961549021, 505.1763035559564, 1106.8988087014784, 531.4366998133377]
pedestrian [939.1114259422895, 472.7984301923098, 1041.3790811835897, 701.4713148570274]
car [1087.9232666241003, 496.2474768072434, 1165.600740661288, 536.0618716451628]
bicycle [391.02190527691306, 538.8144540235837, 472.8574762776495, 610.6646588465935]
car [1236.118112009972, 500.462176417891, 1392.6818820376818, 558.3233929780882]
car [1354.2297409684775, 481.8405456220829, 1600.0, 579.0396177599021]
car [1560.3234210154778, 500.6638188963023, 1600.0, 592.026174802312]
bicycle [335.0842714792652, 534.2676988584574, 426.7053867686191, 610.8187110032678]
