bicycle [363.35958026459593, 516.6503696112586, 458.29467212232026, 582.8740044423533]
bicycle [1077.555137907012, 487.90051895666005, 1340.092111232451, 649.1283588164949]
bicycle [1225.9353207132283, 480.0057461006208, 1521.4178902770393, 646.7094290076956]
bicycle [1132.4843133271063, 484.8262475405148, 1405.739723551861, 647.086302905587]
bicycle [378.8572797299731, 515.4428160938093, 471.97960216600364, 580.4569824544592]
bicycle [147.3704140292737, 536.4041849956294, 281.1954823894166, 628.7153888547605]
bicycle [1278.1526297982275, 477.1453914713092, 1585.7605034432172, 645.2238751870183]
bicycle [352.81645624382753, 517.5812159217983, 449.476477718805, 584.9705598883678]
bicycle [221.9844867568473, 529.4677647014033, 341.7514325015268, 612.3992273223662]
bicycle [455.00403930383084, 511.6074592751464, 493.6455820803679, 573.8498156167507]
bicycle [289.2188191384484, 523.0382706541493, 395.62163538933186, 596.9698802006529]
bicycle [1491.0040697781758, 469.6521800919627, 1600.0, 652.38543898301]
bicycle [917.4132032007675, 496.63752138740875, 1154.625713938265, 653.7931526358332]
truck [0.0, 291.1896192831649, 181.82253117733234, 768.5234294872248]
car [0.0, 498.359360472433, 300.38397915917955, 607.4204266011153]
bicycle [249.21126336424166, 526.9690848021211, 364.0261655842671, 606.5837219128132]
bicycle [180.13814399506623, 533.2739503275586, 307.3936101152078, 621.1999656981856]
bicycle [475.52654912145584, 520.8152234790822, 601.1227429344675, 608.315883666572]
bicycle [505.9201470240928, 509.3782128783195, 540.4635213222967, 572.2001987013178]
bicycle [209.90094388335834, 530.5233957261433, 331.6301441407416, 614.7601714012477]
bicycle [165.06414046257478, 534.6857009752714, 295.21068664301055, 624.539863905044]
bicycle [136.66371660280302, 537.4509567464748, 272.7497894064399, 631.2711279415124]
bicycle [336.9579477317686, 518.9226597477629, 435.95366718005454, 587.8819572863779]
bicycle [196.39566094665528, 531.7808649814211, 320.67234784669, 617.7207859908085]
bicycle [489.92135595041316, 510.0918772217512, 525.7867435846958, 572.7775713257524]
bicycle [447.12241239808037, 536.0897450041386, 578.0174355271853, 623.0392182926155]
bicycle [470.5194948586442, 533.9917949468037, 596.8289086552592, 615.3292636953469]
bicycle [120.68123411699264, 539.0350540040965, 260.2455643469666, 635.1761393707918]
bicycle [1180.7497250305037, 482.3490425153783, 1464.6900651019785, 646.9769371648858]
bicycle [472.2198665099266, 510.83171595016347, 509.44975844305463, 573.1994889653615]
bicycle [1005.1902632728742, 491.9894502774973, 1256.9973589527726, 652.1070690730439]
bicycle [315.6866953420622, 520.5127393496764, 416.8834188518552, 590.9227267099925]
bicycle [277.44744417068915, 524.185804664711, 386.280484501667, 599.760645110669]
car [190.50146662158255, 479.25799489111574, 422.9843258956611, 576.1263275299293]
bicycle [262.7633064762044, 525.6118551803652, 374.6083398480083, 603.2201324612294]
bicycle [418.58183717600747, 556.0107690669095, 523.3204805703235, 642.6619691829646]
bicycle [303.10065193740064, 521.7428586947036, 406.9019356931233, 593.9186685820629]
bicycle [105.77160580872615, 540.5023676590374, 248.53923851091298, 638.7765223668218]
bicycle [435.39933299785247, 533.718716350169, 567.3128640383069, 629.4157432602694]
bicycle [235.3552772604142, 528.2422792640307, 352.6954433488884, 609.5496134944445]
bicycle [1538.309354038134, 468.0623644422382, 1600.0, 642.2244221276201]
