car [685.2339370982831, 528.2192071212347, 780.9282883754531, 599.4218749889794]
car [351.55937701689334, 544.9759431149972, 389.5149613503865, 565.9896317371245]
car [472.16597303553596, 527.6824065408068, 561.3103401025855, 597.8299965473067]
car [151.7451219535828, 553.8210000522041, 219.39818142269627, 582.2382813771751]
car [372.82964109269005, 541.9275539833964, 410.50735556484216, 564.4789069342413]
car [565.1710301982994, 543.8339514789338, 596.1298531816294, 566.1934447180213]
car [615.1136034806377, 537.9614806703412, 640.7768166110952, 560.1420855162796]
car [585.0643994228958, 535.1423550570298, 609.179854887754, 553.0934066879989]
other_vehicle [12.98017241562459, 516.2691922885579, 175.97197836605008, 593.1719170532468]
other_vehicle [0.0, 518.0447151105896, 12.872733846742886, 597.8457196653143]
car [295.11946305017125, 547.9130227213167, 339.0251637753468, 569.0434818989883]
car [254.29273819819622, 542.8429322099217, 315.4091006175443, 572.4905386077027]
car [649.4624883171399, 539.5144170479898, 675.4424364309721, 557.4882176237348]
car [719.0694983374074, 541.5020435127539, 851.1226406308667, 625.0131132600212]
car [323.3374117637671, 543.0518176669107, 366.5426928195558, 566.4620770301209]
car [92.23136350952173, 556.277441977347, 196.75691994325518, 595.926878000114]
car [536.5183320493594, 541.8932353553602, 581.5809009885097, 571.9068895993939]
car [661.0327960210964, 538.4964846024849, 695.3080359772949, 563.1438464112816]
