car [58.17608799338327, 511.2981561852968, 227.69434662541903, 561.7956491750833]
car [731.5598493175456, 492.7210354167754, 851.6599463978171, 581.9411457546564]
car [832.4597938143949, 510.9694828444974, 860.7321244673085, 528.2251204458132]
car [1298.1866354524943, 502.34733055423806, 1600.0, 616.3988275700442]
car [467.22054735678034, 508.1118467016517, 503.25808202193866, 534.6404409954719]
car [447.3405753568167, 512.9301747175338, 488.6444324127432, 538.2778916773699]
car [563.159325691283, 502.432876639411, 599.8019882706186, 534.0955818094666]
car [425.2761435947463, 505.93551531726405, 479.213408200919, 541.7202306892906]
car [510.832712014694, 509.4177174668395, 534.1111867101368, 527.344367071714]
car [939.3573611990453, 511.09414437623246, 1001.3386507820123, 543.6252179765611]
car [1517.4677145965609, 531.7271803014028, 1600.0, 602.7276629671072]
car [481.87831400561515, 511.15272221639856, 512.5789607705168, 533.8795184249628]
car [0.0, 507.5198632635146, 68.3696151289013, 551.4928027856218]
car [260.230965861951, 510.916256116739, 405.4885807716022, 559.8590176911817]
car [675.8561365032958, 498.4942687094754, 724.6500824529226, 540.9614187831063]
car [582.2191890754881, 501.33416619743, 669.4966719175582, 574.524595998748]
car [896.5657366864947, 502.3595978128601, 971.9199165996399, 545.0599757116148]
car [854.1974889783976, 511.2566944062239, 894.4337798494074, 533.1989417644826]
car [1108.8978580340563, 509.131064229354, 1355.7320219646144, 599.6434287561814]
car [995.0056037134417, 477.9920659663652, 1378.729595599638, 671.873397015365]
