car [150.52178235174222, 564.724361538543, 369.6476567277789, 678.0297890218745]
car [866.2670736278861, 559.7884387980008, 919.376657030853, 598.0508272828193]
car [624.4610462044217, 556.908930025584, 697.2579353846684, 602.0502731128346]
car [1150.678907475734, 548.2001290210782, 1292.0718122026449, 601.4220543268134]
car [715.30351395739, 560.0021592291832, 759.2206049503291, 588.540374608524]
car [0.0, 559.8658831239633, 558.3270582650501, 900.0]
car [398.37656876560203, 581.6470449494476, 488.53212251985065, 619.2215922111384]
car [486.16910104983305, 571.3048468689763, 576.3531762533662, 614.0751098367363]
car [1393.3360401706072, 513.8508854727855, 1600.0, 618.3821472427226]
car [574.083998928556, 571.1251067816805, 647.9662607265706, 610.7943603659517]
pedestrian [1406.4949187032903, 508.90246580861253, 1521.5453217075844, 657.3298224804422]
car [1324.0457885661583, 524.9541848011772, 1523.1879881693521, 597.2851458330479]
car [0.0, 584.5702076563792, 304.8851201404914, 839.6183589136368]
car [904.4524425364093, 551.2627079011885, 934.2228826788623, 576.173474621973]
truck [74.94734424743878, 546.9214538349837, 314.1155460147687, 642.0112394499752]
car [550.8671183599622, 570.9036388633461, 620.3193204055325, 605.5374815924189]
car [285.79998474820223, 572.4516606853938, 410.0301514583472, 644.8487869048171]
car [1274.5136836115876, 534.4835089306752, 1473.633547633043, 612.6544218138396]
pedestrian [1514.061157591215, 497.50600128356865, 1577.8602070258844, 666.9315632910866]
car [681.5138330883892, 569.8654900129496, 732.7065195135078, 596.1669179797236]
car [721.9566914271131, 564.6740071922478, 860.5926254538715, 616.054601064963]
car [728.8044341217019, 540.0067918590637, 1088.0000407643965, 887.95971131878]
car [667.59323301073, 555.5117148416888, 721.340057699764, 588.77082121065]
