car [975.1212519713525, 536.9911074627753, 1280.6020568633503, 667.0047448861474]
car [426.50713531901965, 490.29766130889556, 900.455595343453, 718.6214246650744]
car [0.0, 478.87199408062077, 485.58387218258, 682.009995848969]
car [1184.084495420036, 546.5980579985847, 1261.9234336432107, 569.7782973330571]
car [0.0, 345.67677467767277, 907.71862507051, 900.0]
car [1476.678835277757, 535.2498936629258, 1597.7084875074718, 592.754700283901]
car [1520.404299324853, 542.5638866448851, 1600.0, 611.6597847461924]
car [1322.6256223176808, 536.247045244297, 1533.6994070958451, 635.7332381898378]
car [686.6812063415116, 512.5283989451198, 980.2710374199028, 642.3410203947641]
car [1551.6741663177472, 556.3321958128672, 1600.0, 663.7184821518799]
car [1100.9831971100218, 554.7279694595089, 1570.7229941898663, 803.3424675589738]
