car [1187.0946291601495, 578.3228715221946, 1600.0, 855.1129304079184]
car [505.2664984576356, 562.1641860331337, 645.3527802922711, 626.0635332124593]
car [0.0, 565.2351985081001, 342.6656635958947, 717.6779069825508]
car [876.6002408549529, 567.4148113507982, 921.6540146015293, 602.5664524232988]
car [705.4506006393817, 557.9585410211236, 764.7351680885556, 601.8897098538332]
truck [1016.3028040281995, 524.0347415535294, 1100.6474235075711, 609.024403406753]
other_vehicle [1068.4158524879504, 414.95755571315044, 1391.5561899939928, 708.2282417980459]
bus [448.87932124396417, 535.658125711474, 607.7105735048412, 626.4675225352166]
car [665.0976632072915, 563.4371488917809, 742.9261484200792, 609.119233247955]
car [913.4163536427249, 567.5819914245261, 941.5440725213942, 591.5832449119944]
car [1005.3362380076104, 564.4901313697081, 1059.273055156442, 593.0923820568892]
car [1035.3202505841919, 555.0032746648833, 1102.5163295723498, 615.3422369542805]
car [250.75187086079055, 574.2197907642711, 410.84075220492986, 642.7938188963915]
car [922.5035000094011, 568.035357684828, 1017.9736593486189, 655.7058936780402]
car [892.7253113989068, 563.7769333360295, 928.5007706352272, 595.3916975888266]
car [0.0, 536.9390791389503, 631.7901413601472, 900.0]
car [1515.067822390076, 609.2098053513985, 1600.0, 900.0]
car [320.52666334794486, 565.1387665877146, 544.5758813979006, 658.4503255942055]
car [576.0027142577766, 557.5002977155815, 727.5563106463748, 655.5622204843146]
car [835.9380728278418, 565.4796659127143, 901.6230455294065, 617.4989890030737]
car [739.1587273509087, 532.9249228136374, 873.1681208729179, 652.8682470155976]
car [1053.8152544262623, 532.3027091059927, 1170.2740836537791, 634.0937115989414]
car [931.9647038955475, 559.1411679975972, 1004.2987315446605, 624.7066711018991]
truck [600.3491348845755, 560.3507594535571, 667.0715580277105, 601.7040362300611]
