car [1524.4025341811775, 746.1875761072646, 1600.0, 849.5404885439351]
car [847.932691781195, 758.686292341093, 937.704556803823, 846.968237939417]
car [694.5864871508589, 753.4858509850966, 853.6172474430031, 894.3925057453054]
car [1236.4745385009421, 782.9404683539351, 1396.7371165813067, 900.0]
car [455.6802727549027, 770.7611764348043, 627.7292124831247, 890.1871082514964]
car [1202.8503155052958, 767.4806088886314, 1371.1437121427994, 900.0]
car [125.08503352826334, 757.058384467839, 615.1139363945039, 900.0]
car [61.058027825915595, 763.7548928263802, 209.8034997531075, 844.6327937946005]
car [1567.057937318881, 773.1169659054347, 1600.0, 878.0407135043816]
car [983.0492268202341, 773.5239434055599, 1087.41813683088, 859.7068849491858]
