car [1558.0958152942942, 509.13162018463817, 1600.0, 592.2866348776535]
car [1160.8900614063743, 516.3584593198187, 1368.7548696897823, 583.0207955032471]
car [1026.8989712637922, 523.3833475705222, 1275.8433526746526, 602.2625849583738]
bicycle [812.590010866307, 532.049430143336, 846.7909082088461, 590.1828040909779]
car [364.6806442026702, 528.7265567530486, 424.34507223622313, 568.3810730632863]
car [925.3782115900896, 532.6160817638901, 1146.1198905641568, 595.4553615658442]
car [41.91702271989132, 538.0694316543356, 191.5089498086545, 605.4110566465988]
car [420.55332081862366, 540.6676328236999, 447.2436175685109, 557.5846556457786]
car [298.5642717257675, 546.054011693869, 349.5768472578492, 571.7437765738049]
car [827.7321927664026, 517.7030121824819, 1149.1145302054379, 636.1941022738259]
car [176.91083832567193, 550.962321555306, 246.92917264083545, 582.4177305016843]
pedestrian [1551.4966621570882, 475.8881040092117, 1600.0, 752.8426136170909]
car [1237.1430530573793, 523.066778004153, 1512.7011285466936, 591.3385404299726]
car [1276.9019036587133, 516.5134886836669, 1600.0, 615.8449869133037]
