car [871.8127802208345, 568.4421214264349, 923.1412760558002, 606.8287946691707]
truck [907.7903967920716, 547.9923766507619, 945.1939131851142, 572.4539142282674]
car [840.670556493415, 564.2782778122811, 911.8564777355933, 618.6351783670007]
car [896.5051808580678, 569.5901836109803, 935.5868346198224, 599.3419959011652]
car [923.3466149385105, 572.8703355150113, 1026.30093128193, 649.5987101656566]
car [913.0856179002249, 567.224979883906, 945.698698647454, 592.5569481913452]
truck [347.09948810165616, 557.0499584895731, 488.88001745679014, 625.1239759623418]
car [1149.094376183769, 573.0755684360829, 1399.0778044537574, 734.9987288027908]
car [92.27471481379685, 533.2946648257697, 687.0477658164157, 895.3448703533708]
car [598.1801329437325, 571.1446837910736, 818.8243374462195, 719.2962281837722]
car [746.3046245635117, 562.9289937466375, 871.6106954359067, 653.790838090727]
car [1091.146559486667, 541.0117671167368, 1271.8997830877404, 679.1835660866692]
car [1049.2134219899913, 554.1096396948859, 1146.8739126502585, 630.952351626105]
other_vehicle [522.9230881709786, 549.4211633309054, 623.6129887296614, 609.1527611356886]
car [853.9436349314991, 522.152005330756, 1231.7190921701158, 840.8754044780177]
car [919.547403061668, 577.6238948183824, 1068.562189441567, 693.897619030083]
car [927.0276555333477, 561.2114380331171, 997.0651423362792, 624.353878965952]
