car [258.63181985515257, 553.7971323982723, 356.54255193184133, 600.138439835093]
other_vehicle [59.4913288251199, 538.0583488148102, 198.54170977178433, 609.7489544219923]
car [329.7545827948564, 549.8040729278126, 380.4232220920739, 581.9843763146147]
car [567.2068051939992, 542.2110547308642, 604.0718473017735, 568.5320612436484]
car [431.40755373443415, 543.1174765778175, 475.08856964595213, 573.4773411958216]
car [596.2006462253818, 545.9531345483603, 620.1328682036507, 566.6094895908027]
car [417.1717263202337, 550.4229011666654, 451.75941083602174, 576.481076952085]
pedestrian [736.969969806285, 531.5166095380522, 758.9585551499111, 577.153115225178]
bicycle [1192.4106251958062, 481.42987935910406, 1540.971133489112, 762.7997470476346]
car [491.4054839639188, 534.5625949071305, 566.7602637721798, 596.7192702843759]
car [0.0, 547.6854931863, 118.33047467450395, 649.1818112915001]
car [455.47570632830536, 535.4545200842299, 519.439036499147, 579.8661099364663]
car [163.0594655307185, 555.3127235537376, 297.47295099018777, 614.8626282328647]
car [606.9821221598809, 529.8079504685834, 674.7412896833131, 591.7670585270894]
car [672.7555148632166, 540.4693807359703, 692.8896739976184, 556.7532438303199]
car [554.2146703273679, 539.1937714013453, 579.7094325628815, 559.008954276198]
