car [0.0, 570.2628931871126, 112.01449488623962, 616.6023837399152]
car [543.619069882009, 557.6280669302691, 771.7501815970397, 696.7689492131341]
car [672.4354417240035, 552.3585997115765, 750.3776909550365, 607.6396409562183]
car [780.5231242494503, 552.9572523103418, 866.9072834698691, 623.0214991353924]
car [945.1855053544367, 536.5499307575617, 1081.2534168330433, 671.6582870270712]
car [82.05934958677976, 566.2120158904871, 215.76855481712062, 605.0273892274358]
car [376.9255530646567, 563.3974527380519, 598.1229613868528, 674.1224738240865]
car [0.0, 517.0133485201227, 639.4700090470368, 900.0]
car [685.916399093946, 557.236006255665, 819.3006476477123, 650.876548086413]
car [85.76573213494713, 558.0194772079333, 195.58374347956536, 597.3316439148929]
car [785.8148095894818, 437.92377144367435, 1145.6845384455248, 836.3739952953256]
car [1090.4605502636769, 541.9285882352787, 1248.0527335646132, 651.5382192440647]
car [521.1887754186866, 540.3904555928052, 645.4528666090235, 607.9113492143274]
car [530.8836424905595, 532.3094165138742, 665.7160034151539, 626.6966658866816]
truck [536.7135407401115, 515.5113756299162, 643.7104646820226, 587.450325349063]
car [1118.1728342381878, 509.53710000550296, 1408.9880893029983, 713.7595626802627]
