car [1185.5149406489372, 716.6933565724604, 1502.1246815894085, 900.0]
car [566.74587782892, 753.1730227470867, 673.3835201843996, 836.0316152054908]
car [870.5384293992225, 722.279004724041, 1103.2392586386823, 900.0]
car [0.0, 774.4067073785927, 10.942009051599573, 856.0399427301192]
car [784.6876259574934, 754.1078274582513, 887.9540067478257, 829.0886396168615]
car [0.0, 712.3034314142654, 94.14920517447244, 900.0]
car [1317.2360397598777, 758.1117320828744, 1540.9480019720527, 850.628807658359]
car [632.2773126820783, 730.7935899209084, 813.527172623766, 888.9259277152635]
car [293.8190721745836, 731.1316499599131, 548.7901130912645, 900.0]
car [0.0, 753.1112137142181, 119.92924738022508, 844.7122669473138]
car [262.6202836203284, 768.0435081561988, 381.1909877464441, 835.4184804446267]
car [0.0, 744.86125754851, 317.91601983777093, 900.0]
