other_vehicle [1100.365929914316, 494.6519917697846, 1287.5768486627157, 568.0781307035703]
pedestrian [540.9712987253441, 509.9254172305918, 551.7378625477932, 533.1352154291991]
car [680.5537341061364, 513.517793475135, 702.557331587777, 531.141456331989]
car [652.757802428064, 510.082277709211, 684.2650968094339, 538.3566582469871]
car [1421.693657646615, 519.8831402667745, 1600.0, 603.1724143522531]
car [539.4772810113916, 497.7112416483134, 624.4283509090307, 578.2298420278073]
car [705.7384578016687, 505.3965630135106, 749.7768198735513, 540.1080151738853]
car [877.7746000439389, 523.1312361085945, 912.2976714817089, 541.8791166769687]
car [1056.6106333122234, 463.27805395536205, 1581.3025530364, 697.333867637383]
car [1284.1760321675192, 535.232494545635, 1446.7539127162192, 584.5154632381247]
car [1306.2236919002942, 485.8925787635136, 1600.0, 837.0109255542199]
other_vehicle [933.1670998214726, 495.06702130956967, 1029.9748980128923, 548.3800279270578]
