truck [903.9516382207003, 538.079866109528, 1042.945051957543, 595.5060561588551]
car [819.4530872937319, 551.0528698715635, 897.2106637121076, 594.7158301367351]
car [1494.8409999961223, 553.9676057535836, 1600.0, 622.9004896030787]
car [1178.7419500639405, 545.9712319279568, 1301.1571121396132, 594.5863116420261]
car [1354.3055481345145, 557.6340039855762, 1429.5011737076222, 585.9330618899534]
other_vehicle [2.418281088370251, 481.961107902375, 313.7982406463478, 620.8231983327769]
car [364.8237814199729, 568.2632860663099, 509.20831120888477, 616.840745898876]
truck [1495.0559985934237, 530.1643724036711, 1600.0, 593.7912823008213]
car [1246.283250048156, 554.1688180340194, 1331.111525488609, 588.3202216994038]
car [1302.1279918453147, 555.5258994078451, 1383.996264920984, 586.265664069045]
car [1398.8496605646803, 562.641171294884, 1460.7786578028029, 585.5060307261659]
car [318.5308357152571, 531.5113538575573, 876.884612967109, 758.3983129031709]
truck [554.5588563365787, 488.54987585587116, 815.2153009057575, 605.5858184890002]
other_vehicle [1156.7322230078742, 527.4345870729219, 1276.391665527479, 587.0631407324221]
bus [994.8349700926176, 519.2516449616118, 1198.6255734249542, 595.1377360569707]
car [1426.167053538754, 561.9508188788628, 1487.2010133696203, 583.7776895100332]
