bus [237.79543584168826, 489.611108840899, 458.7565165353539, 573.7243296114426]
car [1131.1218011499589, 475.93506340014983, 1600.0, 900.0]
car [253.80161992652947, 509.90626177393955, 380.7804435591182, 563.6777028962832]
other_vehicle [0.0, 499.8815837372498, 23.095846879790027, 544.2638383493136]
car [1180.1365125606715, 517.5346249756528, 1600.0, 673.8131819176402]
other_vehicle [0.0, 481.3362542575532, 117.38465323852797, 549.9683496387255]
car [103.89284606316673, 523.4945719508014, 194.14444394459133, 555.6748017745058]
car [1095.85775222923, 492.4001555037555, 1600.0, 729.9075078343473]
car [219.26216559594397, 509.8325403150918, 684.7396080051479, 688.7422716028344]
pedestrian [792.373447296291, 530.2392895587677, 816.9457610811803, 577.6179998491881]
