car [696.861725480331, 489.5936051614287, 736.8113463235262, 513.8291598569334]
car [511.94129110334666, 487.09691954243857, 529.8216877437719, 501.0931474179987]
car [718.6823559558165, 490.34044574078814, 755.2640315721162, 510.70275578708254]
car [856.0067097490829, 487.83707882373875, 924.5792150374186, 522.7602003108858]
pedestrian [179.6431158857105, 477.6423032581466, 230.77477102976036, 574.6839053502692]
car [765.0981031668584, 488.8846993625197, 817.7014211111208, 517.6366973866208]
car [678.4551519703369, 489.34729779872, 709.463815141407, 506.6523644907927]
car [488.4749806689368, 484.9499226171932, 741.6563833028434, 689.7569154918209]
car [588.2621826732884, 486.7998289602144, 638.1021490741648, 505.5244344032839]
car [1024.2206699798514, 485.87828260984185, 1185.1463093125697, 554.6021709657593]
car [397.49792006375594, 489.16743616923384, 471.8656579421838, 552.3788325050382]
car [254.91844370703242, 491.60312371731453, 430.42948177191283, 618.072998480719]
car [561.3375567244361, 488.1335769252238, 608.194179400292, 514.9419558259136]
car [738.5405809457804, 490.9656700580147, 773.6812324398468, 509.28720024199043]
car [822.3730046862228, 489.67549516313454, 896.0110388845166, 525.5451716486363]
car [1244.1778686195278, 503.933760602327, 1425.756123593315, 563.2250684889385]
car [960.8887696348821, 492.8048271594311, 1062.8558704883455, 535.457367825788]
car [1142.8699039704563, 488.7556485841414, 1332.5038457781875, 560.697078612692]
