bicycle [1496.1088196588569, 563.4411760040713, 1595.7526457971308, 617.6166718100026]
bicycle [1002.8697551047941, 552.695329261447, 1046.1656089104017, 580.0228338538634]
car [0.0, 500.50656051212917, 39.99462794924929, 528.1691872143474]
bicycle [930.3449646910276, 540.0017311923651, 944.7577829438593, 564.7258883136506]
bicycle [958.4523359825655, 540.5737632555162, 974.290521330684, 565.5800800638137]
bicycle [949.4598362500351, 540.3903526323719, 964.819270154092, 565.2741262906816]
bicycle [866.3286586403203, 535.7555737756154, 913.8650966229131, 571.5635352180593]
truck [53.530463038233336, 463.06010275948773, 222.85079688930404, 539.72043956777]
bicycle [993.2195908789439, 547.7509890502688, 1044.3024407098544, 579.407963241904]
car [181.5039468422747, 495.2283879704842, 320.9372169534307, 546.1577315042445]
bicycle [1513.9895672676716, 563.8670031736871, 1600.0, 617.7449353070018]
bicycle [971.0536485070515, 536.8647244987759, 1021.8522534658421, 575.0658084084047]
bicycle [910.8173443865727, 539.6049732506126, 924.2845852368544, 564.1868537817796]
bicycle [901.232571601844, 539.4099953569018, 914.2288014249059, 563.9030075515574]
car [0.0, 495.53098249730147, 669.641114789958, 900.0]
bicycle [939.9516055035024, 540.196805236642, 954.8274339868941, 564.9819920416305]
car [37.597096357075046, 498.93552710161003, 419.4392730541913, 652.6008627694017]
bicycle [866.2703397249677, 535.8139449598033, 912.7014923013464, 570.7918544727778]
bicycle [866.2991620037903, 535.785093360819, 913.2764569676568, 571.173161926233]
bicycle [920.6936549395379, 539.805522481671, 934.6327512058142, 564.4500110177373]
car [353.12681234462883, 512.6156969458046, 483.6294826011203, 556.7387996871238]
bicycle [1009.7398893368734, 555.4792302663566, 1049.503285192927, 580.6002835131252]
bicycle [976.7789445755197, 536.8433611782709, 1029.673283477142, 576.5170816404211]
