car [524.0966230034588, 535.6976751135039, 570.2012636651154, 565.5015802777873]
car [1417.4582744835793, 527.8427120190423, 1600.0, 601.9296185707609]
car [629.1254019916784, 532.8406305932657, 648.4432123568606, 548.291780065202]
car [286.90321169048326, 532.6362302453971, 338.4869872580315, 559.3131357530715]
car [486.3841232023703, 532.7584742375848, 523.3592840527933, 554.0874256442836]
car [796.0150547590431, 528.9741026058296, 872.459439430628, 557.0663899803222]
car [108.67608697314529, 509.2293350331288, 216.12046163872267, 574.6808627502529]
car [692.9881964313167, 530.9650953807378, 714.0263596339021, 551.0146196212894]
bicycle [1333.812342007714, 544.2640631101553, 1421.37552832101, 583.9785841135075]
car [558.6005785133218, 535.6578357993028, 611.3407469446598, 577.2317471495109]
car [599.6063788319897, 531.9096935860141, 617.7166900177237, 547.3388428939636]
car [1065.7336615647423, 502.7480223463025, 1383.1689128309974, 618.6707598375438]
car [695.5034368759134, 534.9919088249598, 717.8039262061935, 552.9862854553559]
car [405.9179056098513, 533.7957300233602, 464.23274190756786, 564.2950871635809]
truck [433.79409369693013, 504.3490450754008, 502.18634350065804, 559.1248237810206]
car [355.375447940206, 533.5842114262999, 427.93022967045675, 570.4301334819825]
car [189.94379626532842, 531.382248817561, 260.4067103596132, 565.868933910005]
bicycle [850.4048564058262, 540.0666055822705, 898.848531257645, 570.2411486700458]
bicycle [845.7204782056815, 539.0881891327034, 898.4337132544517, 568.0815698030212]
car [17.363281899948795, 535.8369049605938, 139.05275656250342, 581.9273085315497]
car [290.8474275712037, 533.633912222478, 388.51274459698647, 581.2239757750401]
car [240.14272455364804, 539.2772869841664, 299.0557028825846, 563.8039017997552]
