car [1416.8741375353668, 519.6497314154401, 1583.0427068191045, 559.8703101030715]
car [589.8754083304976, 501.42688003608964, 667.7053232517745, 566.9575596985815]
car [200.47577198097642, 492.3034143101556, 481.1174592707079, 659.1148500593528]
car [1360.7832047716868, 512.1664803277777, 1529.0439975641193, 559.2431296733017]
car [683.0597917425004, 507.4203589196885, 709.3492215122103, 524.5340641730174]
truck [877.0935424572698, 478.8971200596974, 944.5433059918165, 528.7730706536668]
car [701.8633731637049, 504.5183027006476, 738.9029949093655, 527.8010925863283]
car [0.0, 484.6636647572709, 331.7130004963641, 888.3081235023305]
car [1098.1324848954605, 507.1575788090584, 1207.6132478252302, 551.1316620087097]
car [860.9707911122158, 491.34829832281224, 1044.6452175933716, 591.7173692470182]
