car [911.3563270066085, 526.2094578315814, 1173.4417525431568, 666.7454615006592]
car [716.4981858666703, 519.5492103858907, 991.2205410546243, 688.5414237736649]
car [445.41808584813106, 547.293179579789, 662.7496674430375, 719.7236587835408]
car [546.2308223351537, 522.4128000042475, 678.3260266863135, 608.1201177081075]
car [527.4836310562697, 525.388879490739, 599.3767506369189, 584.6092513412448]
car [850.5425397569679, 543.1663744810825, 932.4340782298462, 589.141562220995]
car [503.55686304159974, 539.9959450498133, 563.165346393635, 583.6701207404657]
car [1219.344672228835, 562.026199905995, 1328.5973404664016, 604.3339438409703]
car [622.3789806826959, 530.2219878215989, 795.0513930182323, 634.221002755238]
car [696.0262908000116, 535.82527771113, 808.0377151272222, 607.6935171352502]
car [409.65391867475114, 540.1106585398942, 576.3351688364223, 653.4558039062701]
car [445.84367775507735, 538.0575411860216, 522.2841257587993, 565.5927341755704]
car [292.65230078565645, 533.5174320744077, 375.69387050141177, 562.8934918980068]
car [1072.30504118155, 557.5721371655384, 1145.0904921380072, 591.822867933855]
car [413.08681426485816, 521.9683983902131, 527.2136200977657, 622.904679687163]
car [406.12900116540794, 532.1256445497959, 490.97892764225094, 600.8819648602272]
car [191.72568774302007, 526.9016454601103, 252.2296033449024, 564.212972107395]
car [1131.674978451038, 553.6894233084214, 1418.5499566327976, 675.7300920782479]
car [1592.432139461727, 567.8382455616342, 1600.0, 668.0916873943131]
car [1188.9173486573338, 551.3860370770171, 1345.2609411540914, 627.3100966543844]
