car [0.0, 524.2313351258017, 205.829839048281, 626.2526562867164]
car [1376.2638461844765, 500.87748528917376, 1600.0, 575.5545060608778]
car [1053.0203187250768, 515.0559419863323, 1270.90021574177, 576.1869850741234]
other_vehicle [331.15309869881395, 512.7698421751123, 399.50706935735644, 552.1959742010129]
car [774.6639270069305, 517.5980274497988, 903.9538341773208, 567.4623530897351]
car [537.7117254145122, 493.259624916431, 805.0049646125175, 748.0466974706726]
car [1160.5329155398551, 506.1307486342715, 1284.150561105024, 549.493634797518]
car [1585.5373745205773, 518.2513906350995, 1600.0, 574.143365925518]
car [1016.918918913447, 519.5074448888378, 1186.757238773274, 572.267973619862]
car [1562.731896336525, 511.4686964863965, 1600.0, 555.0460709388727]
car [0.0, 512.4565445291568, 102.47147933484231, 894.9155420742503]
car [397.211347493594, 533.244250547608, 498.4750128913695, 569.8644933027066]
car [483.23825531524744, 514.5301781410769, 613.5312330094572, 570.7440867131074]
car [9.95751355100877, 530.6323689095367, 308.1169605502519, 660.8232560794795]
car [0.0, 529.4468324741302, 55.546449772111025, 608.3317691339261]
car [504.0825211354995, 522.9596921960832, 532.3668255784269, 543.180993486102]
car [157.8101346965381, 500.48293507168404, 486.02024063632183, 703.4860049193059]
