car [726.1784800347251, 521.8087345843194, 833.3529537143459, 590.4659742677983]
car [539.7324477222116, 516.934793573988, 749.992013017862, 708.7022292410198]
car [419.1805687903043, 523.3723112383416, 491.1171644675724, 569.2762804893326]
other_vehicle [277.46248233038636, 507.90282608644617, 354.7148609750434, 553.2689636599795]
car [869.6450161096891, 522.9765764236668, 1564.9890162476552, 884.1720914736251]
other_vehicle [117.01236817008305, 502.2969780893512, 244.6662779668685, 566.1521290199853]
car [231.02662909271982, 510.8705075881801, 471.92840603615775, 664.8822664346238]
car [699.263194109321, 523.0418007609729, 749.7964926791298, 560.2095757507576]
bus [582.953310491698, 446.80564373259426, 706.5149813493472, 590.0929059963843]
truck [466.09027997609957, 455.29034759478014, 590.5386504382915, 574.3521174335402]
car [709.0012371315743, 526.6412356861101, 779.8285774295123, 574.8445199860474]
