other_vehicle [869.3469291631828, 489.10230173820537, 936.6483623007076, 529.4898744400431]
car [421.70938080623546, 504.29360037195113, 529.574744841838, 580.8643104811036]
car [580.7352578058844, 503.7602199902268, 599.237690780692, 519.9943507711639]
car [716.4098835417763, 500.2732060050798, 752.0988622410066, 525.0990606466285]
car [601.2450971382407, 501.98194668079356, 656.1571948296396, 547.8615553950256]
car [665.6990621082025, 500.48281401895923, 707.3587355704403, 531.4188452873806]
car [495.467000899036, 501.70053647421537, 565.2236911245571, 548.9178433913496]
car [947.9872958618545, 419.63969370517833, 1230.153225512101, 710.9847617984934]
car [470.21244882104753, 495.07734074883183, 551.5602600911743, 560.3701458994693]
car [828.3114454014968, 502.0464090900196, 933.9873528838478, 562.6453847830603]
car [528.7462120525428, 493.0904681777866, 578.2334333522617, 536.1846519658609]
car [0.0, 516.7135996289473, 244.8482506641388, 900.0]
