car [1361.8326732964945, 543.403121282079, 1543.6170441625131, 597.0700459383855]
car [728.3215247814397, 516.4384011729865, 791.9791317070619, 551.4982315886631]
other_vehicle [635.3747961417067, 500.57728414342125, 723.9865070461036, 548.7539075756274]
car [95.08941785700243, 519.3917690298043, 194.75010316170147, 556.2865437321664]
car [1208.7414300350888, 534.0801610542882, 1348.6972991801688, 574.5668810951445]
pedestrian [0.0, 508.11627316664266, 12.343681447531765, 540.3583316556285]
car [1083.2984494775271, 531.6323020370467, 1135.899910413454, 564.4203566572166]
car [1204.3550553317368, 530.5450761443811, 1326.233109375164, 572.0949043003532]
car [115.98753767840729, 505.1715826249262, 258.3847493502193, 563.0503361539228]
car [614.9256320039333, 536.0303939058246, 772.2662824409404, 588.8066601695384]
car [707.1959941955058, 489.88544972991644, 775.7514596086871, 525.7388818131872]
car [442.07642848822053, 509.90011720661926, 514.321361492813, 543.1963563355044]
car [659.2504524062792, 517.6469571389637, 802.1932887910228, 570.3529502578464]
car [1266.648114060598, 534.6128820448475, 1428.2117133336765, 581.5832391736443]
car [1340.264830487677, 544.2974965390555, 1524.4378167080004, 593.1417672471946]
car [1273.8519331159075, 539.340012582687, 1443.0700295081836, 584.5727412678034]
car [716.1982101670087, 515.3291718566842, 853.275794602332, 568.901317092913]
car [0.0, 508.104743185749, 86.25885172020591, 546.6070898986467]
car [420.8052271364983, 513.7418728385036, 515.3485674935894, 555.2353326930659]
car [0.0, 490.17699944245135, 541.9636701963822, 891.2244261426628]
car [167.5245489430553, 510.8428115497274, 291.62253503596224, 558.2364856287934]
car [1142.0141230898225, 534.1499737026861, 1208.5948185507466, 568.0723552229372]
car [562.0034139064406, 531.4332622669211, 737.2000018938654, 592.465271107897]
car [243.34161621603008, 494.54480326356105, 359.5623029032141, 543.3411255817139]
car [320.04304335874747, 505.8580566307943, 422.4824384980266, 552.1817187758726]
car [1252.341497385447, 532.9111621735055, 1408.307484422074, 578.9053412127162]
car [1355.304052641488, 532.0174229026327, 1600.0, 606.429270368943]
car [1517.6166637662948, 550.7828524286622, 1600.0, 594.5340434496494]
car [510.70277264254196, 517.1647781166361, 593.0558502616948, 546.6493475383534]
car [594.4189602571709, 508.674932543395, 665.9702514448877, 548.4920255628872]
car [240.12960021052768, 510.98073984051405, 375.01761403322706, 565.9723968736902]
car [456.6489606116872, 523.0577496690852, 595.6411935236453, 575.8182539967556]
car [791.2002163472341, 528.4464162990444, 996.5581873692184, 605.0247508228109]
