animal [881.620187315605, 603.4064192894559, 936.4389111135625, 637.1525098255265]
car [297.3894767020362, 505.5790146539635, 469.29022829834787, 588.5684042320655]
car [205.43152861269843, 523.3457157277242, 332.7735831045475, 575.7326281880063]
car [431.81078434606525, 519.6513244357951, 638.0460174843888, 606.3786511019272]
car [0.0, 514.5936826014222, 53.409850856159096, 548.3127489460556]
pedestrian [1470.1947084054027, 490.8619499222561, 1501.990095811077, 550.5860673236085]
car [1594.1861316895124, 499.69257879069573, 1600.0, 552.8743666305875]
pedestrian [590.2141133606942, 498.6257840114259, 707.2484185191582, 677.7074634757021]
bicycle [558.4936108473051, 524.106729193598, 656.6885433747186, 590.9931029226923]
pedestrian [1508.4540839441247, 481.7569153767719, 1542.410755853459, 544.1489320340571]
pedestrian [705.5185489682057, 478.5094722582843, 822.7613534828002, 677.4596606316838]
car [0.0, 519.4843451974853, 162.3713665044128, 573.692766263011]
animal [860.9699110923181, 651.031550675628, 949.6658013251778, 705.5689810902086]
