car [1127.096285664821, 512.8553209910899, 1276.0196707759328, 572.2508263734442]
car [573.6318262817526, 505.20102333141944, 677.6268324327359, 592.3844730721935]
car [799.4674581294734, 506.58224999853775, 1080.951813281768, 673.3081147451925]
car [0.0, 501.6525052857974, 354.9184265337621, 900.0]
car [1068.8964276381828, 515.1963207943302, 1171.083403941594, 558.6735817041304]
car [505.64908926556257, 496.2531113275714, 568.0333821863122, 547.1911684452499]
car [211.38132970401313, 515.6229306177124, 469.29276462204723, 656.6826034547606]
other_vehicle [972.47929270705, 489.54524956364173, 1074.7141677534873, 543.0016733142526]
car [730.4664092770489, 509.41151772284024, 776.4167124249083, 540.2275149696967]
car [485.559867205081, 503.14882854863856, 558.1293816641229, 557.7648818046252]
car [558.9691103108711, 498.2610268527392, 593.8292027233306, 526.8267335957147]
car [1504.3183227777229, 520.8986278913046, 1600.0, 597.8219341401484]
other_vehicle [1052.9458843235366, 483.5361851254123, 1203.6737996488368, 557.0357606261429]
car [1267.8404235769358, 509.1780526470004, 1501.853826756594, 588.7002587892356]
car [550.5290501451587, 499.53208270108854, 586.8653377031181, 530.2446464716514]
car [694.9572687378699, 509.4547619897951, 724.2387024727212, 528.9413713694192]
other_vehicle [927.1165332298771, 491.07852304880896, 1012.2776732784711, 540.395341240812]
car [651.917775881702, 493.3760742241578, 688.1980437715785, 529.121856259976]
car [865.1852753564466, 508.8781724426397, 920.7996106051445, 539.991448789925]
car [536.3262049624514, 498.0353658410959, 579.6645825918683, 535.9320298733702]
