car [0.0, 409.8855404448371, 675.001907167594, 900.0]
car [643.3272626832015, 492.3765513304987, 738.7922800916858, 536.94754877085]
car [232.7729610678148, 507.8210093596918, 413.62455996568406, 599.1247135103647]
car [781.8989834340027, 503.72455404401654, 886.052341799047, 561.7749192416233]
car [1194.5247810237101, 434.87439436527586, 1600.0, 642.8504576218332]
car [843.4513311782126, 458.21749093512267, 933.9725617138866, 510.0478814446093]
car [258.7848542277272, 501.1304791838407, 482.05705616476587, 588.2831029814994]
car [887.6458075896547, 488.28639316488005, 1235.6156953531217, 593.1992072947113]
car [1169.2801774369134, 526.5507660665756, 1600.0, 900.0]
car [381.7890588227576, 517.6810232721679, 530.127816711694, 572.0423134366862]
car [644.1893224968743, 504.52071955848527, 1021.3520681348675, 623.159037314038]
car [0.0, 532.7809044372291, 48.53501619369371, 589.5147493559881]
