car [611.9999383073243, 551.843051548106, 765.266903166167, 625.4380488780254]
car [460.5805056060269, 553.2413023474896, 550.4327222259478, 600.8713825312545]
car [591.9771672157889, 549.7686485206025, 710.4453519072084, 606.4854072180307]
car [360.5243931334585, 555.7311995716889, 410.2444839998951, 581.9654874040186]
car [425.915390407342, 552.8264058121435, 491.4310100885895, 592.7898224415019]
car [0.0, 558.3272813988924, 463.5279512076822, 900.0]
car [824.1059304833431, 557.8642221272078, 995.4926609470997, 624.4540781879007]
car [389.22577503700927, 557.2678092962748, 448.36486213362974, 586.3514722456854]
car [529.4208172419604, 559.1660323306007, 633.0902380823644, 610.1595376566706]
car [699.8500529644028, 562.2910362071893, 854.5787444564761, 620.6905073603801]
