bus [917.6843372717958, 618.2235578799337, 1147.3745424111885, 872.3222338430155]
bus [1315.652199330473, 227.02111358061418, 1600.0, 900.0]
car [438.58253403357423, 757.2041708622571, 737.9004455685014, 900.0]
car [0.0, 736.9124716487329, 242.4681540072455, 900.0]
car [734.6830289559736, 732.0624830511044, 872.0348532306917, 852.0599584342121]
car [1263.3737735026418, 707.9337750994163, 1524.4427878333256, 900.0]
car [1197.2798155886312, 728.9519888246946, 1349.664509951768, 865.3414261474005]
car [265.5160390596737, 748.77692154919, 438.5935137850084, 856.2758862143321]
car [883.3848585058669, 759.6259921876676, 968.2641891799385, 821.3065386677985]
car [162.00970502057797, 727.2887692653618, 367.07733141019804, 880.4969721055762]
car [1299.902422966682, 673.1637185548736, 1600.0, 900.0]
car [0.0, 719.1294668756262, 13.440494492463978, 900.0]
