car [426.39951718671705, 521.6152484003343, 467.06714383725733, 547.467150790412]
car [759.8082925488873, 520.6171978111371, 832.6949692143877, 543.313220424699]
car [145.85340086901354, 531.7654567476343, 233.055251183238, 567.4496545970052]
car [315.46674181215934, 511.2570273977572, 385.0561152781468, 555.1171797214037]
car [300.9381226749705, 530.7823813268509, 344.47087155406905, 552.767492612122]
car [682.4866000753542, 521.5210034380233, 703.2399404663385, 539.9055167827104]
car [363.7496872362342, 526.693511308512, 473.81902859846934, 585.2543913206979]
car [928.556370905452, 519.7787638622569, 1097.7680424272266, 572.6189100875613]
car [1330.9951720748297, 501.7609788478858, 1451.7889560072963, 532.9540321609501]
car [228.55340922815572, 527.4851010155363, 309.61969144347785, 564.2846413824578]
car [1386.9325206551323, 497.20897408567515, 1518.8954171108971, 554.3439133231172]
car [197.03860689088162, 521.0863473926828, 281.5117353592278, 561.571171103854]
car [630.924738878623, 520.3820285502667, 685.9182526472041, 557.5037528936433]
