car [1016.6632901609257, 556.6858677083054, 1131.2769686514391, 603.7308981415665]
car [1108.9266763307262, 565.8427229215336, 1211.5889147207122, 602.8531744758953]
car [166.67002799378054, 551.2759805383971, 398.28819337535435, 629.9172353774744]
car [1349.8787436259497, 562.6413797895241, 1421.8895140324057, 590.9210170137948]
car [610.3209926680796, 538.826942787958, 776.5280698198122, 608.9105630851001]
car [1462.6639179334202, 563.9133900069337, 1535.41970827757, 593.2622941489633]
other_vehicle [0.0, 485.76046005821064, 126.8643243655964, 637.7275498734105]
car [740.8947929698649, 571.295606246029, 1470.1632551429316, 900.0]
car [1142.0267375404762, 535.2967050637495, 1445.782445468539, 679.2159917601639]
car [186.38284204863822, 541.1124041901347, 470.2704698005497, 641.1116994100981]
car [865.3006258497991, 557.0056910892552, 1004.5469674266964, 610.3456335476238]
car [765.9879272807025, 545.1484325815928, 912.6215430483018, 610.5000029098452]
car [907.9766336684752, 560.3875041689682, 1023.2772903705807, 603.6352743777509]
other_vehicle [1386.2872489562278, 546.0873572934032, 1484.1846447409741, 591.1324098091627]
