bicycle [14.012955714349717, 532.6475035546721, 113.6315387204515, 622.0759944832583]
bicycle [0.0, 560.9915783987217, 43.97683961196357, 652.5731110399043]
bicycle [0.0, 560.747923563889, 58.355090019332614, 655.4776578585672]
bicycle [0.0, 534.3673567143879, 63.93388713230787, 617.190475376979]
car [622.7714193597669, 501.1020210297736, 759.1023254565298, 564.3016442495984]
bicycle [0.0, 531.8901504126262, 73.45909973956721, 616.4040626108915]
pedestrian [599.8647977035332, 497.5185925768806, 656.0659130168713, 581.4446440096685]
bicycle [0.0, 530.4772893957579, 97.12467717848597, 617.7373275893232]
bicycle [4.806470166150609, 532.9629487272489, 104.1154880816356, 621.5102150596941]
bicycle [0.0, 531.5970746189022, 82.16917840489913, 618.0064815964855]
car [648.7203638429095, 498.3272294529828, 1011.6500431867123, 615.9872949423176]
bicycle [0.0, 534.6812675865551, 54.79603061222148, 615.7501703714844]
car [648.4737263881498, 445.676069204442, 1423.7992985551855, 749.5468748406603]
car [1452.4596528247994, 419.4845415591827, 1600.0, 562.2203480199968]
