car [763.4160219835785, 498.8150270052191, 806.3000065229297, 524.15418569611]
car [1129.9705916394037, 517.2708852703541, 1301.6063727461826, 572.4365814054281]
car [1101.5076084595676, 510.8324536302129, 1225.5248849967613, 555.3557658336952]
bicycle [649.4219307601473, 495.23683898238386, 673.3070880498536, 521.7659098145731]
car [235.08068701730372, 497.24103842587795, 305.2769790030792, 520.8254371015843]
car [779.5134369156473, 496.72053751331003, 831.9553038355881, 526.5873801932759]
car [947.0010578343238, 504.14511637731255, 1007.5942844646387, 536.2887772392857]
car [183.61041089219432, 496.54298592181226, 243.77785558708572, 518.1215240393323]
car [809.8892037440384, 496.30089536518244, 875.9766835388033, 530.9477513877741]
car [0.0, 510.1890867864806, 398.6317137891597, 782.2936580905005]
car [1038.9047012346116, 514.1113769586839, 1125.7594420043276, 544.8944995252556]
truck [772.7755632557341, 480.24834405081754, 827.4504115305614, 521.3393007671797]
car [268.9269459634178, 504.3764701523464, 470.2820976251388, 641.6632796939067]
car [849.5344935310635, 501.61587300339346, 928.7449516878046, 542.8601656815259]
car [1189.8576769314416, 513.281163797827, 1343.5207940756175, 570.8079527519724]
bus [1300.819641637385, 450.0281317979887, 1600.0, 606.8129291537126]
car [987.9979997389793, 513.1508528615317, 1057.3551040839923, 540.0819573935404]
car [923.2526049574384, 507.04209926835057, 975.6387687583126, 534.2567308694488]
car [568.6824674479582, 500.7521987667834, 650.3044704572801, 567.0186385574926]
