car [558.0860294244369, 526.7214489073717, 612.9309683584714, 564.389234247778]
car [1445.0466659016852, 512.6337931055631, 1600.0, 627.1418823887741]
car [1079.7161370385813, 532.6738203260785, 1600.0, 900.0]
car [691.2771401537684, 525.8495788575688, 721.5598833967912, 547.3892272118654]
car [1277.64312829255, 485.92801876878696, 1600.0, 658.0485709502452]
car [768.6026492310807, 526.2637545977315, 898.2313213750699, 626.4552824582524]
car [727.8596525381508, 525.9520364919326, 800.0245382793602, 574.9007773626328]
car [707.9524893479979, 525.9563008384541, 775.5125173762551, 567.3947524387335]
car [729.1109952999535, 528.6321182677394, 827.0544267081191, 589.1791832473041]
car [484.9889234885786, 529.6109082650609, 541.5496943198183, 563.5319340296415]
