car [0.0, 573.8851386248241, 32.720061597113656, 617.6705749940954]
car [626.3079215858959, 537.4911085091745, 648.070912021779, 554.2212687964287]
other_vehicle [308.77196185224204, 536.7280847074584, 369.34969725392597, 571.009569895106]
car [449.40712593409916, 537.1931467605816, 512.729569086982, 580.54087114614]
other_vehicle [32.558531307893794, 533.3842385211658, 182.74074287834583, 609.3219616314203]
car [683.4252533718027, 530.1514200169917, 727.9545759665037, 568.9503122511555]
car [559.6800168537574, 541.4325529391695, 584.1196452710103, 559.0986806680917]
car [730.7080880654921, 530.1197504509394, 887.1905550277393, 632.6406079332596]
car [673.1580183145495, 541.121733017863, 698.9924143771134, 560.7407160273909]
car [844.0053978019746, 553.4506654632888, 1274.1150307844073, 764.596511955849]
car [0.0, 567.5759427211419, 66.55903189033921, 619.2677107931966]
car [1136.5318434220414, 563.853604339097, 1495.318298163688, 846.4740893919133]
