car [921.0805833498049, 556.7623745378853, 1038.8024823272706, 593.6555380743828]
car [1218.47780442256, 546.2237973151734, 1471.1119637432403, 657.8554749758653]
car [1057.8507994710646, 569.1350926048977, 1600.0, 853.3649081152546]
bus [1102.6810509098289, 513.0615634281412, 1297.1134844655471, 586.4071380935436]
car [264.95815446942515, 559.2920167816553, 454.34724706637047, 617.9475978017349]
car [490.7211370519536, 522.9936478646664, 806.1771018393248, 638.3859558343922]
other_vehicle [0.0, 485.21024887976756, 189.6001043110324, 626.7131977985609]
other_vehicle [691.9378441840597, 501.1248212077365, 937.2882838369153, 603.7707216841156]
car [998.8569497379972, 543.2387567843915, 1127.2392139543756, 590.9048790130028]
car [819.0868000017468, 546.319589872492, 979.2596088141144, 603.6183002326676]
other_vehicle [181.65850957439568, 572.939301306555, 230.7425045675751, 618.2650697567428]
