car [873.1387845832278, 511.1561711500014, 921.5129066498907, 535.6148983564282]
car [737.5676389565097, 507.5415438801457, 782.3474807567723, 537.5562427771529]
car [967.9745233924543, 510.92761719717384, 1058.1846125879085, 551.8130605045815]
car [1366.514954071743, 527.7863102898652, 1600.0, 589.2205328818673]
pedestrian [170.73049566794984, 490.1676066199874, 241.23877194863417, 623.7679654897875]
car [602.5796179046911, 504.8475052107659, 649.1314134824294, 542.3489238667905]
car [787.4981303059334, 507.8546626241469, 814.0289195371629, 525.5555849891789]
car [1050.1616663079756, 518.8639114805179, 1148.9427347279739, 558.7816507555613]
car [815.7714037346159, 508.5686327213409, 846.8889154964512, 527.9340598235556]
car [1068.636302579968, 511.4710416758108, 1167.7432586539142, 552.2069034374988]
car [1246.555385194687, 506.7403600807943, 1466.1293927509817, 587.2055608439126]
car [839.7875254174553, 503.898902131241, 890.8479077098386, 533.0346328893228]
car [1119.183538667892, 518.7036877956425, 1307.0373499557004, 583.114284819532]
car [550.877862976562, 505.3006534893613, 585.9134476524039, 534.7369513978932]
