bus [642.718260215289, 481.60506437735944, 680.9076358472706, 521.4568245903541]
car [659.9378440107015, 490.2993673858277, 707.7607817852315, 530.8336763902821]
car [528.8059254961452, 500.94681935532765, 570.9484314363247, 534.9165145313744]
car [1233.3168915458316, 508.3569839665795, 1571.1905590629124, 608.5155827543134]
car [444.6220519435453, 498.71691662389844, 539.8223119492071, 563.6199749412525]
car [913.3150444782066, 479.2547601530744, 1600.0, 868.8756803070279]
pedestrian [0.0, 473.5876696136164, 5.713812218462547, 552.9309249672002]
car [539.5336739779841, 490.55229395648456, 581.037158953288, 531.5812724804446]
car [513.1050342660947, 490.3920341464343, 566.92020389428, 541.5963299705206]
car [398.24015801761686, 498.4705963128448, 512.2245895334439, 584.2127148139332]
car [691.3405084998427, 489.833968678263, 782.2184692073394, 557.9243862703263]
car [1356.105630534228, 515.120387312936, 1463.949792473908, 574.8677870478413]
truck [756.4151166004544, 441.3556017330181, 903.4389700907157, 555.8488659375869]
car [899.3702037867737, 507.3653737955131, 941.7864586485325, 527.1233035824143]
bus [549.9026730110654, 472.52179948578174, 599.9583880550133, 522.9135019918928]
car [564.9785525595563, 484.4567144472495, 666.6152974981296, 578.9869493262788]
