car [567.5175226092175, 535.973566839608, 601.8078163973242, 560.6073154290029]
car [368.7131576152625, 541.9035305133884, 398.673627247971, 558.7286606962493]
car [325.0043997373674, 542.6094034792654, 365.824432458471, 563.213437490017]
car [672.2570327996108, 531.4211434967727, 712.9065008194215, 562.0629103178005]
car [684.620391734254, 533.4288072113935, 724.7783117695101, 566.8434299665407]
other_vehicle [660.4227469316728, 504.8586653908243, 705.6285860148857, 558.5933501658891]
car [408.8267812224029, 537.0337096330902, 445.9252896348006, 558.378698488598]
car [160.37597908093807, 532.7294151086621, 355.9390279253851, 635.890596452032]
car [0.0, 542.9538308156818, 11.960887133972665, 603.4678514327373]
car [557.2254424383682, 528.7593762858539, 581.6415740157512, 550.9860082371154]
