car [675.5310631234711, 549.8524549672765, 787.5703523502285, 587.6774729996928]
car [0.0, 537.5082220490726, 191.9288826707186, 792.3513118024371]
car [674.3106710268564, 539.5808011347171, 760.8407941261277, 585.7112594306388]
car [574.554666311048, 545.817596108716, 658.7179876004782, 581.2300650833356]
car [653.1406359497206, 524.6833014382905, 702.9273369433079, 546.7762559212351]
car [0.0, 515.6542714363654, 320.76796784119716, 650.5206747667023]
car [1003.064933274367, 554.0649781189369, 1148.045764980798, 605.8613258950674]
car [1006.7306860855484, 545.7094693626747, 1106.910457766395, 581.5449950969378]
car [1124.8526268408432, 552.9957537250622, 1212.1543937311467, 589.5864714092028]
car [1218.0349569098908, 555.3379254639023, 1330.8907548612415, 597.9393193398586]
car [511.66565864255966, 540.0766595662261, 597.9302508301795, 575.4495764550784]
truck [0.0, 480.74026888253434, 391.22225967257333, 640.269568830334]
car [988.0692496702836, 552.5149342489634, 1300.3729883999342, 676.6258737357911]
car [695.7782276390946, 554.7465862607859, 813.5797577510439, 595.665689502887]
car [844.1784656736155, 533.0500579811926, 958.7133161163663, 578.6667234465327]
car [908.5518929446624, 558.0547715010911, 1023.7311072608255, 597.9158300761833]
truck [1168.057055455074, 518.0903070417664, 1345.730046087304, 593.4950256676378]
car [983.3505015039129, 554.3682177574151, 1082.3151353630226, 593.8129466032434]
car [705.8488200761352, 536.7707048949464, 912.8410825492383, 618.0433513510266]
car [0.0, 550.7163781569599, 18.91783020678044, 625.1727032635415]
car [608.7624606123469, 523.5209285896827, 658.0170925415952, 546.3587315074968]
car [1594.3395291379973, 557.2331520824039, 1600.0, 581.1884761615892]
other_vehicle [922.6597323798843, 521.0445309476364, 1025.3011182228324, 576.415722425262]
truck [622.7506458551351, 536.9421653079135, 730.9061534694961, 576.7726661579547]
car [1394.0113109106692, 554.44356801099, 1489.2021932281623, 590.5631359572817]
car [624.9790853201565, 546.6947485469284, 729.8533353524623, 582.2407744062727]
