car [1301.2611327554475, 554.787182030888, 1372.2089751718734, 580.5217003016451]
car [354.1494060456338, 558.320073351569, 516.1115346439635, 610.5116412595844]
car [456.43370337572566, 484.52594223223855, 995.8653887830689, 740.4144544910708]
car [1252.706038847673, 555.3927123308231, 1325.6992981543483, 582.5822211230666]
other_vehicle [501.39170903100734, 501.6609660232337, 763.1974977851231, 606.4013655016947]
car [770.774308739505, 548.5720021691185, 907.953250014729, 597.2308783003483]
car [1127.3114975971534, 553.7281654152933, 1210.0104134098137, 585.431524098907]
car [1337.1310545118863, 554.6651411703584, 1407.4024623024795, 579.2732857348258]
car [1186.5710267116824, 547.9958704208524, 1280.0359517447957, 585.7476580957743]
other_vehicle [928.4199623992581, 511.631150684447, 1097.953774838439, 591.1605688185182]
car [38.58864428251843, 545.1012871582835, 261.06648061186, 624.6732324052144]
car [1441.9711871844795, 536.3471417875609, 1600.0, 684.9087567039196]
other_vehicle [1422.9281745021067, 533.0611251029908, 1528.6323370877608, 579.9850984854896]
