car [927.8706865732746, 503.7501901002669, 1117.82120656997, 599.7992825615414]
car [520.8502558756518, 505.04975288728315, 576.6989496019511, 547.2236336530158]
car [670.0891019067146, 484.77808628906655, 724.9626647004013, 537.2720137795383]
car [397.6412202784279, 509.87206212106634, 513.3092616486427, 593.3035685000436]
car [448.75629422765115, 510.694709105572, 540.1828680485895, 575.310356093263]
car [533.4460790160631, 497.4492736652662, 580.6740371584904, 540.1531467156765]
car [487.1683258156303, 506.4125352596602, 557.4377650292487, 558.3903878277275]
car [277.06279779907936, 478.169814402139, 483.93393442465515, 646.5852596132386]
car [702.6288939654355, 499.40444529082566, 734.6148679851306, 524.3428575881136]
car [657.390196271511, 496.62999817892324, 686.7524139889291, 525.1526347035363]
car [772.4730697772593, 495.81061174584835, 857.6067705120969, 547.7711446657084]
car [599.047187154726, 503.1059655420364, 658.3555348168717, 552.6172528894059]
other_vehicle [551.4345007404576, 475.55671926732583, 597.0249247670337, 530.6372591574595]
other_vehicle [568.7947600258809, 490.3689714533077, 600.8557881418101, 521.9785875343108]
car [0.0, 512.6734739559605, 373.6472294481552, 900.0]
