car [102.59549082529786, 463.973866988809, 238.91977190671986, 510.3439643695197]
bus [642.3117308893377, 458.17222952693015, 754.9786989717828, 568.2430915359423]
car [1069.3441041691494, 467.31791496825707, 1600.0, 771.4258679138587]
car [1292.1046423909693, 531.4272318006846, 1570.6251657814585, 616.890280834562]
car [528.9165602577435, 491.6756775724362, 675.6736431540611, 631.417213444699]
car [735.9851201791586, 510.7457641415522, 792.6007616628705, 552.2398105766257]
car [255.8221261172954, 487.44749768061376, 376.6911687172446, 528.8879897986553]
car [1.248661420134536, 453.9689890977416, 120.11124140929199, 493.6678671504709]
car [1005.0572280484379, 505.236156149422, 1211.1175903959538, 594.0322500079377]
car [896.5451956882889, 500.48373385254956, 1029.3455536659494, 568.8374647008962]
