car [685.1253954782602, 538.0071540754404, 731.2234512678649, 576.7012846636277]
car [489.0767115414213, 540.701534840216, 557.7369130878293, 588.7390899179803]
car [676.3218584559307, 538.6122408908761, 718.2780388437025, 568.4643200396089]
car [710.8446862035188, 522.6849798025272, 802.9437588413631, 602.5986049026882]
car [618.9369857009801, 539.9741886521894, 648.5983206870677, 567.9702583397996]
car [69.77346292631739, 551.7597934650578, 165.8060245752931, 591.5060847203927]
car [233.1173709517575, 544.9333351605393, 320.35455705602345, 589.5890392324822]
car [1055.7721967727962, 515.2835512867492, 1317.6630831196496, 622.3921717097513]
car [0.0, 553.5941116778426, 143.89698477110707, 618.6435591153703]
car [92.81741581640539, 549.2447486227351, 178.90008409626444, 580.3743109029537]
car [543.3001454821041, 541.6249629285829, 572.3824578404292, 561.828394569168]
car [315.29142181813546, 542.8303879212746, 377.8588631585018, 576.0492198389696]
car [3.382043981321533, 545.8886532644026, 92.4306311535805, 575.6945504756313]
bicycle [919.9831893635968, 517.6792344496804, 1002.3222791751355, 630.7390155335726]
car [1161.0645045860877, 527.2385007036337, 1451.045863116663, 622.2098225107701]
car [733.7496152944982, 526.1295877392569, 862.53503400468, 626.4188373591571]
