bus [1581.9181142990017, 548.47838987564, 1600.0, 594.785680657195]
car [1425.2310010245192, 561.5250706535802, 1480.9538745677967, 597.6442795633086]
car [566.7166639115504, 492.1920469983767, 1008.716476652394, 719.7670615573949]
car [902.4967431404704, 545.6168999408887, 1054.3047320805654, 626.1713943899341]
car [0.0, 547.0025185012563, 5.371639353727341, 586.8281813360322]
car [58.04302946871058, 553.0192830885663, 126.0228098991211, 584.5887022313135]
car [92.53822515473945, 553.6439245841183, 169.3530824719493, 588.9523811522987]
car [899.0037287551263, 564.2253953038168, 987.2948159345698, 598.2180752310662]
car [0.0, 549.8632510196417, 62.21438832779702, 599.7514632881127]
car [1369.4768343622227, 566.2480527493293, 1456.4489930551015, 610.7615079031201]
car [1225.963688691933, 560.698490494199, 1280.883218912639, 590.431627376375]
