car [0.0, 526.6343261432372, 629.3357021145406, 900.0]
car [719.177023360534, 523.4528868962147, 1090.7117368657, 835.8098533716222]
car [1174.6470150364266, 518.0551991254614, 1226.6241955032808, 550.7689907803112]
truck [851.3343802585734, 397.8955736808511, 1045.552218239671, 646.1902870121891]
truck [1028.2558595037751, 400.50097180587994, 1217.7651341269343, 613.14945355836]
car [1213.0796018408748, 498.1059165189206, 1376.8609433361032, 597.1288638801448]
car [1355.7332078623494, 521.4321668509729, 1472.416047730241, 582.2492769206732]
car [848.0985314601427, 515.2860300730847, 894.932085116804, 555.4740529322906]
car [518.3869876323971, 524.629076921283, 755.4710268368599, 680.3476113792047]
car [683.6362383188848, 523.6514016350449, 816.3424305727397, 622.3656923205367]
car [1128.2330712195726, 509.2908564448268, 1215.774576324915, 571.0423176064958]
car [1290.483249443607, 489.97462952074613, 1600.0, 900.0]
car [1006.2359106199978, 516.8856778164086, 1066.662509380228, 567.9114969859363]
bus [706.1004310936169, 444.2838908456956, 867.4575916289955, 594.1241738300054]
car [814.6329474824599, 517.9704523016052, 877.3120301857193, 565.6523538780681]
car [981.0882959338774, 513.4446014390661, 1017.7251142205159, 544.5662664504102]
car [1539.1347102691484, 489.54394024804566, 1600.0, 659.2744901185988]
other_vehicle [861.0214817877234, 484.73738409581216, 908.7563199475451, 544.8123185714189]
