car [653.1251399727453, 507.1075042567045, 694.7754353027611, 537.5625659139423]
car [510.0224734814261, 510.27512304125815, 563.5770436404679, 551.5921298074209]
car [447.03551035957685, 510.4016462857745, 535.7287611301089, 572.3840043741393]
car [535.7751472470941, 503.2217275553478, 574.9216700298624, 540.3933906025488]
car [589.063147894587, 502.28214344230827, 671.1197791574679, 574.5518562169182]
car [484.3799177129252, 508.2833195667987, 553.201310358348, 557.7851700613377]
car [1329.5816437070503, 526.6322159999143, 1496.521685321926, 579.285126697585]
car [382.32577942817795, 493.4546717328713, 522.9779826962535, 600.8001392471242]
car [1028.6072991565702, 509.81257163090334, 1474.3956375199916, 685.8961254813785]
car [682.0010909516335, 505.78598172876224, 745.7679615786914, 550.9942555123775]
truck [0.0, 53.55030869825518, 514.675166588937, 900.0]
car [777.6852773388605, 506.52463765696297, 859.2690314149655, 554.9224411122847]
car [720.9404872713358, 502.7973813277981, 762.0413827751173, 530.3182011006091]
