car [803.6174469864525, 497.3866726672175, 897.2295915798283, 555.1288284563545]
car [532.7919689689558, 492.3301189732521, 578.5828703014478, 532.1959650566881]
car [472.62820457445, 503.19591796502465, 539.8124646628509, 557.097238317513]
car [645.7129411583459, 497.70938109861197, 669.778007760127, 519.3710346924174]
car [893.2157618337172, 398.1155083647906, 1600.0, 900.0]
car [1203.704953799996, 506.9823375688648, 1337.454946092134, 559.8435041130065]
car [1361.2819884863889, 520.7281959287376, 1551.858923938578, 579.1734826150998]
other_vehicle [535.3156939856768, 465.65982640665993, 595.8352475139602, 527.6648091843233]
car [500.03977570566207, 500.54933598278666, 551.9745948668494, 544.8390183970165]
car [514.4163625160782, 500.9433853099594, 562.7949372692166, 537.6151328130007]
car [1470.9218724196198, 487.7109342499265, 1600.0, 614.8529650126909]
car [581.6839980058817, 496.0902387155434, 651.4431772350598, 553.6293740699522]
car [426.32577925545513, 490.3360819670137, 483.17728515292595, 509.38098935289906]
truck [661.1960704231989, 433.0345021411289, 764.5846948585473, 545.6210969412592]
