car [428.2444371676108, 553.2773549144869, 535.1569744927842, 619.1003943461296]
motorcycle [514.074327614922, 579.6217904348733, 560.910576281781, 611.0938779694218]
car [921.6353437849415, 557.5386146262922, 960.8756721329369, 592.0143578872451]
car [0.0, 598.5442878323278, 66.50600872286161, 665.0691299449176]
car [934.5216522624063, 551.9339818997129, 1001.5619948436658, 616.4893430257107]
car [903.6593922864622, 566.0241315210668, 934.461054667554, 588.5422412692268]
car [753.222972890385, 560.3765720960057, 825.4006324557341, 608.4336066525768]
car [849.2344950311779, 563.2839808646914, 883.4204063036874, 593.943682238574]
car [1036.9067761110045, 548.0292659276255, 1098.6241926768053, 605.5705687546972]
car [528.8450402116057, 562.2220690669436, 693.1349929260975, 655.2381588967132]
car [56.585177173767974, 574.2965519132364, 257.65112120646984, 652.1060603479394]
car [630.0834355909955, 546.1791565844194, 830.3944479493525, 695.6035478800585]
car [1006.4047147283065, 550.7675574446783, 1057.132116253669, 595.2960569316347]
other_vehicle [598.5986013275245, 550.8056346031138, 683.8651664889212, 599.6290524771784]
other_vehicle [208.41568250444413, 539.7669767757891, 396.28180207422304, 637.142629688355]
car [348.7712127814329, 569.1415527876684, 456.54819615927346, 624.878063907679]
other_vehicle [516.8789590921504, 547.7485213452414, 643.355280751054, 606.7607450276655]
