car [520.2709990267234, 498.75430694783057, 796.5452731745152, 735.2345383857445]
car [538.6704091235258, 501.30456573083734, 588.0239898909844, 534.8082648435052]
car [1062.0209259416588, 475.0469401105093, 1596.4899316651272, 712.4621196065578]
car [1303.8540893178574, 513.6202407516164, 1600.0, 688.0678465088627]
car [507.8694487006399, 490.9335094942471, 577.2952501648622, 549.5381403329849]
car [1588.4000640996558, 486.4619146423281, 1600.0, 573.0027846538754]
car [866.8951118240377, 502.4231757336905, 1430.6222195994887, 808.5059348756486]
car [746.8835539014991, 498.62589915489224, 921.292453035384, 615.1846672999426]
car [133.23075860045932, 508.6355083873041, 448.3687092594548, 724.4043944382654]
car [507.8694487006399, 490.9335094942471, 577.2952501648622, 549.5381403329849]
car [271.96275755514984, 419.5398234615919, 528.6912648620687, 632.3469331295915]
car [579.9701039266549, 500.55688306419967, 610.8523049839354, 521.8896554238357]
car [887.4891776360706, 493.6957242664784, 1057.9649827980677, 588.2553017155595]
car [992.8936560926655, 502.44599322729897, 1094.1316504452632, 554.3145059352846]
