car [0.0, 512.7121549936797, 278.40747405749283, 820.0223564759408]
car [616.5343955432637, 522.2288116521376, 1087.4606961692082, 724.0304401267871]
car [414.3968812832381, 500.15381304704084, 514.1747345227247, 561.4048012733778]
pedestrian [651.6206693280142, 517.330570862847, 675.5659445904801, 561.0222891756451]
car [661.5237062785778, 482.50043192278144, 1600.0, 900.0]
car [230.2002751699783, 519.0887789163792, 541.1737204091885, 646.7848212393172]
car [0.7724743725928771, 484.8902524698329, 390.0618660937639, 681.5369220097532]
car [469.0107459068394, 519.858315070945, 1600.0, 900.0]
car [1178.0664433954796, 533.4345744598005, 1358.7505484803662, 615.9542353776517]
car [0.0, 500.88216652887047, 5.980674650006597, 600.2668675772803]
car [287.4563779902644, 515.7363907048492, 424.76911946700056, 573.0077304903363]
