car [883.9408088530342, 741.7768671881845, 1079.4961447667267, 900.0]
car [1215.6499118585139, 714.1932623339786, 1402.3044122128972, 900.0]
truck [1175.3716262076448, 621.0359281510099, 1394.9124780134098, 890.7907504437308]
other_vehicle [1239.7548255733102, 587.0622302328993, 1600.0, 900.0]
car [1368.6965770040201, 810.4525645453336, 1600.0, 900.0]
car [1550.69327804414, 732.8894725288637, 1600.0, 900.0]
car [449.81187504091554, 788.0297280031214, 634.5075111161244, 900.0]
car [1191.709272903009, 732.5198711484878, 1353.7164598007594, 900.0]
car [1423.6600417003858, 702.6979242373452, 1600.0, 900.0]
car [0.0, 773.8933591520723, 256.68947696963596, 900.0]
car [772.3558555158912, 737.2187417546925, 905.6390815909327, 863.0867958089758]
