car [630.889514220691, 540.8523059382305, 736.4755058941141, 583.1815538818936]
car [373.86058166449976, 546.1989375432015, 441.7373437494222, 572.5943210938929]
car [1458.1492961279673, 531.7956833491324, 1554.4637391850408, 569.1045443908413]
car [1398.2802041345851, 537.3201793536983, 1497.194945873881, 571.3046828356428]
car [1203.1946273701383, 530.4007951849475, 1319.3238892932002, 575.4442505703242]
car [678.9528182330888, 450.30090583031, 1451.1278375680547, 900.0]
car [0.0, 519.1278011048008, 8.022291927937541, 701.1751473212554]
car [407.7164420446785, 541.7032683630437, 493.01538048805276, 587.3138535660826]
car [1552.4723279993896, 549.7968031890158, 1600.0, 647.4477148383766]
other_vehicle [1298.7311866224784, 513.9897322573131, 1408.6444920536014, 564.5412282182189]
car [1242.1173739291576, 538.5219888985634, 1493.1820282685128, 635.8210412769508]
car [460.26907236513875, 536.9240950787953, 572.1845161769725, 582.9592584939476]
