car [251.07775480547164, 527.2867113167118, 324.08110861454, 553.3193007264452]
car [407.09075183394805, 524.907603281899, 435.4675471765827, 542.5305828272112]
car [95.97997832034896, 528.1465017786355, 278.3002073944893, 603.2431340351022]
car [420.57545190761283, 525.6342526463468, 474.76533113034986, 553.7476762613223]
car [831.6049754929327, 543.8636666591951, 1168.969994221139, 751.0025816888063]
car [318.75092430891607, 527.4873078766961, 406.367720800137, 571.431924266138]
car [562.2011179668905, 515.265041165158, 682.5952047874432, 624.6618346329806]
car [709.4884423062239, 538.0937016262692, 786.3921177505276, 592.6700717565045]
truck [604.0868549939643, 498.35752577393475, 655.1294874011761, 544.587242176027]
car [728.5009701644182, 519.4225905167278, 854.7828783092284, 617.8028554253766]
truck [466.90381534357385, 511.78182474460607, 511.28314010352796, 550.1900787168843]
car [674.6819584635364, 528.1968219707958, 726.8568910610935, 566.9841942564574]
car [681.9416604356655, 521.6091296482923, 738.1934515832345, 572.5139835213739]
truck [425.9393290291515, 512.116254728431, 488.59995585523154, 543.8053776605072]
