car [674.1704611606077, 538.7726196299167, 728.7644190340334, 581.5819475261676]
car [219.62468362266688, 545.3750785240295, 291.33363020867375, 577.7146997194657]
car [172.30419625080216, 548.0792358910091, 241.12440084620442, 576.4036170463387]
car [516.7384230123706, 534.1557176500429, 548.5757914753056, 564.8381340998568]
truck [332.68311361900936, 489.69738101743894, 478.6767432549275, 594.4767093150596]
car [537.2043350247791, 538.153898804636, 585.3216475880251, 577.7113335493037]
car [669.2257921795044, 541.4921456189844, 714.9339005669539, 574.188887842467]
car [270.20134160061247, 542.9607013384747, 317.85117615109357, 567.6626258490762]
car [662.4907428401287, 536.7695833798191, 704.1934136137164, 569.4102718154396]
car [108.50857085716645, 550.0016861244102, 185.3565663879843, 580.4030820074141]
car [570.3140984908629, 542.474479528203, 594.6703842555054, 563.6852612050627]
car [0.0, 522.5072029892141, 82.70696947749217, 620.4461241523466]
car [605.7958722725714, 539.0472467821668, 653.7995406891515, 581.8380620322672]
