car [0.0, 479.5016819278195, 137.19874534913333, 799.5136300977192]
car [417.53198359927836, 464.7457431994568, 702.0209339138477, 719.0154308770395]
car [39.37101607870029, 483.4587522088408, 391.058648203201, 690.9553285336663]
other_vehicle [851.0526827531124, 491.4624982206282, 914.421259941162, 531.8368459261131]
car [1147.3929342121016, 520.3736193668018, 1271.346263344637, 564.3070116690634]
car [291.40262476477824, 512.9912914046432, 457.9525606226082, 612.0350069639306]
car [1052.8006416736494, 518.4747270389696, 1144.275087537509, 553.8607859035881]
car [648.9237644304413, 506.80966348609826, 691.4178427195022, 539.5907811693684]
other_vehicle [891.4876728711621, 494.62077790004037, 954.5785159976889, 536.0739821004747]
car [944.1294034675584, 515.9003766806135, 995.0102414331038, 541.4540182906532]
car [1281.5025777043656, 525.7396912389662, 1441.5849787214502, 580.197466906829]
car [737.3787907798297, 511.8700502070264, 920.9904853163322, 624.9648675515589]
car [987.4534127396241, 499.34796772302707, 1068.4852820534632, 546.1858323995614]
