car [629.2578634709123, 534.1415243876494, 648.7938542060452, 549.9896227578441]
car [701.1480593277902, 536.3053320716007, 749.5519784739183, 573.6546379565673]
car [633.4514564866776, 538.191569026018, 738.5718884100844, 628.099971704797]
car [748.99873062414, 526.2815622045515, 873.0978219405778, 619.4577543470328]
car [534.236388460498, 520.5169274176548, 604.2242773359683, 582.3875615223052]
car [672.1601636781943, 535.1723503538532, 699.81980534952, 556.6447163099749]
car [708.6419673369169, 529.2272795978259, 776.3674259599835, 589.2187704370639]
car [253.21925473388205, 540.8700526720236, 398.8357432430006, 622.9868422183184]
car [664.0792167485947, 535.3592473003933, 683.7876325175758, 550.914637803144]
car [789.4816128251155, 511.2814147009519, 1033.9806141724869, 681.7664719121336]
car [725.7495545276051, 538.4618232411036, 807.2707335016663, 599.8332491221748]
car [687.6461467580472, 529.3611460833159, 733.4478768788757, 569.7535684626706]
other_vehicle [298.07618084246934, 525.7285105773798, 362.6923385192416, 568.87957229459]
