car [153.98585922551385, 485.7300894931609, 269.15321710391913, 523.234841531874]
car [385.0699892530992, 489.51857818720873, 456.51771347704084, 516.2650503319725]
car [709.9004116171844, 500.4538192454852, 794.9535972074675, 560.1243565290473]
car [454.4052075881702, 480.3893928778441, 545.5588724063371, 564.5601998251012]
car [108.75626505889986, 487.3065347605268, 237.76685726623944, 525.1640979903333]
car [550.9133964984351, 492.019274718634, 588.5526296776184, 526.369229848196]
car [263.82252400047383, 484.9569400540065, 361.67626664925507, 519.2573631000622]
car [771.9422392261592, 496.3745879548603, 851.1571807638506, 544.8706123206101]
car [592.6164256178055, 489.43075225108146, 653.6787104570568, 541.5402837788401]
car [1009.2041760502282, 486.04617737503247, 1394.2785146685303, 649.9393420226155]
car [667.8810620562438, 500.0508762313441, 706.2555524831361, 527.4484110124312]
bus [478.10241817976794, 433.28628892271956, 580.7765696057454, 549.3046335973178]
other_vehicle [562.1365511938897, 477.24009703226625, 603.9815911822606, 520.7303402403543]
car [324.7733471678777, 494.87651561007004, 397.87818522558376, 516.351757963012]
