car [549.8001426161719, 511.66786677727106, 582.6203784978393, 536.4388215675417]
car [1143.1002134116197, 487.6060022951835, 1483.1878405200666, 613.3517181769532]
bus [641.4317426774388, 488.126262741208, 684.953851472734, 529.2390543482396]
car [675.3793151262365, 507.7372398066413, 696.2911037215346, 523.95729600845]
car [993.5729799110995, 506.64228379246924, 1063.404672740642, 541.0187078690848]
car [785.0218738694613, 509.5515657061954, 811.1609117042447, 523.4559468476921]
car [845.4833801173635, 509.4773032860849, 884.5005847015652, 528.9475365890204]
car [1038.3904046869752, 513.425113937212, 1121.2347419626917, 542.3142762134421]
car [539.8393154651455, 511.83043574187224, 577.473409622864, 539.1605559236916]
car [569.8214618995958, 510.98433177540335, 695.0911236260694, 600.8873001204533]
pedestrian [471.5446395848321, 498.961324111303, 487.7975977694286, 539.8104510355462]
other_vehicle [466.1077975375226, 458.74664721552716, 570.8925229966036, 562.8882011577227]
car [793.8828791197418, 506.51139027273325, 859.9641573042994, 541.2897125944262]
car [602.8732150711812, 505.5111075284083, 652.0582846378788, 546.0491723844215]
