car [73.35308892749958, 516.8557205922318, 448.2921743959232, 728.2909348598032]
car [683.2426881710871, 526.4633872938407, 728.4764073532834, 560.0576652334264]
other_vehicle [698.1724127390565, 429.8324516107625, 896.4979728283366, 615.2643419024798]
car [835.0385580734438, 501.542676559685, 1352.2340450889412, 811.2934506573156]
car [777.7092390084962, 528.2431441868439, 956.9321662574239, 655.2311010322288]
car [690.7544742630865, 518.4929446013468, 760.8280737650606, 574.4675140844171]
car [677.178590118237, 527.3344214450929, 715.0576616969087, 555.2922749742196]
truck [590.2242975762998, 497.8490311485602, 622.6623627062164, 541.3998137272322]
car [527.8234362384471, 526.4294382614211, 557.4558727420717, 548.4270983983884]
car [583.3860925204656, 525.4020892796194, 637.2947217410018, 566.9642370508476]
car [1057.998728393288, 536.9841379231311, 1600.0, 900.0]
