car [925.4063054235199, 532.0411621171772, 1146.0173524524546, 594.8500667519949]
car [186.99002181164602, 544.1968150663607, 267.16186350134507, 583.5482380544236]
car [1248.7339325027058, 522.1358466746567, 1526.3330484516105, 590.5274986979177]
car [1276.7383573588927, 516.0337496964886, 1600.0, 615.2831100967136]
car [77.16389552793461, 554.462154947942, 174.1563779471993, 592.6238440210968]
car [248.85455891705885, 526.9007596250915, 344.45425737024766, 588.1169964334158]
car [215.5020010500982, 541.8911469022523, 296.7552855420164, 584.5877052925817]
car [1026.88663725459, 522.85969799244, 1275.644068791501, 601.6795955432592]
car [329.02977208874023, 528.9714450429375, 550.5921654031777, 642.415612749746]
car [312.0273879831376, 542.318960555393, 359.5609919094742, 567.6762419102341]
bicycle [812.6566322097976, 531.461578627034, 846.8371366260501, 589.5748023697242]
car [1557.7967941053528, 508.54857396198065, 1600.0, 591.696448874751]
pedestrian [1590.600665374801, 470.9138787576086, 1600.0, 739.9240546796943]
