car [0.0, 509.1887990369912, 4.556572107275308, 602.7322039990994]
car [1490.3383635009557, 532.4020616682715, 1600.0, 582.8353744746559]
car [1599.9290068966518, 688.7722162151108, 1600.0, 693.581288804931]
car [1071.6994597279909, 526.6835418208309, 1234.5734585327104, 589.246369963554]
car [1552.7956164926645, 533.1026827717168, 1600.0, 581.7340360323611]
bus [1572.7344026248388, 510.7752475239182, 1600.0, 571.3604899655162]
truck [1061.3761232975933, 396.10166661056707, 1600.0, 695.6811607310743]
car [85.06456964237341, 525.0183571396371, 143.89075268487892, 558.2956387657097]
car [114.46229749225495, 526.9509647830307, 180.66953810871942, 563.1288114534512]
car [635.5840088662443, 535.0889975366957, 800.6961984530114, 587.8825873447058]
car [1026.0990402469595, 501.5737521800793, 1169.4621009701211, 574.315112753799]
car [113.0594553520891, 501.1486570218044, 432.8011395867641, 636.0269684771237]
car [1024.158003748671, 532.6472089168143, 1152.2411968661074, 585.9378677224663]
car [0.0, 522.1393046259658, 70.86321006499386, 572.1147805361319]
