car [470.27957327327726, 495.92837856112953, 542.8704164800337, 556.116886558203]
car [416.4982277338023, 494.9672488061093, 539.8689256395155, 585.8697333866654]
car [531.955116549506, 492.1401112983254, 574.2191137843577, 527.33237284795]
bus [658.6371677699412, 453.5280727228435, 747.1693370094023, 534.1835980859439]
car [515.4543977970583, 483.8164439700081, 571.7400877579659, 534.0522131465021]
car [845.6393767344244, 481.9574521561746, 991.1202528951524, 558.1742078108778]
car [209.2910133262051, 503.3701605427744, 477.740204013725, 667.0333957791768]
car [608.3699026443671, 483.2612827310725, 634.7355610661904, 506.4319642115173]
car [491.7010554717795, 492.1241371261961, 550.2285249938438, 542.0278278274557]
car [556.9456630506749, 486.53238339490787, 588.1467067552258, 517.1446981450625]
other_vehicle [566.2188510074411, 463.844326392811, 600.18264642104, 507.6792612865009]
car [586.8663898497745, 476.70527198715604, 677.0020129740416, 560.4485878296636]
other_vehicle [546.6531603213967, 461.7117404084635, 596.7053721122892, 515.4345410756558]
