car [987.5977976022307, 546.1122184897494, 1022.3077003313974, 578.5720596234531]
car [0.0, 518.8865225497163, 383.2655082155493, 833.9973562815434]
car [632.8150921383128, 563.9400903644595, 668.6512379068303, 584.3054515522135]
car [996.5954778543514, 550.1110864289794, 1030.1229612332854, 583.0284811161032]
car [1004.3177346249533, 557.0124667317144, 1043.882400234576, 589.2860346355653]
other_vehicle [0.0, 515.689163046185, 214.25450159937833, 642.5272144544145]
bicycle [1397.7720775969885, 563.2700153461836, 1446.9249125225076, 604.5483571556858]
car [923.8082060988422, 543.4833223745684, 975.066517032017, 592.447236880124]
car [743.0431450182127, 550.7250439734411, 811.2051355572612, 603.4658731401582]
car [1014.6530589697157, 556.5657805743953, 1084.8874894276262, 605.5485632275191]
bicycle [1193.3239154132095, 546.8731469272266, 1237.8719147517202, 621.3153829393825]
car [1024.2980697284802, 548.3375173600397, 1109.8845358262581, 613.7936046039132]
car [847.1138580720368, 551.3876747180099, 892.9285700317712, 594.8204135592739]
car [882.9619948930738, 552.2264826466561, 914.6527345981473, 583.8162197053977]
car [822.8719428194222, 550.7438037926273, 859.1232546176141, 582.9915931680882]
car [1049.0633910903994, 554.8491981262334, 1157.8514085607324, 631.8053050837455]
