car [331.24753474856846, 502.56652414518726, 544.9759796786257, 575.5433879837457]
car [558.7546508028398, 507.60272740746564, 783.9654557700472, 586.063224775206]
car [1020.269999331067, 524.2939676904697, 1046.3968124391386, 543.1666924180649]
car [0.0, 486.2740711103439, 101.67024676728886, 544.8064039525104]
car [1075.9495971404178, 521.9688988417719, 1173.9480674372858, 583.7785313866973]
car [897.9450527365178, 519.9576880890095, 1260.9357113854437, 634.7196280891463]
car [430.7181153453147, 503.0727535808322, 589.1315331391801, 562.992399791538]
pedestrian [1269.0373356281411, 526.1493404861232, 1300.5173722345646, 562.4120288783124]
car [112.70370449037179, 491.4210319539682, 254.4341424169529, 546.7339711811887]
pedestrian [829.1440030275918, 511.47230564649897, 863.1350627292994, 567.978835986789]
car [50.95186917852073, 494.96820087407923, 164.48802632232588, 539.2052466715578]
pedestrian [714.0975508813019, 508.5249573306905, 748.2785191191867, 562.4660063819218]
car [977.56010424869, 527.9057775046141, 1030.4787054744024, 571.4412295415971]
car [793.3547182929951, 514.703297478502, 983.2526451129643, 583.9915749624652]
car [975.4734700978947, 526.9942043011309, 1020.9894002870141, 564.5373317103043]
