car [479.014276868235, 520.6523592837992, 620.0554797766596, 579.7795022471587]
car [442.9607004748678, 515.89473723008, 562.4007181868706, 570.7891493214158]
car [985.5238680900214, 502.7691657264206, 1063.5850188622444, 554.5965955708983]
car [872.2557032187976, 511.28055454592516, 913.8224874839434, 534.5268461144905]
car [229.58017776419433, 526.9164250857241, 408.1371497536546, 596.2994474741836]
car [949.1316052586806, 505.1689110809433, 976.8286053860886, 522.16303430867]
car [1078.6824394088749, 500.9535915830321, 1113.7652793036652, 523.347686397486]
car [293.04480090564863, 523.4620237646459, 484.6292793328087, 597.7549842019171]
car [808.450389551235, 512.2461074083839, 857.7907094460837, 535.569815458185]
car [656.5298929033602, 508.47012973366407, 745.76621157362, 552.7410568910356]
car [294.4771469354036, 515.9490124828537, 527.5381156377747, 610.9152333393148]
car [734.0214088880011, 519.2990055853638, 792.0384094058628, 545.0903645022837]
car [582.1390596868955, 521.2383119450485, 671.0228895456252, 559.3833181913867]
pedestrian [1136.8404891824914, 496.8328690461376, 1154.7454061584033, 526.3059124660508]
car [965.1191099949752, 507.60612539409055, 1010.6648022601089, 535.2413646873538]
