car [0.0, 555.6997570639401, 35.01604283389103, 598.7138589280751]
car [537.8549488228376, 530.6903275567336, 589.248406659782, 568.0879691650874]
car [519.6758470253066, 531.1198117734882, 554.436783133512, 556.9219125560651]
car [63.31156849173975, 540.6655767862356, 447.04313479310036, 766.5650569772573]
car [592.356437407388, 526.7543139098195, 616.9160861406194, 546.7389197622193]
car [705.6244713727742, 534.1434063071594, 786.455608488448, 584.6739297815407]
car [699.7779252850557, 530.9299359502179, 758.6258053586158, 573.4341837076862]
car [712.4198001987921, 531.2826796384488, 822.5680522776635, 602.2869762943392]
other_vehicle [674.9964157803815, 502.66088582779093, 733.0316019516122, 562.4148633102308]
car [854.080222624935, 536.6311633747665, 1332.0408651465957, 809.1613833408736]
other_vehicle [669.9948283729076, 502.0670135828609, 723.1625386476339, 554.2924835127436]
car [688.0123541391675, 531.3961433825999, 735.2213199745545, 565.5122555098809]
