other_vehicle [769.4764420336968, 297.08918302467106, 1308.0251989192934, 733.218567477177]
car [682.1498102094978, 530.5419045640019, 735.9145925600037, 567.0821623655218]
other_vehicle [654.3985821178754, 509.5050030743542, 692.7808696947105, 547.2137970477579]
other_vehicle [669.3279717945494, 501.0561125696669, 722.8863617284001, 560.4787183548888]
car [512.8801424795022, 518.912528236562, 579.428801176651, 574.7984950225892]
car [0.0, 545.7243275284189, 101.04113608706241, 590.0835309277255]
car [703.7279476220189, 508.9720541077916, 798.1938023419436, 583.2034279828723]
car [451.566432311576, 523.2883149131807, 514.3267850510108, 563.7912407297395]
car [719.5696891306212, 527.8638233744657, 859.7849365516715, 609.5001195190886]
car [606.9428555852073, 516.8173627511624, 642.8288482700513, 552.6210975601219]
other_vehicle [660.4741887001672, 500.6682725191592, 706.5870019224316, 550.1898621425844]
car [691.7979030162397, 529.4032718721556, 754.7674458075039, 572.8794452596507]
car [66.01917558244544, 546.946221082604, 154.95872542298753, 581.5908188514356]
car [1017.8463480748248, 500.4597080185704, 1600.0, 900.0]
