car [332.13600314904943, 532.3778591077432, 409.02271749828515, 577.8554021712117]
car [706.289739986166, 518.936602116826, 826.1169941686385, 608.4113465138995]
car [735.8442064120361, 505.74429944851084, 882.3060017337921, 638.468405476043]
car [389.6564466496105, 536.9817361980683, 438.2010456772965, 568.2312795244318]
car [532.5039396832358, 535.5636169793786, 575.497120367061, 566.5551974535366]
car [0.0, 537.1177646804034, 112.6923468899082, 638.7150395250709]
car [686.0361482349114, 537.3277192356452, 767.4933438666484, 590.4360457964923]
car [468.567451548648, 528.2522095872828, 514.5232385559732, 562.3734537938174]
car [679.290341143789, 525.622683244401, 742.2426871270396, 579.5954756915775]
car [512.7107675082393, 532.3354899768937, 561.6204972358286, 570.3781591299727]
car [242.4353582216082, 525.5716610592171, 360.6596798928689, 592.5804949894896]
bus [757.9743973761706, 0.0, 1600.0, 900.0]
car [426.83976940206543, 534.7893877363135, 489.886010310111, 575.0282589931011]
car [662.8264630666254, 534.9397117805848, 702.5667369896277, 567.7587524411115]
car [66.64524763399342, 534.5652758773097, 265.3528014164866, 612.3954133713389]
