car [1003.2976523654017, 525.2001732305503, 1116.1274139851178, 575.3234985061317]
car [763.5700859696509, 535.5145354847755, 935.6658037423066, 602.6217598516288]
car [727.0723854033339, 533.828734531924, 839.7373625526363, 576.8840115097495]
car [416.4161712569479, 524.7709121005134, 596.9883716687643, 598.4769137028452]
car [904.819291735671, 528.6300194208623, 1041.9166001137799, 587.0627187463298]
car [569.7379671535232, 538.2397326594781, 784.5432947549112, 621.5275621938041]
car [1077.8791683038107, 522.118011863274, 1190.9626405194879, 568.0391474713796]
car [857.2181597718113, 518.4206816677048, 927.2951601593326, 545.9430098990143]
car [590.1076113978751, 520.269331109919, 728.7218030571526, 586.2516375365554]
car [828.4509724512466, 525.4715163234094, 930.8701085648119, 566.2260741754408]
car [182.62200892366636, 546.1950495098279, 397.1521344785857, 616.0696096342639]
car [908.8269059832829, 519.3399670138381, 983.2805809970343, 548.0505665729833]
