car [1120.3222639602382, 510.3053669472163, 1234.6688942741916, 558.8870479061369]
truck [488.64415027372064, 480.1825861772954, 577.6802263645038, 520.8469847282084]
car [260.23584201564034, 502.10428114183, 486.85659373091283, 645.513832439097]
car [602.9413515651345, 501.1298980841079, 645.000601925234, 534.335746183676]
car [1274.1958126341829, 494.0125778218208, 1600.0, 685.7090083722562]
car [538.8896118937095, 500.05897986204434, 812.9020927995417, 711.05437535287]
car [0.0, 48.57162186037351, 429.4234007663251, 900.0]
car [1006.6378971510599, 512.5715907525203, 1220.310562468602, 596.9501844814783]
car [525.1669383338499, 504.09692695322707, 574.8146644622022, 540.5007596576295]
car [999.8471033802442, 509.18314474446885, 1072.036433626052, 543.4591316035965]
car [457.65379254945896, 486.330355707428, 551.7484891805491, 566.0907491390924]
car [561.6979416939827, 502.9939171303007, 593.5765048015782, 526.3575755765269]
car [949.34579643256, 507.9155580797907, 1002.2277894275101, 538.329237379507]
car [408.1381198712795, 504.6080133485318, 519.3569900765439, 590.2419755493753]
car [511.873896152755, 505.41922279346454, 570.7231083971914, 545.9261376345869]
