car [1542.7640136540235, 531.4727820817307, 1600.0, 676.2273770320434]
car [952.8791122041147, 554.5148816325941, 992.2840433436791, 590.3669759541572]
car [549.168457465803, 524.9985940994825, 729.3403163165449, 600.0853892038496]
car [0.0, 496.34722231698805, 23.98159732824728, 606.2625985308424]
car [897.8234382428374, 547.0377019440074, 926.7988382377117, 575.084414320147]
car [1137.4534229596331, 95.60332469783606, 1600.0, 900.0]
car [1243.8969749636908, 547.3019250097356, 1535.5052800846474, 636.4800506452592]
car [950.0528933443916, 551.2293194901116, 979.879927690842, 577.5438290222747]
car [1357.0940381827293, 552.432938055593, 1600.0, 649.3022037555944]
car [1444.7458547254928, 527.6880453519951, 1600.0, 661.4398110652021]
