car [869.3458400983544, 571.6297263435989, 1290.8284299887387, 731.856183354563]
car [1454.2094985145643, 590.3279444540599, 1600.0, 651.2959777493327]
car [1575.6828298095422, 558.1600947874405, 1600.0, 679.5233628500034]
car [1128.9100330438175, 578.4406831940449, 1302.1109152736024, 648.1347830001288]
car [600.5997108682146, 579.6102053833953, 873.228025155748, 679.7726517289991]
car [384.260884004951, 585.3963647522936, 639.8233092289962, 669.8302351621982]
car [0.0, 533.2242756820743, 705.5889714903104, 793.495975023886]
car [1192.3370309810762, 537.3074450039447, 1600.0, 791.0282133454601]
car [0.0, 584.3895122160718, 63.067760615777956, 651.0379928426489]
car [0.0, 544.293055031053, 361.0771779363553, 720.8696842677567]
car [0.0, 446.5835952174914, 445.18781566596505, 900.0]
car [1304.9209982208986, 569.8018762601157, 1600.0, 693.5154297172039]
