car [265.7910289461238, 517.480800488298, 342.25864296645625, 544.9174995246319]
car [1063.5946369499816, 508.01544404283015, 1170.4806324518268, 539.8096598859315]
car [24.306581309505237, 515.3723886651218, 109.85198794683463, 543.5729957817639]
car [794.4154892205062, 508.2100756563283, 887.7783805755729, 551.3372459978702]
truck [95.27867921724165, 493.70675629492797, 243.36711068416344, 544.0167645649414]
car [598.1136472713084, 531.5085433547711, 670.9543010145298, 593.383587983905]
car [100.27918246922914, 513.6384546022431, 217.53017880469042, 548.8386786727189]
car [828.6374993356228, 513.1106285249015, 905.0624625469104, 541.84183756995]
car [137.65631058410267, 511.5296452480534, 230.40004224708855, 544.1270214113466]
car [1209.0400151951665, 507.15874886069815, 1301.0538006433042, 536.2042741742405]
bicycle [854.1446205693218, 521.9388086164613, 887.5634655395295, 552.8783680783306]
car [0.0, 509.0765632588004, 2.096973170503206, 542.2746822439594]
car [608.2659806764177, 525.9796753747482, 656.5169606435252, 563.4884617653196]
car [1046.6705534015427, 516.0826684930181, 1135.74222582115, 548.3505465580489]
car [950.5739173222809, 518.1680028845016, 1027.3035548399744, 538.6618932345446]
car [884.4564716957505, 516.2061714922152, 954.5026293452794, 539.9255319548577]
car [290.3605285379439, 514.618776010666, 381.555757445513, 545.9417546562258]
