car [447.7916747549982, 473.7786269131641, 659.7482524613331, 584.1956651445704]
car [896.9343090135814, 533.3316131717935, 1010.544406685212, 575.7442090851366]
car [1267.4314788554912, 543.3452289194731, 1339.4207082432463, 566.212544343007]
car [637.6003515180278, 534.582424383673, 782.5138022048756, 580.2079395956764]
car [688.8344211236733, 513.5901454352286, 969.6488821465919, 623.8674180817337]
car [1056.0909752700431, 538.9400355966206, 1221.534086257404, 607.8852503551615]
car [1416.5517568202702, 555.4449280102423, 1600.0, 720.2606805823253]
car [1207.3702908719786, 549.6278955984117, 1275.986561357827, 572.0824144066219]
car [1332.1032023508192, 545.2900617252461, 1395.0099765555515, 571.1022940251448]
car [285.16237673174874, 515.3044907434618, 653.8212559141524, 643.153128035528]
car [180.06048681649133, 516.5257863912237, 397.5349755989867, 590.0421431259554]
car [256.7425201352613, 516.6384488319616, 453.8859872559663, 585.4098891625063]
