car [287.65615447070627, 759.0340449085539, 662.4488927527784, 900.0]
car [1503.2964846794218, 732.6405246124505, 1600.0, 900.0]
car [891.8089625300639, 744.9337894154442, 1112.1850473125482, 900.0]
car [1198.1980282298493, 749.2369996075596, 1338.7674445827759, 876.6844694041447]
car [1142.7741525425608, 739.6320570441752, 1255.898616796896, 833.2819303941383]
car [711.6742462704713, 736.2182852094217, 797.0383700363577, 808.4727246791915]
car [539.6342362722417, 747.7225565832288, 666.7098377923746, 843.6698430365923]
car [1125.2230062957121, 737.1676387285206, 1225.7669923108663, 828.9184072448519]
car [258.5979829864411, 754.6074334241409, 433.35191967806895, 885.7686383322682]
car [1382.9664525942248, 731.6596907369686, 1600.0, 900.0]
car [1216.635577032741, 756.0317476546122, 1410.0627969523518, 900.0]
car [762.976375572667, 714.7242751045961, 907.1946093388638, 846.9784526861139]
