car [0.0, 505.6673269331923, 368.85557293062266, 831.9490812863787]
car [1195.3691953444295, 553.8553749285979, 1600.0, 767.0118424470508]
car [1083.1320458110838, 540.5963084836459, 1186.2212055499556, 571.7242915578274]
car [150.87236385148194, 531.0291596917034, 229.8820403436146, 572.1123160352635]
car [0.0, 531.4633240223196, 223.9008409593133, 715.9739365492878]
car [184.1020570130208, 529.582692392782, 276.6858718256249, 575.3937940443582]
car [0.0, 533.6906704040764, 141.11232432409, 608.9787789449097]
car [1421.5537069212467, 533.4743480577347, 1496.380545982964, 562.4778505763264]
car [1454.4518115027151, 540.977905162533, 1600.0, 621.2604053021948]
car [854.0996019640612, 476.84693127362044, 1198.7834088211719, 638.6507662731625]
car [246.0957044956993, 397.5082872818979, 1330.4178361163738, 900.0]
car [1241.4069999785208, 526.4954768072687, 1442.7069817727115, 612.3078914527599]
car [1595.0302600306418, 550.9873328752444, 1600.0, 650.5933772327606]
pedestrian [173.42497461491806, 523.735073411356, 202.72323179054717, 572.1016910834605]
