car [1031.1092588899523, 515.0872952811171, 1213.7154160769103, 623.0698926226052]
car [1036.0906231983256, 507.4277338860541, 1079.8265867262546, 531.7691548875647]
car [946.0713465626696, 497.0407026981809, 976.4063848021977, 527.0707399401886]
car [888.9418851761804, 497.9251924186731, 927.3598236694627, 534.5042069260243]
car [1232.1412937905147, 510.27541821551944, 1360.3718852771642, 568.4349460648536]
car [1579.2358847357457, 488.8976299354284, 1600.0, 527.0377202053604]
car [1388.4735573100334, 499.18114364016634, 1501.1717485128356, 540.6393330695649]
car [998.2661888659511, 503.67719575526274, 1037.3542989913608, 525.7491553234656]
car [954.7304962954553, 513.818444550295, 1047.9911961055927, 573.475973262138]
car [1286.1793480229876, 499.0319333575239, 1546.13373276713, 632.9540820858148]
car [1404.6989101606898, 510.3735356278245, 1600.0, 604.1532072473386]
car [994.7247776653976, 503.0700262877304, 1030.453712049563, 523.7771271282633]
car [1048.2860057237094, 505.8673752676186, 1105.1291288721886, 534.946371315591]
car [981.9081695976444, 514.8730644849051, 1111.7988108989628, 591.1001881052895]
car [967.5549099448108, 497.593873580762, 997.6027753289856, 519.627152602398]
car [1068.6156877210356, 500.2251287663042, 1136.6079865471065, 540.0360023558981]
car [923.6783573639299, 505.1954967562505, 986.5144618126301, 553.6707759670885]
car [681.4763890662647, 506.4488202830974, 726.8981532038962, 540.0762273613564]
car [1302.6587184836078, 512.076344313242, 1474.4832626838274, 584.1258984184972]
car [896.4955393009141, 506.110681311601, 942.8693982420522, 539.0253782398383]
car [1172.0289315865202, 510.1572186527308, 1277.4309627893097, 559.3765884687446]
