car [1182.434947015413, 473.06638343522815, 1600.0, 869.2927595761525]
car [433.95047448646017, 509.42583971895476, 541.3653938291942, 588.7778566222481]
car [426.6405687438118, 519.938695582032, 473.22388179186083, 550.0090281729155]
car [699.181046200412, 521.1354045779483, 750.4558329820956, 558.1231963128563]
car [512.3216609080372, 520.6597241556395, 572.3574364212922, 563.9213932517216]
car [532.8339365154079, 518.1710180540185, 577.4156849611531, 552.7146491723403]
car [703.9297245667634, 510.8582098959775, 770.7866042751172, 562.6897120093903]
car [257.53957121833423, 525.2662364925246, 312.65740246334457, 555.9826800151005]
car [560.3425468441305, 517.3162830271939, 668.9589394342984, 604.9447483482749]
car [551.8276742721405, 523.024761348612, 588.6486901344082, 550.992814225346]
