car [1432.4068757412492, 513.3225710340156, 1510.6734372501276, 542.4076149313753]
car [1407.10688761141, 511.97361839436184, 1492.4866786818527, 544.8323680979307]
car [0.0, 505.36378770372403, 248.52345467655184, 623.4481193231694]
car [0.0, 526.5156557554537, 100.69981932683288, 659.6502258171106]
car [709.5308422354195, 516.8986193827363, 1002.8444022107421, 624.503996657454]
car [273.32023341425133, 511.79827335781664, 621.0446818943877, 657.8763181976012]
pedestrian [1116.3782482578222, 507.9825877653132, 1169.4979778835848, 589.0466277623482]
car [0.0, 502.53237620682927, 33.09552539343332, 593.1504825414448]
car [1493.7629817764437, 517.0215499231471, 1600.0, 604.1650871475147]
car [1582.02099935208, 508.4339839174602, 1600.0, 555.9487038776217]
car [0.0, 508.2024594826995, 325.11066592548804, 705.0108317916147]
