car [1158.643597901997, 752.7648316302482, 1312.3211782269375, 879.6413989870003]
car [707.3677214769136, 771.8853341969599, 775.7970352761299, 822.2391385979685]
car [450.911720173688, 758.3507848524049, 629.2586296120086, 886.312735449471]
car [1268.7271595134976, 787.1136814218859, 1534.1198802192916, 900.0]
car [1075.4092252394753, 784.7118215825164, 1408.8167756486707, 897.834455501767]
car [861.5538695656912, 775.3682662690474, 936.551347404953, 829.1620213704994]
car [2.899289965515897, 786.7010191385358, 151.40293378893415, 843.7838403689473]
car [170.53609102772984, 751.2115942249412, 389.3129798127111, 883.9262306357964]
car [1215.0200030232977, 746.1976577348635, 1427.3395544445823, 900.0]
car [138.78162314165343, 777.2950283066896, 443.63703105071005, 900.0]
car [1494.6600547004398, 726.7911164861157, 1600.0, 863.0558753973427]
car [979.5523460091875, 769.8153980489948, 1075.2533310601802, 841.3037661098554]
car [313.6047776909771, 764.8038066703098, 476.7532546605331, 869.1852711307773]
car [1302.0022192764663, 782.3125526752526, 1600.0, 900.0]
car [612.0063304074969, 766.8892967208335, 743.7698786497663, 863.0358994743868]
