car [532.4703184788148, 501.34922042600385, 571.255088862018, 517.5346876733196]
car [598.825716630166, 495.8741001632179, 634.1301737575316, 518.286175221355]
car [1188.7842051867597, 500.7315053483718, 1471.0330100218391, 577.8410727768163]
pedestrian [166.40132104051597, 492.87885334676076, 229.51231074281867, 594.7611947713243]
car [769.1697048106022, 499.1808344214427, 835.9579852222791, 529.071828766451]
car [937.1700786617006, 501.00358442128294, 1078.310946681746, 548.7800902111502]
car [517.3514368598983, 503.09689568804157, 643.3123811363952, 597.5745402422349]
car [908.870994105513, 489.5479556829401, 1082.626959210421, 564.3450313030505]
car [421.07694620052774, 505.8033634469275, 473.13748697790646, 547.676029211156]
car [940.0170443240446, 484.6121929185647, 1036.9092224361636, 532.0851089139587]
bus [788.9056865096936, 487.26834856259353, 876.7848403180723, 527.830207855307]
car [916.8356095390076, 491.8801169774216, 1023.5164233951298, 536.5612048318347]
car [1281.4058511991423, 488.5114467826631, 1600.0, 577.643594767826]
car [716.4381674636606, 493.6106591905949, 787.1911827658406, 528.6100653578213]
bus [768.8312008223289, 472.90005410246016, 889.5185324599803, 527.0960849710818]
car [1024.553891725777, 498.84953791397544, 1142.1130502286558, 541.8890819904306]
car [695.9304137237186, 495.3913976304517, 745.3130711190236, 523.452406076683]
car [898.2813397150911, 500.34215000753807, 975.0139854426029, 531.6167562384993]
car [619.3542996408912, 499.91248547259215, 707.6093872436986, 553.3168028745242]
car [667.8593281023133, 496.0664890470165, 716.0740177142573, 519.6322309489982]
car [1143.9249502232253, 497.3862103109272, 1313.1741732772018, 548.5345174105747]
car [498.98731068833945, 503.83284839693954, 564.379168199191, 552.5343019440204]
car [579.0883253936671, 499.5396093956142, 607.9512633686403, 515.4043768126469]
car [684.0808866010243, 505.0174498496418, 865.9847971873056, 604.5577654290057]
