car [578.9511779897805, 521.2895384029608, 657.4819245087732, 589.2444630617557]
car [568.7256106076721, 529.8621728063262, 595.9272210296549, 549.7215564204788]
car [244.05363644181438, 546.571991210152, 281.3363437516207, 564.8064432074399]
other_vehicle [667.8679844559025, 475.9180338279939, 755.0915564204805, 572.8682470052928]
car [372.7306235277316, 522.2884626892182, 440.2887631498694, 561.7206569722991]
car [331.28558410068905, 527.2882174926177, 417.4083689676501, 568.091189842944]
car [508.69547282469586, 519.5682515075986, 567.7989803610429, 562.5270991906884]
car [470.448692495578, 524.2073685569159, 519.1837926270474, 555.7346204042213]
car [0.0, 556.2660667537516, 26.60426599331854, 583.2849765342037]
car [724.7161154111567, 530.4173449886631, 867.771947424287, 624.8788787128868]
car [248.5131785474147, 527.0914785500715, 359.9864141061983, 577.9110511191406]
pedestrian [776.7627590190275, 514.9579661653111, 817.0383017870462, 573.9737264238241]
car [31.609099812657753, 548.0664662936416, 128.99744475894303, 579.6037654184321]
