car [37.14309996015438, 471.47067571746754, 428.4795197938353, 636.5907479132577]
car [883.8791714496684, 517.7231238776741, 1022.2647377829157, 636.7752322981536]
car [924.7652685362051, 521.4438077800135, 954.310124981659, 546.8031727639194]
car [1246.8048649291993, 527.3126776848843, 1348.723899010244, 578.5309315077237]
bicycle [763.7747952516339, 512.8471482344198, 805.4609050824861, 553.7174584731392]
car [1403.5679829200542, 522.9105033518728, 1565.7104582611453, 596.0764546624447]
bicycle [757.6162713822509, 510.8671044615844, 803.1557421367057, 554.7834947916776]
car [1163.3424203054249, 526.6816739940807, 1198.0037846129862, 546.8222785414945]
car [1424.5787777299824, 520.1405739248272, 1538.3611291737773, 586.6948164504893]
car [1013.8555962866999, 522.4884881115628, 1041.190632117431, 543.5894390126482]
bicycle [768.1897780021491, 509.4479463690954, 810.809128506679, 551.6126980364517]
car [1054.963541831518, 519.2338752761899, 1083.7230481816146, 541.7713445487985]
pedestrian [1028.1200361877848, 518.53734833593, 1043.9615692518921, 548.0623499147706]
car [979.1330967492603, 517.2493424339285, 1008.300145404008, 546.3775550457893]
car [1325.2037351881136, 520.1089549924602, 1441.3919601425987, 581.1076106146629]
car [1035.5715268719505, 523.0931773979893, 1069.820107629911, 547.697253168204]
pedestrian [1086.8307946616114, 516.6994593520196, 1114.4220406374136, 559.0109775105658]
