car [474.22922671655476, 532.8896078982247, 501.4807329636638, 547.7244667822179]
car [55.51478546454066, 543.9489134899167, 181.09521696691823, 585.6896263057369]
car [668.1119602104926, 529.6245388706637, 703.2595846321658, 552.0837191548733]
car [0.0, 540.4380697230439, 29.64336478932912, 568.996495987357]
car [0.0, 533.187338203073, 32.62837465285029, 884.5732622859692]
car [30.23754104578491, 536.9004502324367, 139.9938976052916, 581.9687872030144]
car [416.4072582750192, 532.8543883084992, 456.056422829651, 554.0998501795927]
other_vehicle [0.0, 525.2148036726084, 25.471798718816853, 562.0930124435813]
car [683.1316314925023, 531.1486653797017, 728.5068550449276, 563.731666043557]
car [121.90794919692685, 543.9259592660045, 201.1911540174244, 572.6911651385741]
car [714.8235645698537, 521.8187994448243, 819.0958359409977, 597.9381814764226]
car [507.54541300649663, 525.6087583258748, 573.273845401854, 571.1081327807782]
car [176.76834550626498, 534.5213132505465, 253.23196901201635, 567.2967574013542]
car [220.28991277178312, 529.6190085267395, 318.2835048186052, 579.4086206156755]
car [0.0, 538.9239462571926, 94.149980120167, 570.9136909715158]
car [372.6616288184532, 534.2676665833811, 417.7352110087665, 560.7963930639818]
car [348.02951034888304, 532.1721543450287, 395.5602728952552, 558.7731374634029]
car [736.4664615358621, 529.6907384018464, 909.1025211872584, 643.3429163724984]
