car [126.56827669120841, 497.1528513386416, 437.3136648842194, 696.9827390403933]
other_vehicle [1086.4904630289104, 482.9844275995073, 1250.1822911652464, 550.031574168538]
car [540.4951961735253, 498.0219921669429, 585.2269954964448, 528.2774691828513]
car [587.5377805221538, 484.89257107219424, 658.068282294724, 550.6782143862454]
car [0.0, 513.6081747625162, 265.94606119391443, 900.0]
car [495.93623526690277, 488.8514597607485, 567.3092068823345, 548.3645462435895]
other_vehicle [1537.5756629635803, 455.02891217604514, 1600.0, 597.2716485947583]
car [365.1357873832793, 502.0436487856259, 510.49721653593605, 600.494771127944]
car [696.0750925170202, 499.94870363874236, 767.2094865750624, 544.8232568517132]
car [660.6890347611742, 490.67302573509124, 693.3875605757755, 520.9970028181126]
car [448.09391306572957, 501.3419538267252, 540.5216251947204, 560.7230146299116]
car [554.4230725721743, 491.6808046504245, 589.7149230741959, 520.9948023570493]
