car [873.431946304595, 515.4287937680413, 1029.269642529194, 648.55295161345]
other_vehicle [1440.6408168569353, 498.48251593421804, 1582.1902877469129, 566.4595673030036]
car [1375.0451494781234, 514.1540524472546, 1546.3021081823335, 597.0030279845023]
car [1398.7237880041948, 521.8081425604852, 1600.0, 690.801879694432]
car [1015.2823618084017, 518.6835469291768, 1060.0057136400826, 552.8315303609718]
car [1333.0187097415935, 534.2735554872944, 1383.6394884473812, 562.6956237762506]
car [441.84842839204435, 480.6875139085985, 572.4951587887568, 544.5472831805924]
car [1378.742137774867, 524.408531747162, 1452.6882894651058, 564.780353190644]
other_vehicle [1277.096563738088, 504.19660986554715, 1356.1918580478075, 558.629861222958]
car [1521.3196144833196, 515.8226761900221, 1600.0, 615.0088621572141]
car [939.6448944363423, 510.79988426881073, 977.6683660406385, 545.0741558476401]
car [1252.4908489482998, 514.6700051503846, 1304.4190842204914, 553.2946053584068]
car [1544.2333264153806, 523.0129675286087, 1600.0, 580.9094550281527]
