car [862.1550567208596, 510.2224412641581, 889.1838130116695, 526.3121104880482]
car [535.8244414921244, 503.5865727855107, 575.7507004864577, 532.6136712153659]
car [1254.3105694137196, 518.040209397839, 1405.0930900343897, 572.3579925262135]
car [896.55103626915, 496.8404996967184, 1100.619994544614, 589.7282305880171]
car [1036.8606315454733, 519.2637196258755, 1106.2493696235867, 546.4685786677516]
car [1000.2876034128051, 518.1320321040382, 1053.860300397118, 542.0541895164973]
car [1148.5704692558409, 515.8540825967491, 1272.157712204763, 560.5157730288132]
car [602.6156682814176, 497.96269196945684, 656.4772855611548, 544.6121717922805]
car [729.9861824214105, 479.3889503932064, 888.7989113119725, 590.4871540266793]
car [520.0142384404113, 499.866238673042, 571.6107230126074, 541.7175048336386]
car [1081.5951606923493, 514.7163790573662, 1176.4637336528622, 553.1062968861839]
other_vehicle [959.33241367623, 497.9470395193186, 1032.5000922641386, 538.8345900779676]
other_vehicle [1386.0753575918593, 462.06938123532393, 1600.0, 594.1386132254696]
