car [836.6972473424696, 501.4235053561006, 1370.36997338338, 789.3674620956219]
other_vehicle [1284.7793185226028, 466.3035111996948, 1600.0, 602.156634930934]
car [405.0802089495494, 476.7317379198214, 528.0942702658455, 571.960564854397]
car [932.6313794052196, 502.74231357590486, 994.0071099147514, 534.9558532274683]
car [1191.059856116171, 523.1471025700134, 1334.5663912472892, 572.347864538828]
bus [1003.1846298128904, 473.14002013842855, 1156.8337490870506, 551.4445594066054]
car [713.7973707529301, 494.4231921681023, 745.523579526969, 514.9681626491256]
car [1251.2228619348493, 504.9779897889435, 1534.4815205323766, 618.0664371972678]
car [578.7154530650299, 497.9569287867346, 649.1523199152266, 553.7350570948199]
car [316.47624910988577, 499.99214321528143, 476.74460366841015, 604.8019556369836]
car [473.1906307238424, 486.4897661524776, 544.7545285317807, 544.9096000907525]
car [0.0, 448.1509684891524, 390.7447050421891, 793.4021682535124]
car [1112.146207045351, 519.8302085076583, 1220.3407739436873, 558.4689355194852]
