other_vehicle [982.907211156456, 511.3969296717234, 1048.7781704795048, 552.5228826883971]
car [1125.420948286273, 534.2445967630231, 1224.6946990714175, 569.9387432928215]
other_vehicle [1016.213465303409, 493.3269417468233, 1138.179941364066, 560.6820296682081]
car [602.6429591069015, 502.6629961702948, 666.2964939368528, 563.8187929443934]
car [542.5373346347302, 508.25960326906943, 738.3227075669953, 670.6457563040791]
car [951.0105749838125, 515.6881765688398, 1190.678837086399, 612.8890405486048]
car [923.8476475104911, 518.9237883563593, 966.365294122271, 540.511544032286]
bus [1285.1473327247566, 490.92065673839755, 1600.0, 612.3916161829635]
car [633.2824770308163, 506.36760309360955, 674.5928635220517, 546.0087832368966]
car [901.1825642416622, 520.8609784802242, 937.1364796879069, 538.0513220628559]
car [945.4345720440858, 523.8430295260812, 991.295076904282, 544.6282915026557]
