car [557.0096004770018, 781.141958072578, 678.1971942238125, 864.5591415054403]
car [821.3549271235624, 784.6477211489761, 904.7251376502041, 844.6068266776438]
car [1215.7955318827096, 786.1726351182607, 1464.1376814105017, 900.0]
car [145.43181048474526, 787.1183437640047, 269.71992392187866, 850.445088696785]
car [1165.4088561179954, 789.4006375230036, 1393.1397624825706, 900.0]
car [1264.3861344479633, 789.7747531902586, 1590.7330093368128, 900.0]
car [641.6966450040785, 728.6726112287358, 851.7905090861609, 900.0]
car [908.8292931859053, 785.7730638205711, 1067.5347208611054, 900.0]
car [624.1769683823965, 753.0218318178037, 800.2880857110966, 900.0]
car [0.0, 762.2684472524883, 116.67034992966424, 879.828630286672]
other_vehicle [1110.3430127045706, 661.3633590115993, 1355.6952277157977, 900.0]
car [1313.2316753495911, 791.91287590284, 1600.0, 900.0]
