other_vehicle [790.8105862182584, 418.74375893287186, 1246.043311224799, 747.1460292430108]
car [682.0651891494106, 539.0171224721001, 727.7738216146818, 570.0749960088829]
car [113.08938493508788, 541.0399519637107, 203.59328295589796, 581.749260345923]
car [947.2010804595426, 565.7063281164881, 1600.0, 900.0]
car [224.96482482934803, 545.8755584235498, 286.1399874494242, 571.4946482052102]
car [688.2266848492873, 536.9226007923481, 733.2013291779535, 574.2612005398479]
car [417.59291854476925, 542.696057313829, 546.5901957917347, 629.1364701342135]
other_vehicle [662.442325763482, 519.1438240547493, 699.9210906362308, 557.5606446995189]
car [750.7162084373838, 522.3116098011162, 951.9702619921418, 646.4005026439206]
car [716.0195427420134, 525.3301496497039, 835.762035270268, 610.4042244318666]
car [699.8622448085525, 538.8563754253314, 782.0426847701384, 591.924976271883]
car [606.2769481129332, 537.1647223235535, 623.9813688249124, 550.7031053608049]
car [501.65535139421587, 539.1068897482022, 543.8155132572529, 569.177035979847]
car [1531.0367452427436, 419.27757517559434, 1600.0, 900.0]
car [286.3133475725307, 543.9593662056079, 335.52240336128415, 565.8873309332579]
car [374.4408614906645, 538.5244693834252, 411.0636345036533, 559.0694303422821]
other_vehicle [664.9978083377326, 513.7199811546968, 719.9155494681628, 565.9093962550784]
car [0.0, 548.3009445176738, 140.123959221046, 707.0918230207519]
car [0.0, 545.9397678532251, 113.35494915687521, 590.4590900442973]
car [689.7461834989487, 538.1851014923174, 747.419012864784, 581.0643585243818]
