car [418.6361555806769, 768.7148307121086, 506.5820634764398, 844.0984978792588]
car [931.201559060571, 706.4639686011291, 1148.8052113858969, 900.0]
car [597.6381600413057, 741.1301540473937, 738.2771921915266, 859.7011764082035]
other_vehicle [0.0, 726.0563742718558, 171.3280866388062, 856.076454819443]
car [695.3611446974038, 724.2800968246123, 889.5135477539726, 898.5405149960532]
car [19.399206050879634, 779.6837886885602, 180.64249946337566, 879.8540691623815]
car [1314.7912035605668, 768.8004413052324, 1542.5302555707942, 900.0]
car [0.0, 768.6365247126122, 76.76970610164359, 900.0]
car [229.00182716217003, 784.3881903400529, 355.24376069319965, 860.2070221016153]
car [1393.8608584817703, 777.838400486479, 1600.0, 900.0]
car [1490.107953759689, 733.1839813229374, 1600.0, 900.0]
car [0.0, 796.184092501119, 38.21501941839918, 900.0]
