car [225.5753604498044, 546.4062320747507, 283.2780568213561, 574.8038951872576]
car [677.5904071602474, 537.6625262560799, 738.870055992826, 588.3541052569177]
other_vehicle [644.1029029614879, 509.7156783412023, 712.4277387503158, 571.5210803213838]
car [661.8840484544153, 544.8821856144863, 711.2294496379934, 581.2868631641996]
car [408.39301100477905, 541.9292324766952, 478.7487396263995, 586.1758455766823]
car [356.8751465064921, 544.419235280325, 391.27901161388314, 562.3800823367718]
car [554.7912340606557, 542.1349557289532, 587.6298170121266, 568.3917846762631]
car [438.7014818367741, 528.0450739903033, 561.016994900791, 622.2070348261149]
car [451.3346635310068, 533.4531304645006, 490.8658011506911, 565.6692073827782]
car [184.02881258781915, 553.7837697432593, 259.62735815459547, 586.9965364631125]
