car [343.29196826378984, 710.1736950147144, 699.9982359779642, 900.0]
car [651.0742525125261, 707.3081812182313, 777.1921927157001, 814.880956771556]
car [956.2640700425303, 740.5877357542062, 1110.7757282483603, 861.4484406887842]
car [0.0, 732.6321286758155, 10.419139063413978, 900.0]
car [336.9059402798245, 729.8960205693119, 444.83086356917937, 795.9782877012441]
truck [1428.9821178459495, 655.1364517320744, 1600.0, 800.7095229083766]
car [0.0, 728.187740817571, 60.322277221924246, 829.03225694999]
car [907.6578258709682, 716.9018503578955, 1027.8058956503414, 811.3112094731898]
car [691.7308983438762, 716.3058556733, 844.0652177939171, 844.5579053520794]
car [23.358491814186777, 736.0425013595877, 238.2450405770061, 836.4370404949278]
car [0.0, 740.728519158549, 27.014611346680994, 830.8209463647761]
