car [15.050834471428717, 510.2607499761109, 89.19824054865516, 544.6725924982203]
car [205.96461981653474, 511.2805760117193, 263.49153880123214, 540.5479054405569]
car [116.25589081228115, 520.7666973288487, 181.0820268074473, 549.3623576102175]
bus [257.81738809611244, 497.1420615720633, 310.23016618299675, 535.2317481370312]
car [71.69257410575733, 515.8753218353576, 130.2544472104153, 544.0763612971296]
car [314.19263885157756, 516.501344501963, 338.78219192201124, 531.355670910176]
car [174.083284366861, 520.3545226646941, 227.5354951685867, 546.2120558099379]
car [105.77090264780736, 520.0840370163203, 154.2215231231566, 540.8655689915166]
car [0.0, 497.125548415642, 38.85730338009862, 532.6836520303455]
car [95.87299934578657, 510.94210279396833, 147.47084189957772, 538.693263801465]
