bicycle [1213.6040319427334, 545.6368283277166, 1268.852843953832, 605.5483419364946]
car [857.171759421463, 528.2742347126809, 982.7637286580433, 574.0729640851367]
car [684.0843341932529, 536.8959367273616, 715.3303408288425, 561.9835428150552]
car [546.9201752304946, 535.4764482859846, 595.0934595530294, 574.6444581215682]
bicycle [1058.9173156689988, 547.7629927365717, 1180.2491554564315, 613.6008142158872]
car [604.9444937859494, 534.3426517566614, 624.5221879065256, 550.235210050394]
bicycle [1181.5276306579772, 543.3207753639599, 1240.0046001073058, 598.0321838890151]
car [0.0, 528.9250763697188, 150.3933190018314, 618.4407561984727]
bicycle [1075.9824877765193, 550.1457646021262, 1189.2017152390945, 619.6512098342988]
bicycle [1180.7722663780924, 546.0357458821622, 1225.6853211609755, 605.5540655533572]
car [508.7733426992158, 534.801856287467, 550.5588837680767, 562.6212873925467]
car [132.28740233304802, 531.1397371751486, 283.6475525480077, 591.7664618442288]
car [370.25106050383374, 531.5847213379583, 434.3104815277463, 564.2025720038431]
truck [665.6028710161775, 517.6110206806926, 703.0248320564207, 554.0158826593114]
truck [241.8700442893974, 479.7554672886096, 388.11560400705497, 576.3885007675951]
car [0.0, 539.1141647317805, 55.259518469708446, 578.5802153976265]
