car [571.5995192314931, 526.7547184618386, 630.6498913003975, 586.7799227811645]
car [303.3415118283325, 546.4728170339117, 350.86034057442026, 575.7504704261357]
car [5.302896585294367, 547.4703388362088, 272.83410718166755, 667.9402671723061]
other_vehicle [667.1732446491754, 462.89392192593795, 853.6977204412977, 633.7845145814427]
car [361.73374871108257, 543.7315559881017, 446.35763246341025, 593.2205406789632]
car [751.5434812908553, 473.6358115558093, 1060.5561629551107, 725.313146313191]
car [0.0, 534.1007622324764, 184.8569992523649, 900.0]
car [530.5388475029742, 542.7543757385038, 565.2795843743305, 572.1036654162758]
car [481.6571489689477, 544.879402244228, 514.739473471275, 568.5669362009186]
car [529.4939610672467, 531.4116711082578, 627.1318287231304, 624.6934880227027]
car [491.2111289672029, 544.7428482789051, 547.4256841651659, 588.1041016754393]
car [199.72387765790933, 541.7893579954393, 352.77190105027717, 613.0992433807912]
car [660.3482060680061, 543.6579156978066, 723.2525950945992, 590.8458072238764]
car [944.5286846860251, 554.410608929355, 1600.0, 900.0]
car [226.6227669543765, 545.3336819895329, 313.3993608468708, 590.9176405975044]
