car [907.0050151174892, 492.0308132362757, 979.3356756470274, 527.1459123239016]
car [868.2179938267599, 495.8165762388467, 1017.5751578933908, 543.8128553097906]
car [0.0, 494.45001131642607, 45.34704371494592, 570.1692414873688]
car [76.14315109818942, 531.3905136769047, 1196.2323173725501, 900.0]
car [980.9148641068509, 511.46139065199486, 1482.1274767289208, 820.5066703670997]
car [987.182449957621, 488.6461512199759, 1088.1171148971546, 528.8196081790122]
car [740.5635729987368, 476.8387113476073, 942.8527728673747, 554.764400676181]
car [1376.5127342071223, 477.5849801647965, 1600.0, 552.0798538667415]
car [537.3104408966824, 494.79634840264674, 671.0363162519787, 543.3691420300086]
car [594.3142245798139, 484.4734430635873, 738.115192206716, 543.4248292094118]
car [1085.4513899263645, 486.8562269658091, 1219.6448056373745, 531.5458102942625]
