car [743.992951568695, 499.60425955050016, 838.9511337007615, 531.2453640880868]
car [0.0, 459.27929980159405, 46.61455602881704, 497.0409308146008]
car [629.4402935206186, 474.3301498521543, 880.2752769742087, 667.8685157934873]
car [1518.078640093876, 532.6550880128434, 1600.0, 563.8632597075755]
car [417.51067185171127, 483.7003888240295, 506.9124915199715, 513.8103166954336]
car [181.68970606761647, 459.43243119564715, 316.3719819385115, 513.2403439692355]
car [1243.4041517556286, 523.6380259693829, 1352.5379699299112, 553.5975671040098]
car [1151.1038892649035, 518.3844445684445, 1246.6750154325725, 549.1721081669637]
car [983.4845258562639, 510.874354488028, 1086.5236305073372, 544.5540374360529]
car [269.9725425031224, 466.980278369621, 389.5802983400393, 511.86817176555985]
car [47.334738766646176, 460.0719821790548, 167.13177735755303, 500.2000243317371]
car [576.6994337975491, 505.1265071200128, 602.1476580893886, 523.826888729443]
car [1059.2820491471543, 524.1236376725672, 1194.9953608909343, 584.187693301848]
car [928.5617180258497, 512.0002979112822, 1015.4856716125919, 540.4660037103372]
car [1317.091077470193, 529.0655009881947, 1453.1470400628316, 567.5013052576699]
