car [886.9881258944002, 498.6179300253345, 1025.761637147286, 564.8513130101784]
car [494.51464255660443, 494.87279563794135, 548.1048347955712, 543.3223610994971]
car [1168.7797881168665, 486.2528232757693, 1600.0, 670.2911871166663]
car [13.146113970871825, 481.39620540116766, 173.40651648895363, 548.2695448966484]
car [977.7968110659735, 505.6008736057693, 1187.6070969368625, 591.9406155377486]
car [102.31177177758697, 485.15602776714303, 231.13866201937327, 540.3841565977074]
truck [328.8382353542152, 466.79194590391165, 394.47433317880217, 521.0696540399541]
car [106.46657547283797, 486.8131765700324, 258.8367417231738, 553.3638255261181]
car [546.7791754934553, 497.2309532964732, 663.6536886106747, 605.2313891606841]
car [374.42589220033625, 487.015554252739, 510.23288859835395, 589.6167813831146]
car [9.366571458033176, 465.35651952866584, 157.91757403960466, 536.0601209638953]
car [0.0, 492.01604399614143, 62.13618489120961, 555.560675759443]
car [523.0849536727546, 497.587190512617, 581.0411124668173, 520.8632487244256]
car [218.7063738162654, 472.8429693270867, 371.4010059396258, 552.5690216646743]
