car [1176.3301657396219, 515.4249447866005, 1309.276179326109, 560.9576992327081]
other_vehicle [538.42263466761, 485.574867261964, 583.9875828610199, 530.2470398549472]
car [977.9809522530139, 513.5682137473193, 1038.5089509572683, 540.2516969554671]
car [77.03416301500886, 473.3871742651429, 444.8226177534868, 716.6317398037475]
car [657.8195579664862, 507.43286730174253, 705.9368209079861, 544.8197906469345]
car [0.0, 517.8746011865716, 263.37074033374296, 900.0]
car [519.5383842950644, 511.9434036193886, 563.5925951647615, 542.9817749626786]
other_vehicle [416.7361263061548, 425.87513240637304, 556.2508170119211, 578.3392232392905]
bus [848.49842501532, 484.6298721948549, 937.7238048848218, 530.7950207655147]
car [842.8455621743112, 505.9252378576063, 996.0276846091134, 585.3062053921128]
car [720.6653170003797, 501.60099470867806, 770.1071189695366, 538.0739898381594]
other_vehicle [516.0657456071889, 479.1431564083281, 576.2753299751809, 539.2460227202689]
car [927.2671041692435, 508.63738071111976, 980.29661101557, 533.9829175878856]
car [571.696010364306, 493.4189609123089, 663.5186927463443, 585.7976379527174]
