car [431.14639891718923, 516.3078136585318, 529.3774551801022, 563.236383900967]
car [544.6361472532842, 517.9224614926502, 669.5033915431238, 558.4153185651423]
car [988.776666525163, 520.328901926974, 1124.9678391520154, 568.0164447489174]
car [781.2734733841854, 523.3286746084472, 818.828410409608, 552.1577711789971]
car [1133.0562616387326, 517.2756009401193, 1372.8994409499583, 616.5421134086728]
car [0.0, 532.2767346354616, 19.416383067627255, 571.6179240408754]
car [923.5811928387245, 518.9373115000325, 984.4095029158711, 540.6325023837111]
car [685.0459968737816, 518.1051666154544, 772.5763618458939, 584.6815619859628]
car [635.8954247316992, 527.095315243458, 761.7370522077483, 598.3194206048927]
car [791.5965709351477, 525.595289962473, 823.8056726813251, 549.8141893144648]
car [297.2737436255473, 528.1511292795058, 472.035796682769, 593.3179768827582]
car [182.50382656116406, 515.856557086386, 686.9056427974891, 754.880003427708]
car [1078.9419472688508, 517.8458020376036, 1276.1385585117705, 595.9458221866809]
car [153.8897900055546, 531.7000514518726, 297.72025438293804, 581.8534205246297]
car [1078.124587618165, 509.43945822438553, 1207.2368138859729, 547.1233188489254]
car [943.0249709214394, 518.0577005550946, 1012.7370427495372, 545.6740934632818]
car [351.1992076692113, 526.6313946910045, 504.57588592340596, 581.9944326014665]
car [1058.3520081566292, 519.6735279387335, 1192.206394920264, 580.9598192964382]
