car [699.2897426326124, 542.5858155961474, 763.4927435512927, 585.532281992908]
car [1331.6354569970777, 535.8738316286692, 1600.0, 658.798457777918]
car [1598.118375622448, 522.1837367927828, 1600.0, 645.8537998996225]
car [880.6648104424602, 547.1100301071251, 922.0837108545134, 583.7948178119591]
car [876.2626243307931, 552.7553077072292, 917.1690651734939, 587.994692689943]
car [855.000929313273, 547.7042136146657, 880.8446353471624, 575.1731579591693]
car [828.3121756606496, 551.5270184845084, 868.2775612085704, 582.3925187490619]
car [326.4523376158311, 523.6974854674239, 532.472074173618, 588.7163659311517]
car [1031.1392929745787, 554.5905232190502, 1249.4446563571835, 623.8986022398378]
car [1197.683106220299, 551.1852530294603, 1527.9215185718485, 643.069761633608]
car [846.2901827808797, 543.4123655424017, 870.3492543678011, 562.8248001521354]
car [768.239556590762, 551.9260782388037, 832.1422637888436, 595.485864097091]
