car [264.37900446210676, 541.8502042576624, 534.6034763104229, 635.5505256459061]
bicycle [975.6056955287071, 550.9576723634212, 1008.0896065636332, 584.4957214834784]
car [1106.2573548463986, 541.6944996748279, 1218.5245382100472, 588.9679408408205]
bicycle [950.985926502259, 551.6402336625232, 983.1808970873574, 585.7281110333137]
car [1072.185346732253, 543.8608571964774, 1169.063419747791, 584.6476769874726]
car [1014.1140049474353, 547.0525649440417, 1157.229643139575, 599.8856652292163]
bicycle [916.5008092262705, 551.0983826035915, 947.4212864283937, 584.3487931158146]
car [0.0, 528.0649692814791, 510.455775929987, 795.4735090723053]
car [1515.0827706024254, 541.9732408789945, 1600.0, 605.8942268336585]
car [1175.4679590362434, 542.0317067045374, 1347.6792446766583, 611.3225659095032]
bicycle [898.9411200456736, 553.245615735782, 928.9357197276872, 584.0572906082393]
car [891.1706805602616, 559.3467424905073, 958.3372431399529, 584.3161520581239]
