car [759.8938957834033, 495.2633112133587, 835.1767405435447, 541.1104869728032]
car [506.01977855557834, 503.42744192884635, 526.4095235906559, 519.9306574462727]
car [366.21002147661096, 506.7973536307517, 451.79328703476443, 563.8488926059374]
car [1291.3922425655728, 484.4265009333956, 1600.0, 644.4411928789614]
truck [688.8012856336572, 486.70973528448826, 770.3852522785235, 536.8417846573702]
car [829.881910561968, 496.0511761741908, 925.8227152541527, 552.4170047072423]
car [497.409034911732, 507.5059981944087, 621.8824042906119, 621.0786283783992]
car [955.2153159952163, 505.26900865729607, 1111.1088202042972, 573.5229696033355]
car [1218.9251395258918, 513.6710517286841, 1469.6015246577854, 603.0738852139135]
car [827.6567225682365, 502.8507564573372, 1331.501315297648, 745.3988258856335]
car [546.2641448681811, 502.1171527765015, 591.5432435318628, 534.0379478144608]
car [868.8282529188361, 512.185446071578, 949.5216300317293, 548.9820771132895]
car [325.4553804920922, 507.8773383120881, 443.32160957682896, 586.0890620432567]
truck [945.273384831569, 475.7889165876043, 1172.1394729309538, 568.1544150451048]
car [641.1141757057129, 503.89533812008096, 684.163995314694, 529.2380926585287]
car [1132.0253805181042, 516.3337261566572, 1296.6031529424065, 577.5198485961563]
car [471.56777792684744, 511.6391808954251, 744.1214157260235, 757.2593346198257]
car [1070.9192646864076, 510.50964754185037, 1188.8510582443994, 563.4497261378979]
car [114.6728831625327, 470.9453460260424, 429.27770982513516, 685.0917864445042]
