car [848.1272136874347, 501.02305219097326, 979.7973822903036, 570.8267551892698]
pedestrian [531.7165369093779, 498.6607124414186, 546.5650990696748, 523.7555985661304]
pedestrian [518.0168323499975, 492.86543980300996, 533.6919389989832, 520.8975386191341]
car [567.3654515260638, 502.43212961938633, 593.6053272880068, 526.1707999098363]
car [557.2519095591833, 509.8684788469422, 713.5059295468906, 623.4438518703336]
pedestrian [434.82476493269337, 489.8885319788248, 459.36772256424297, 534.1892589876752]
bus [636.8779719571355, 488.81795545737407, 671.9058064321175, 521.9790028121419]
car [987.8729317849821, 509.3029460104583, 1053.7960732659399, 539.6572139110922]
bicycle [97.75077070318154, 464.0134950461563, 216.96648543308416, 595.7322420938465]
car [1110.9149033334188, 512.7645390009616, 1196.0034106194344, 539.0282013907537]
car [688.5456699700751, 505.49281541060395, 721.029015074853, 526.0049419352446]
car [602.2970556004357, 501.7284230424222, 654.1081921013044, 544.6388370220482]
car [1310.8516793402325, 520.2702895055977, 1425.9784667948195, 557.0880297320944]
