other_vehicle [777.1271739551004, 524.7373685358123, 965.0866073978215, 617.3464616729417]
car [604.6047889554189, 552.3187652817115, 783.6277136819539, 620.4412023590082]
car [1228.505261737641, 577.4027640140004, 1312.3471990845323, 607.8588331739041]
car [436.55120275479146, 573.6039442300821, 604.9706389762986, 625.6921817110882]
car [76.13760332992807, 562.1765072367167, 311.1205090155043, 638.0083529160671]
other_vehicle [1279.602895160475, 541.4667849851759, 1425.35250158111, 607.0166661168009]
car [0.0, 562.0629329057244, 114.63281604977469, 633.4153897497733]
car [1406.5499299326095, 577.2008959205451, 1472.0092416419996, 604.9350035939667]
car [954.8296530199767, 574.3398958936805, 1068.1535483241864, 613.2725892608696]
car [1142.7269226328935, 574.6157328061583, 1243.592951890227, 610.3743018211993]
car [981.5878053900623, 565.4043930837357, 1172.2735503741326, 642.1394631441423]
