truck [619.3093053951711, 521.9708381844895, 733.6717711731899, 588.9697083443328]
car [687.8530588323613, 553.0773109858837, 739.0051783655831, 586.8387553292248]
car [310.4644079594601, 549.415211778672, 602.8153550346084, 708.5023965702458]
car [845.411665742978, 564.1383889482465, 906.4171475788603, 610.8382783004964]
car [725.2279387422864, 556.8526468633253, 762.9541116114794, 581.9329716036516]
car [192.34340853344642, 552.3312216945097, 472.09421189470163, 684.7887204004201]
car [1128.8908256915772, 496.3093909659411, 1416.0689252014151, 702.0732175186165]
car [0.0, 510.4697364062738, 333.60800610618304, 851.6114246706672]
car [746.5678996537304, 560.0994551138424, 866.4506981027012, 643.8166264675723]
car [916.4392744587377, 544.260353871573, 984.1480751950752, 613.7860961627947]
car [802.0807855194917, 522.6872063181362, 1109.742644281263, 819.0739376114653]
car [758.7558442401827, 554.6109687736586, 826.9052521141786, 598.2893139574275]
car [0.0, 533.2797255955384, 74.78159773902102, 746.8950136239987]
car [926.567776509891, 561.430234549339, 1029.6806215373078, 648.7401979320651]
car [600.3612561828861, 559.6970335479924, 692.9158753612953, 614.1368848665251]
car [743.8354710323366, 552.6867763781585, 780.4257852778444, 578.8344851115478]
car [1553.1701414645377, 498.70021776380526, 1600.0, 900.0]
car [543.7923142466187, 564.3741048122561, 714.6175449142679, 653.7243627254569]
car [477.774032582617, 544.9314862891341, 634.4696162289648, 624.5942425274636]
car [583.1359611623433, 547.4500053069514, 637.3445834211291, 583.6353515227455]
car [438.329496192412, 558.9079289879751, 783.2374967797471, 768.1762506110143]
