car [270.70351548209777, 523.8150786604114, 428.1648853876536, 603.1385700667864]
car [226.89709433171558, 531.1480789643089, 289.68343202543554, 557.7579375556534]
car [248.9190384958328, 530.9453344553414, 309.7705282099899, 551.8747675117411]
car [937.4685058950338, 507.6995889355532, 1030.305443039551, 543.4117120762444]
car [467.9102896753004, 518.102753078775, 561.1422753141699, 585.995254591623]
car [566.3162972794472, 517.1987365075132, 605.3657935890398, 551.7739372441886]
car [635.673223217162, 520.783956211966, 659.1015187783229, 540.6856353448322]
car [0.0, 520.9707524204424, 127.26767749738839, 593.4032676271743]
car [595.1857660206148, 518.3335634503466, 617.9116693201053, 540.5366720221364]
car [552.2435938761437, 525.4234512548906, 573.0525115930527, 539.4207133631161]
car [184.1911894799008, 522.841150201213, 266.5161039378828, 558.994128185669]
car [727.8174024389917, 514.7292403662715, 819.3922562897433, 587.0710082164876]
car [755.0420007958619, 522.1850518508121, 857.5917856760502, 603.9958553642249]
pedestrian [139.41046859947278, 529.646959488185, 155.9943944846863, 564.4603494015857]
car [884.6518800056762, 514.8100949340703, 988.9068208480583, 566.8599780450393]
car [755.628260269525, 516.3166598772096, 874.6849920106532, 555.8327227432924]
car [834.1597516711656, 506.779652359698, 885.8504756975657, 546.989127340899]
