car [1030.6236615090565, 512.6344006113594, 1226.1712647044205, 580.6598815988093]
bicycle [243.46578533025934, 523.6181985822063, 276.240019821755, 572.4134199749215]
car [557.6309452102661, 512.3302805042459, 605.7766569605988, 538.4944272580101]
car [44.32822008024899, 508.76796467498355, 177.40875629802593, 543.5196945037685]
car [647.2907642884131, 512.3708719217254, 673.0141446978748, 534.9422448562593]
car [944.6694639929735, 510.1310796053646, 1048.1110807912667, 560.629899311307]
bicycle [213.64445420858178, 520.4893404307595, 251.14050371144234, 573.0630905628597]
truck [560.276415340653, 485.66691373979, 593.5466469668584, 531.2288645359605]
car [1205.0836654855511, 511.4630828166295, 1568.2896420837112, 620.4126131914062]
car [717.8947434819785, 514.3929651884547, 860.0134001525832, 613.4762082931716]
car [1433.8355774029405, 524.7015809057801, 1600.0, 588.8771979375152]
bicycle [544.6676691480136, 512.4231112544846, 573.7740017675006, 532.5918941969201]
car [267.5862553430337, 510.393449557515, 380.21905992355363, 543.4659617416979]
car [780.5197242536617, 512.3123451841307, 847.2486389565396, 536.1475231725105]
car [573.5777043765137, 513.8717960852999, 677.677504156023, 615.0634691406366]
bicycle [906.8668547419893, 503.356445600493, 949.3291072447917, 550.0975858671558]
car [671.2293638338429, 509.96242554316393, 692.5599780314699, 528.1533512733062]
