pedestrian [970.3115902289587, 503.8274190051986, 1026.7191172128873, 623.3017485302419]
car [1188.875281859436, 512.5772547562098, 1412.1371833955188, 599.8569512997635]
car [851.8379947733745, 526.230834416475, 1025.0218445784435, 599.8124587261285]
car [1371.14757252078, 518.0533824238956, 1585.538790720992, 587.1810882212769]
car [525.4250170556975, 530.4002120074874, 555.2245260728574, 550.3484482408073]
car [172.52435411165467, 526.607240542867, 260.12875004260707, 583.113003891858]
car [477.2220998136178, 530.7254488071344, 499.0593989097713, 547.5708197332962]
car [490.5337380209092, 532.1642921936728, 517.333582510008, 548.9883895869165]
car [399.41978737704795, 526.7861642603382, 433.0381222633618, 555.2318888446233]
pedestrian [561.5727935258417, 528.9910704896131, 572.4199641215031, 548.7408439586079]
car [1059.9676164030661, 522.5524000103318, 1200.4327553365968, 571.8322206449582]
car [365.72246391922494, 530.8448088470496, 418.63328405487016, 568.5136068950723]
car [912.8756688165262, 521.5021495163011, 1072.7041349580174, 576.2995485622372]
car [89.49153397989409, 543.6966805615241, 142.40687687858397, 571.7257163832712]
car [136.55629219926016, 540.8776724443529, 189.43088477444644, 566.4389231801464]
