car [943.679707107985, 522.751998971524, 1597.2641246925832, 768.4900612250347]
car [1265.1699455676296, 540.0539630778948, 1357.093686742992, 576.8793529736035]
truck [28.511299607461947, 461.3913163491178, 377.1088891298294, 620.8420433825768]
pedestrian [407.96440584092886, 516.5536140410105, 428.41957923769576, 552.1736154803403]
car [408.687745156707, 516.2872987729814, 779.2071374712563, 663.4413157922049]
car [0.0, 499.6667184395941, 124.46736861942178, 621.005547652781]
car [647.2878449216608, 526.5384307500287, 1398.3979525617203, 854.2204060929834]
car [55.12353468800806, 519.0987951462399, 1207.9982415154536, 900.0]
car [0.0, 520.6619727468303, 220.04615289888486, 760.7428750315564]
car [39.89931089545891, 507.9412942057937, 415.5050697551874, 674.8477063419398]
