car [1171.6428171235214, 509.0145224768037, 1600.0, 675.2706206156083]
car [424.40321984481614, 501.12980153938963, 622.3113249885487, 576.9488983336007]
car [89.26460101686318, 497.87245941186, 251.9239005486631, 560.8829406324055]
car [22.301744237117887, 491.7199061212144, 240.00280556723192, 568.5574211862092]
car [276.1875729589361, 499.93022520228925, 564.9709367659965, 599.119005257041]
car [304.55727049500234, 507.5564085904566, 436.0532044268481, 563.7213989373223]
car [0.0, 223.19304731261863, 1600.0, 900.0]
car [0.0, 443.17003203874117, 52.607139693815995, 553.9768796406983]
car [726.8195029858499, 446.6670038167891, 1270.9636816580723, 677.2313478220716]
car [1082.6039361174894, 543.1222362021593, 1357.6178766529688, 632.5081994810229]
car [0.0, 497.0713921586046, 97.9469809842855, 548.4521073457252]
bus [0.0, 453.29650285496353, 125.43745692777486, 542.4705217991527]
car [129.08574604143138, 491.9404879064055, 269.8104062821479, 551.131512888279]
car [1530.8342837133814, 526.9591620937663, 1600.0, 656.5102540689951]
car [581.7332357713467, 505.87223281648073, 1238.3899500020718, 800.7823781062058]
car [1556.3438653643755, 548.4086584444848, 1600.0, 636.4665782899478]
car [281.1696439662898, 511.702430988008, 445.1381724787014, 570.6804504164868]
bus [26.793599912034942, 475.23945485206883, 219.34756053217927, 528.5273014540256]
