pedestrian [875.6348446427302, 512.3028642021515, 900.8987824404228, 566.4634192272753]
car [326.06269528625086, 505.5357057908303, 414.3083109658405, 536.1276785199614]
pedestrian [1248.6604081694231, 503.8975962409782, 1358.06215443647, 655.3174316196655]
car [520.1728328784625, 516.9689618710493, 562.0127671781084, 551.7179283971113]
pedestrian [894.1152575982313, 512.3390936275105, 920.0808831284145, 567.2249519999025]
car [593.9170481357153, 516.1386910295589, 639.4801311185822, 555.5889885008838]
car [581.3671397680465, 511.7927754821326, 669.6945412766437, 586.9578149851388]
car [489.3169129096792, 518.2032445528828, 544.6369630405085, 561.4686635039615]
pedestrian [269.3163585792897, 501.09307150099255, 316.61695090547005, 581.3042810437614]
car [445.6290072980942, 523.0657432725152, 521.7970874703756, 572.7529768712525]
car [0.0, 496.10416573588657, 107.97449613019349, 553.8462788223871]
car [573.7640869386843, 516.4138526039931, 593.111336427393, 532.2528417713784]
