car [1046.0903884615107, 544.5332090599059, 1172.8484679841245, 596.3616494886077]
car [1407.8613664798154, 557.3796017856347, 1471.3270342980275, 579.1760970708527]
car [1236.1557021409765, 546.1601368178432, 1336.040193808414, 586.559343950269]
car [963.4596735175445, 554.0540400136424, 1062.6140272140535, 594.6593365747007]
other_vehicle [1336.5921605147641, 531.3358698581964, 1439.620439859847, 584.3817893224069]
other_vehicle [761.7261601030251, 508.11756401991227, 981.3962979131634, 601.3050931824969]
car [0.0, 560.2179254434697, 185.36012396173544, 628.9971096457932]
other_vehicle [227.42269881378516, 484.31872533501826, 633.5588094247998, 622.1898704798032]
car [638.1239094341166, 559.759577976957, 782.3866078601216, 607.8936020184689]
car [1571.9288378098565, 530.1769634706234, 1600.0, 602.0668197498852]
car [1206.072940712561, 558.8677223555169, 1284.0755524211395, 586.1157386432792]
car [1281.3024342178383, 535.6017018121267, 1417.1921223977613, 597.622339410669]
car [1042.4309596620833, 547.198200689497, 1145.6280191559133, 592.7790589518092]
car [1135.118489903875, 560.6693353412622, 1220.0929902977923, 590.2694883747142]
truck [0.0, 407.77328050678585, 263.0193968321255, 648.5878880887097]
