car [0.0, 583.9843987875497, 134.82663115830334, 658.7384141087088]
car [1062.1501176145014, 554.5699162320741, 1171.8009726046373, 635.0653949592182]
other_vehicle [576.1384397709895, 534.9670597284179, 647.259053383974, 588.9546325947424]
car [973.2207862455099, 546.8068296177471, 999.7524703128071, 571.1304710471736]
car [1003.4871252358664, 550.6235470917287, 1050.95416381055, 592.3201585163686]
car [744.2191769825296, 548.3492165960868, 816.3028069390194, 606.5952267782194]
car [936.1630857655484, 555.1775578979779, 960.3902948311178, 580.0938949544399]
car [1079.9056309731611, 559.8010291946938, 1219.0928292520503, 658.0305023023961]
car [984.1859030763168, 545.1232951525433, 1023.0600942475954, 579.0207381942524]
car [368.7254768642485, 573.5022074188493, 452.4556291264346, 609.6898212835655]
other_vehicle [117.2662866644149, 524.5602653244522, 371.74747342880585, 634.8930725336112]
car [992.187564934468, 552.4675612605926, 1028.9710373255507, 581.9023734745606]
other_vehicle [478.1480743463348, 530.6104764281598, 583.1284216012451, 597.266573013386]
car [436.84282395334964, 559.0339293862116, 509.5347841481252, 603.7304242364637]
car [1018.8290111452295, 537.942442441522, 1093.8795931697111, 604.4963159142]
car [1037.0197605612216, 549.8027217482515, 1114.2417474222182, 613.7452172415383]
car [978.0534696418664, 552.348502098884, 1002.3551427206077, 573.4934841246634]
car [1250.0276980426338, 557.3978924491768, 1600.0, 900.0]
