car [317.79621756112647, 556.3297164843804, 370.02697478806516, 584.7615875979636]
car [482.43485581038897, 545.3617874566455, 548.7164604269637, 599.8360730881059]
car [155.8148622706334, 548.2269423807269, 260.7395561491099, 595.9461157184356]
car [250.53905363100483, 544.924157269133, 323.9795284529738, 584.9800942564608]
pedestrian [1118.5312985177557, 527.2815925957054, 1171.9245098146594, 607.0099150504709]
car [199.69238775926254, 555.1127094130215, 283.6694014915891, 594.4121061541647]
car [419.86390824544793, 546.4392033734999, 489.54105254715563, 594.0332967759226]
car [28.648933031581638, 562.5284811828615, 129.0472294658185, 605.1171916178602]
car [544.7233309813182, 552.8956280704755, 577.8964294837941, 581.1883621016341]
car [0.0, 528.4887602254622, 58.41492609911472, 648.1601237665786]
car [602.4299124158745, 549.2722690334351, 634.55939749953, 580.2110351261949]
car [136.9069224546486, 560.187552399627, 215.97499384938013, 597.1885690969189]
other_vehicle [1085.1146632457126, 190.99842441806942, 1600.0, 900.0]
car [284.90056388677704, 558.4551547180936, 337.6058085179016, 583.8627891751634]
