car [1055.9097389437113, 488.9057737539204, 1156.7905905026225, 527.5849676998472]
car [0.0, 445.7416853039755, 801.9771181107344, 900.0]
car [970.8157293246666, 494.4934297886807, 1200.3565552750138, 580.4051547174603]
car [1396.5195654503093, 466.6854352234854, 1600.0, 688.973203127235]
car [880.4645175500783, 502.1913503573583, 1082.3446509859982, 571.9046320298596]
car [1183.5105304125682, 486.654956106102, 1307.9093748767048, 531.0626265732378]
pedestrian [1326.8323161888768, 460.92962398960515, 1405.8762848675367, 593.6802023968186]
car [813.0845164031479, 470.43422949011705, 1032.628844125203, 552.7442675422931]
car [1276.5185543642053, 489.5359917720109, 1420.585600819147, 539.0397085052183]
car [781.5592385878571, 473.8445278385257, 991.6499748930167, 561.7207387872601]
car [1373.4560523450773, 475.456125647998, 1501.9622389131357, 532.927432531751]
car [623.6274494537769, 483.0502125935611, 816.6643976415004, 593.4113630273932]
car [625.3906415631943, 481.8544814963107, 902.4778214415667, 552.3615718652949]
car [938.7923691786734, 475.7959923198956, 1138.7963841079038, 554.1249809522815]
