car [1281.735852776633, 543.523513212217, 1333.1005316513615, 568.9076622093218]
car [1190.9541473525728, 539.6289106619199, 1257.338297944101, 569.3751096926642]
car [0.0, 491.3502858625207, 42.41689068466026, 691.6525329820925]
car [892.9753339072408, 522.8104269723573, 999.914139562096, 573.7072985866872]
car [1139.282771136134, 535.3997981124419, 1214.8749328357421, 571.8037006049557]
truck [986.1477112853406, 489.466122171288, 1130.8242776620832, 575.7814739455407]
car [1379.125911942308, 547.4817999728322, 1420.0636957169763, 574.3069492243412]
car [1350.7544371641834, 524.6706911772155, 1600.0, 703.0305265914163]
car [879.0629156207775, 520.9668300551624, 976.5731041455058, 566.9794855566414]
car [1071.2698287545793, 535.2085493134243, 1150.267614845295, 572.7244843056457]
car [795.7137465395498, 523.8868239532377, 898.6771840897014, 569.7312670167969]
car [792.8579398670605, 521.7031938100887, 997.6640176304809, 595.6259093921137]
car [980.8955859978344, 536.7210723421499, 1064.6708925519904, 570.6683524953722]
car [677.7302758898054, 525.1538296233831, 791.1209902482071, 567.8465508373699]
car [779.9854391666603, 527.341477364909, 878.1819873757382, 568.4675394869932]
car [174.71472138067088, 462.53336633505904, 665.8374914042747, 696.1075659711112]
car [14.048945410659675, 494.68721977547136, 167.50252341511933, 552.2561346371247]
