pedestrian [980.9499932823782, 494.7051747947855, 1115.120114100368, 721.3993571381696]
car [100.87405722831612, 545.2681095452436, 191.36074786791775, 586.5220266181251]
car [295.8677335119076, 531.2799007773776, 371.2936857319636, 568.231098297685]
car [676.4699391091873, 533.4796860873096, 696.3634641147976, 552.5789714264938]
car [66.20261147364126, 549.6691979528476, 175.2329467396586, 593.1260050101654]
car [1155.3063134569093, 523.883536637031, 1280.228634613867, 558.6664597821062]
car [1127.3481382210134, 520.7737061036194, 1243.8227646104751, 555.6687415145046]
bicycle [737.7828385139258, 541.7181075673482, 759.93771382619, 557.0465472901269]
car [219.35093170734652, 542.0373982676008, 319.91337957910395, 591.5542663025299]
car [588.1910682438076, 535.5031880909906, 629.2957679807362, 565.5084960321819]
car [149.67310598652043, 546.2005465719767, 262.41580480612714, 589.5207722673899]
other_vehicle [258.34157337340946, 522.3288303435822, 341.1861191472081, 572.1834087488941]
bicycle [736.3147006241804, 541.7361136729322, 758.3290429732373, 556.9707405114652]
car [156.61184037247395, 541.2611428300868, 251.97863595666587, 583.7559673912285]
car [315.4006578913316, 542.8459567372082, 390.2330505166975, 575.6580783147703]
car [369.6307880268012, 542.6190549206588, 419.0995703655505, 567.2729786891686]
car [388.806596881176, 536.7812105242846, 427.14545663205496, 559.6169686958369]
