car [572.0682034142039, 485.966318618865, 708.528911598215, 626.0832287323445]
car [1147.3183777400766, 516.590347567722, 1600.0, 778.7192999503903]
car [571.229870664119, 505.87729363880766, 603.4186568409104, 532.0696237680172]
car [430.3770296294956, 476.3045581355721, 535.9649575085672, 579.5193234081571]
car [80.51527737828755, 455.50367119142214, 449.63892300558166, 702.8511470399247]
car [521.1394604655763, 498.7436604319215, 578.1874906180888, 550.5521421400068]
car [1446.1271363525689, 533.543860889087, 1600.0, 595.3724649004408]
car [687.7796162755675, 499.3630711735975, 742.8214364296355, 550.9523500425856]
car [821.6913699892464, 508.62798937548405, 1156.5577420780285, 697.7446840116816]
car [0.0, 530.6627063774637, 134.75838123660915, 868.3798544121424]
car [537.7205250595068, 481.6226722807443, 588.6370268676635, 542.9048395978809]
car [1285.7051831159135, 518.6634697083078, 1456.1627108193413, 579.3922709310781]
car [934.3225208381989, 517.3587634778831, 979.1351661002549, 537.1535004284095]
car [1047.0762004291037, 507.81174227369934, 1170.0482745264892, 563.475078994278]
car [1096.4099046533802, 521.9335777901551, 1168.7818027727258, 553.6267189489245]
car [339.524315196799, 473.42061343585067, 513.1899907494817, 610.946667002724]
other_vehicle [575.7517108810999, 487.8822961444576, 611.6391414186963, 529.8926586369181]
