car [1545.756660798257, 495.77660174970947, 1600.0, 586.5936509385741]
car [1364.7644893300785, 511.83923837333396, 1600.0, 594.5512699089862]
car [1023.9840714290111, 491.7171692546537, 1155.194451517006, 543.3171808598958]
car [773.4396058737666, 493.59572663794137, 828.5982551130284, 521.722275148128]
car [586.6763557408076, 488.52176478915055, 609.2319153455255, 504.5034667145208]
car [747.8541268914688, 485.970365433079, 791.0346357777858, 517.5073483703922]
car [512.9456686954891, 487.29241193303454, 534.1034943178549, 506.8090328281943]
car [557.295913186176, 489.1679102004483, 583.3525899399843, 508.6380372979597]
car [876.5832689007543, 502.5127320425479, 922.317487686519, 525.576796977868]
car [611.9171373958849, 487.97061710227564, 642.5784348270398, 510.3918736275913]
bus [1052.026440741456, 471.6501140227145, 1220.9914872282052, 548.0852789544215]
car [912.3001458129938, 492.26494249149243, 1012.1897452920173, 532.4227209306683]
car [853.1021002662167, 497.2542263737844, 914.8192806177493, 525.3516718110232]
car [1133.3569619648254, 497.90903331121945, 1391.4819612725478, 584.6979963088035]
car [518.2064447644868, 485.63606336852325, 727.9052553667916, 662.890311385683]
car [712.9310790361023, 485.77200157815736, 764.2344363400384, 516.1298745608739]
car [682.7592090072148, 488.6348426030747, 727.2294305602682, 513.6318455219294]
car [1191.3063998042062, 501.7987657590285, 1378.3155862603346, 562.1624977372013]
