car [666.9973119920697, 526.6038068519039, 702.3530367637532, 558.0245893683483]
car [874.5487920454839, 524.3789662475695, 924.8720284306299, 552.6775525165848]
car [703.7215437951018, 532.2406045420848, 788.659109796927, 595.7046609808542]
car [509.44546319672844, 533.4743518987875, 566.7700808709253, 576.9029686192283]
pedestrian [135.64303055272615, 544.750701260684, 150.01025163558322, 574.6821770229723]
car [295.22112957465475, 531.6534084073692, 416.00368797482935, 597.2347501822]
car [1108.7636539596897, 543.7784184654039, 1525.4440818255127, 900.0]
car [735.14550531941, 517.2715532698227, 899.8627467095283, 634.8379446534755]
car [825.9215920402071, 524.7602842488958, 883.4127205411268, 553.754203236023]
car [571.5068624542204, 528.3348869584235, 596.0732092482928, 549.4896973504666]
car [682.5559479667097, 532.7163715173986, 758.0497779404473, 580.3533381241491]
