car [504.61078081253794, 539.795634389369, 531.8937994388835, 563.909317605528]
pedestrian [1468.820773306719, 516.3034424203936, 1519.0360658217303, 585.3747735137096]
bicycle [1589.7463385781712, 541.5524900276915, 1600.0, 571.8912328492261]
car [323.6532807855699, 547.764430147714, 433.9719190325031, 611.403238846884]
car [1290.1645977911423, 529.6615371284338, 1542.1039959473726, 613.9076892526354]
car [260.98131468319684, 550.3217533546367, 309.0687454835539, 569.4471067795184]
car [507.8622804138415, 544.5767789354086, 543.785051731256, 568.7179382082303]
car [546.8012035296531, 546.1568972015604, 583.9392013899676, 575.2450942896078]
other_vehicle [634.1799378331615, 529.0376210612951, 665.6222605461478, 558.4134613326928]
car [0.0, 488.9583614486027, 371.99731649396597, 900.0]
car [646.0050132866179, 542.3468498071311, 667.979549195815, 562.2089285658534]
