car [843.9551727615042, 476.8981957910368, 1054.9543796448365, 554.6311194817305]
car [1308.1868827304668, 490.04091115382164, 1450.743732888036, 525.1687252829568]
car [976.1100574178882, 446.8244976135216, 1267.8390157825445, 597.4565585511958]
car [1226.2389674590493, 464.88592114200355, 1600.0, 744.5800139172914]
car [1544.9945555155732, 483.93642067334554, 1600.0, 535.9105202520744]
car [1229.2023540910889, 487.05183744544536, 1335.5179355206749, 521.0152922987202]
car [403.1736210683909, 480.711267617512, 663.7417232967115, 599.8777054480863]
car [662.207821121642, 472.53684062162205, 867.1677515171334, 565.5575074532028]
car [905.5464177635907, 467.47438409145184, 1191.790791638077, 560.7579350378292]
car [519.0461309120384, 481.02843044389937, 693.8209153129142, 553.2217693785323]
car [839.8073551689733, 494.19806563658534, 1096.702928090344, 584.0103109065702]
car [757.5653434921056, 503.7117539149241, 976.3246336345622, 574.4033695432821]
car [777.2791984567037, 491.7962065901711, 897.8386637460428, 528.7920849701617]
