car [85.31216534205844, 524.4166294238629, 358.95384763096985, 634.5875574666749]
car [229.51712242553634, 555.1071345666055, 406.97232922517946, 621.5566561163928]
car [493.021119478226, 550.1215861251609, 661.6384553833537, 613.723896192338]
car [828.0518030491623, 559.0521629451988, 935.9922159818191, 606.5075532978041]
car [0.0, 522.9057377479776, 170.99421681512854, 627.5772710761294]
car [1131.1276340618265, 544.4425602962324, 1246.4724195343629, 595.6173498394373]
car [966.5166519554534, 524.4369954210006, 1146.4256744453144, 615.2448542681902]
truck [1243.1928847372023, 515.6451890599837, 1379.9175354467359, 595.7976194404517]
car [668.273498080355, 551.9731105609975, 824.7859047023047, 610.2815148419891]
car [1327.2842627018624, 538.6047090548018, 1580.2012602992822, 647.8419166781753]
car [1429.6857584095771, 538.8826747061997, 1517.726444071484, 588.3934926356147]
car [1386.0085302352647, 552.6299814401694, 1600.0, 748.0739731010777]
car [1261.8609702671176, 554.9289718417766, 1403.5242208768243, 614.4985598089671]
