car [885.4753162312863, 783.8783273925922, 1128.719747857015, 900.0]
car [645.5205479896085, 777.7423699265337, 775.6522829084909, 872.6256964219788]
truck [0.0, 618.0208171839815, 32.39969255243284, 900.0]
car [483.7707453236399, 786.4991521893464, 600.5216650524033, 889.239951668765]
car [308.2235872976715, 769.9281599642475, 509.1494876165094, 900.0]
car [134.10132366403158, 777.1598073191925, 257.5231450688856, 881.7781318930746]
car [887.9117487253822, 758.809336231942, 1034.4136623802399, 878.6120209154759]
car [467.8189961228954, 763.5634278432336, 552.3930249816437, 842.0288451014558]
car [11.377155518556089, 790.3090574404075, 137.5531505220292, 866.2404386151585]
car [0.0, 795.1537507118484, 114.20048050414069, 900.0]
truck [1251.0991572166888, 518.9079477942463, 1600.0, 900.0]
car [536.2708738904574, 787.6584158304313, 766.9392161547074, 900.0]
