car [294.61138038447746, 534.6008522932922, 346.8107755855464, 558.8858696530435]
car [624.9753178528692, 538.7874942486725, 657.2313182792357, 569.9773639083265]
car [249.29062152998583, 532.5579226876785, 307.0653201456222, 561.989682291337]
car [354.19045342062014, 535.2429191105616, 390.1161457700538, 554.6938315815571]
car [739.4028853393833, 543.1765701268718, 868.9613216296432, 621.6049449325004]
car [578.4076473452827, 534.3275339688935, 605.4172680710903, 559.011750882435]
car [669.8132903703057, 535.899582751827, 692.5430296250418, 554.9503074213907]
car [754.1925835903027, 401.09159395937604, 1087.4112576400112, 702.6822441243843]
car [958.8391288714445, 552.5095944331093, 1600.0, 900.0]
car [558.1575374730286, 530.2611538400806, 581.2936892164423, 549.9040494375748]
car [329.9873658441371, 536.1280905732357, 515.1617269594244, 665.8023247753051]
car [520.0893104433621, 532.6268358079011, 555.1376582694344, 561.5307824576552]
car [375.9900438655588, 531.0317775431724, 410.3609815883662, 552.6637563143131]
car [0.0, 535.9792733217913, 9.03188083296645, 585.3656429369587]
car [0.0, 544.9119490440867, 46.398136879973194, 572.8087171436]
car [472.4835469971904, 536.4854669463173, 529.8831877791689, 572.6253676048321]
car [452.38808184744926, 528.6122703600521, 490.0817015647316, 558.9016252401323]
