car [924.1851471410389, 546.0000557008435, 1061.3693291817092, 591.5671937925802]
car [0.0, 541.7644070339535, 49.65277187002293, 636.8397166184782]
car [1232.3956609519564, 543.5686745707245, 1360.9010862997125, 586.0823411727711]
car [1585.2492784460094, 535.5437668458602, 1600.0, 560.9235774439638]
car [670.9020718007968, 536.2052804519944, 821.7301616011554, 593.7930063842459]
car [1469.220284932508, 538.4138358982727, 1562.1394882670638, 575.5918430051667]
car [476.71189087376223, 532.8275898722896, 680.7156725208355, 612.6341967212601]
car [1171.0737591481031, 543.2212737880332, 1283.5902115051117, 580.8927198132649]
car [0.0, 536.3958841039613, 308.37662077433805, 657.105241197268]
car [1291.6277533547634, 542.7273244882982, 1371.122605251968, 569.2772622574314]
car [989.2625520787395, 536.6382023730089, 1102.137974239698, 583.8516735118294]
car [1420.9681632369889, 546.868822127512, 1502.970197613772, 573.9585156600151]
car [0.0, 547.0465132122862, 236.82572113615979, 614.5643862281861]
