car [555.1701028793569, 527.5257462739781, 581.4821245630133, 547.6183498270568]
other_vehicle [0.0, 509.05271130949853, 64.76030168126482, 596.232994241911]
car [672.7643231839023, 524.3598510550619, 704.8680138263684, 553.4065770253693]
car [613.9299656089105, 522.1838550644383, 663.4527591216323, 565.766411525274]
car [243.37731166728688, 541.1752624104223, 294.07079692896264, 565.3357120483105]
car [997.5479108931839, 540.7056934913795, 1600.0, 900.0]
other_vehicle [156.22283201028688, 509.89604899895244, 268.9877811925377, 572.8823291526654]
car [314.25840464098724, 532.2048220303056, 363.72551730448765, 558.1157267970964]
car [0.0, 539.6544665798862, 215.9156399456823, 882.0867287530547]
car [681.7942094949134, 519.1470319471333, 753.042961654238, 570.5177306526153]
car [284.62547511062843, 534.1157180858117, 337.01651907923633, 560.794754782779]
other_vehicle [0.0, 507.43772592632746, 169.08190419779214, 587.2116142905193]
car [706.1269962062864, 527.9609600414292, 778.5432288887633, 581.2357960412947]
