car [487.1942328149901, 507.95161956991996, 537.9365933281584, 527.5889925918996]
truck [0.0, 442.7901280499942, 256.5666869867287, 538.5462064113955]
car [310.2145523795669, 504.1604375204841, 434.1055913697588, 548.0345783791529]
car [331.59176140419186, 546.8657823718512, 819.4655763662045, 771.271662383734]
car [22.723113736143198, 497.4246757962117, 173.76590140638407, 609.3303908954755]
car [271.78621493691384, 493.5337753592208, 384.59848612698096, 532.5131613685039]
car [227.66310977662087, 497.1723505298998, 325.4511617271265, 533.2457634089876]
car [125.30008439029636, 496.89704836099156, 239.61142199236798, 533.1034565145242]
car [0.0, 538.8821126412847, 1035.3029415354372, 900.0]
car [412.8005399089533, 506.58321082593346, 479.425777360872, 529.8432301221184]
car [520.920693039682, 499.4780914994336, 591.5768594415769, 527.7730080610826]
car [0.0, 494.58290173621657, 107.3118626927014, 538.0994047977307]
car [0.0, 468.09994691376676, 9.437182939693779, 690.0143972054354]
car [440.78725508897173, 499.2668667713123, 517.7016896814414, 531.2001440321585]
car [547.3531521950675, 505.18399080892, 601.7767991852089, 528.8269418876073]
