car [0.0, 540.5109830723949, 202.09168387726598, 619.6867783559286]
car [681.5451118964673, 502.9072276959929, 733.5615308732396, 532.4482588545409]
car [165.70301672899168, 533.7484966932592, 318.34510972902586, 594.0493333868346]
car [0.0, 551.404841288878, 41.89234434497178, 616.1170986009851]
car [485.5602309652217, 523.2169238326825, 571.7982294280604, 556.881850739512]
car [367.77740250937006, 522.1831390723124, 503.6779805313195, 573.667687366749]
car [770.6129564813314, 500.0134080001573, 812.8676584290762, 525.3833902739227]
car [237.9127626387574, 533.593401500802, 393.6865238740483, 588.645774182422]
car [607.0833765420276, 503.01226510417996, 697.1574623466499, 545.5416324158202]
car [510.81832093347407, 508.5852228520842, 608.3865213553687, 556.2376047044496]
car [704.3560781025326, 499.59765448096726, 761.1410620807699, 533.9515321516661]
car [798.5854189296633, 498.1671345077361, 838.039277590654, 520.5536349716402]
