car [15.42355472499436, 529.1807691754831, 94.22536928971014, 564.610166960019]
car [1540.9095184022094, 588.5375643514751, 1600.0, 641.5396039665279]
pedestrian [1457.0203531160068, 574.0582555129909, 1496.7652724513596, 646.5414523928337]
car [1457.1771059933285, 582.4275798674493, 1591.370686642025, 642.8705559031765]
car [0.0, 529.6815045245378, 47.53402910965588, 560.4930385680294]
pedestrian [1418.195715633125, 575.8853930743888, 1470.5159319203183, 651.4629453334641]
bus [0.0, 496.78284205081036, 21.88688860436331, 559.7251730424695]
car [0.0, 524.4044669594872, 320.3514110384813, 664.0752335968621]
car [260.28140706288457, 508.55337053071514, 429.3442565115993, 588.9392830494388]
pedestrian [1349.8161533399627, 574.1723931597471, 1390.0570825442742, 641.9365352195165]
