car [1433.6973533426142, 486.08326284264, 1506.0886759962589, 521.0375044147688]
car [1546.740079047504, 478.2204979859348, 1600.0, 510.0165757365773]
car [714.1198541685342, 515.094344924496, 869.1794909652613, 577.939982463817]
car [556.785432380232, 512.517874129698, 764.8169189717433, 598.7306378700983]
pedestrian [306.8387933101974, 504.3302348354672, 383.0614611777033, 695.3529684842541]
car [121.96584080791057, 521.6474572912979, 445.68956921453304, 648.6141936085357]
car [0.0, 546.7217448718911, 228.65979156015095, 650.9150845557668]
car [377.2497623249385, 530.0330480823299, 592.0003564697663, 609.3574387525255]
pedestrian [0.0, 542.5873279363493, 102.64982352945118, 710.2697191590321]
car [12.162296438875599, 536.0269235007094, 284.4990649837784, 629.1737100247933]
