car [35.80002866599721, 548.706519844879, 270.67028884017645, 645.5091314775541]
car [746.7114840894844, 547.5630005953683, 884.9874860465661, 666.2831064652424]
other_vehicle [533.5452740982112, 546.0308086631138, 613.8778607268318, 597.272096146445]
car [997.6733582329582, 562.9469343637355, 1030.6915688568909, 587.6539196685101]
car [281.9403448483663, 529.7530314734535, 603.6532502099769, 713.6037032051983]
bicycle [1165.2021891807003, 559.7836544461721, 1182.732952491591, 592.690973006267]
bicycle [1189.454742423069, 560.2561534204202, 1236.6162801655496, 598.3794697032037]
bicycle [1178.6996350100485, 560.623159160563, 1196.1700011181088, 594.1872677846849]
car [557.9243957625237, 570.9662108171672, 642.6120093635471, 609.7261221071313]
motorcycle [626.2557554458622, 572.844400087758, 659.4819581416195, 590.3108116786]
bicycle [1194.1604783962623, 560.0473497941346, 1241.7223115660472, 598.4741315085972]
car [170.68653384758545, 564.2876976100396, 369.4917839248305, 640.8738879172538]
car [1426.8685020125254, 537.5638102419529, 1600.0, 625.1740236952869]
car [830.722701422377, 554.826272310406, 901.2745369075697, 620.1104334297389]
bicycle [1176.011734626178, 560.8181686706101, 1221.9557270064336, 597.9277561815705]
car [0.0, 566.906855684957, 62.70717565160199, 690.0342901332848]
car [258.4733320125593, 558.8396927986305, 397.04066471913205, 623.1342558019433]
bicycle [1171.669464843805, 560.9843504995071, 1217.334189824212, 597.8599085910555]
bicycle [1159.636593264, 571.5943292488582, 1204.5744120871584, 608.0024425556994]
car [582.3672808757873, 550.414272494346, 645.8295064096598, 594.5171491629833]
bicycle [1185.5826763715518, 560.4173253005645, 1232.3988940092554, 598.2528787249058]
bicycle [1179.9833429589353, 560.6424496707815, 1226.3591272755687, 598.1102431993488]
car [943.2978738530539, 559.2525210447735, 987.0323574571916, 601.0181462751104]
other_vehicle [57.288951793182015, 516.7972241661, 323.48333942393737, 638.0946237646551]
car [0.0, 573.2646829344995, 190.22956470264316, 664.9061333245962]
car [476.2970749455339, 568.5321038629667, 539.3277022764062, 606.0751003941326]
bicycle [1110.422691495265, 567.1607838547296, 1133.6372744193793, 596.2220068793043]
bicycle [1117.3116796532186, 565.1901850937275, 1140.0568463382085, 595.9836429489096]
car [742.7159516583782, 550.2115046850566, 823.0421198837824, 614.832421648072]
bicycle [1172.0630328467578, 560.8816868844909, 1189.560304967342, 594.1120628078713]
car [1002.1617118397883, 557.2400777623699, 1044.3748360675015, 592.496860480473]
car [884.7129582221183, 560.7228490888408, 923.6069795351086, 598.1713605308254]
