car [1599.5716730697006, 566.8135222786126, 1600.0, 594.6726747797737]
car [0.0, 564.915666264222, 301.5737400940406, 681.2943176602073]
car [887.18503350613, 570.9072146387659, 1093.432021085616, 651.5550705867378]
car [0.0, 465.2115165339455, 1161.8133203036955, 900.0]
car [1588.4535896753391, 555.9566855743149, 1600.0, 720.2439546124309]
car [1147.9382552026852, 584.6045708836434, 1259.3616898030425, 631.0353377077997]
car [0.0, 578.378073379497, 13.688282071846722, 644.6220596940044]
car [0.0, 569.2930166477638, 590.883005906388, 806.4441821522892]
car [1228.0596852839583, 541.6689989507692, 1600.0, 712.5558375335945]
car [773.9575899840056, 560.4647337520034, 1225.36262861277, 731.7143105544873]
