car [1275.6360515532624, 503.1120376898971, 1469.0347359068571, 560.3116392321557]
car [516.1419081414462, 467.1114551155714, 729.5626633901313, 671.3640115190342]
truck [812.7433405768822, 478.3042306876246, 896.9827552920324, 524.1554273437077]
car [509.1239783162067, 493.6816207890628, 559.9032563504754, 538.2601744209009]
car [1302.25427061562, 509.05726827996085, 1530.821653870741, 575.2935993677359]
car [358.04742102028575, 501.0334715222019, 497.06568857272225, 598.1241790310604]
car [661.4594176828683, 501.7349918262249, 714.2028804106973, 544.8277620282037]
car [0.0, 423.17592460762944, 360.72891523149036, 860.1030237459344]
car [775.2996827661871, 504.27751419586053, 875.104996765919, 558.8678091502138]
bus [556.7244174522808, 479.27401065170585, 593.1636794331392, 522.3643659311018]
car [1434.2557995667153, 512.3259688181649, 1600.0, 576.0131969998495]
car [705.1826993938784, 503.1342350093954, 739.1248426922178, 528.2701226400901]
truck [999.9176698326535, 480.96262116102275, 1210.5812618950422, 543.3234596683491]
