other_vehicle [311.2961422226195, 538.6307966471098, 368.2928791047423, 574.3063440747676]
car [514.7633568120082, 542.3125565595619, 539.43527724992, 565.3313047247761]
pedestrian [95.92729561191939, 564.8194557920609, 114.76511221146012, 602.1074063794355]
car [0.0, 566.5070371999125, 107.23142138682631, 613.9165857200148]
car [666.3061035203445, 538.655942026395, 721.0321813926382, 583.7704012322357]
car [542.0961759819977, 547.7118373068305, 571.4695631299928, 569.8809853364003]
car [640.8717418070521, 537.8927433868006, 671.8933982992266, 565.6861192539894]
car [363.93866182630103, 548.3073396968149, 396.5466982773763, 569.1910004286863]
other_vehicle [137.32671177372615, 533.5492027990741, 257.6440352973384, 593.0217455282633]
car [578.9685102007304, 539.4938420850084, 635.9085257990268, 591.2221856549618]
pedestrian [799.1578631777389, 536.0156191288339, 813.2905586423458, 557.2396431091425]
car [47.32578131968504, 555.047667315607, 289.9611468040036, 669.3343001441033]
car [649.0430234329199, 537.5231716230003, 689.4970517638474, 570.9187078548596]
car [414.81513560707486, 534.0345215471596, 487.9709766406737, 591.877980266168]
car [710.5640744021089, 542.9543536052998, 871.3846675006922, 636.0333245623307]
car [653.1804341673912, 538.2100737676632, 700.3739000764821, 576.4796681791793]
