car [781.637205168951, 493.50512417197524, 816.6960138507583, 510.28987071080644]
car [1582.1821013252468, 497.92345393332215, 1600.0, 604.6094687720285]
car [598.9476799548961, 489.15011163183124, 649.1392092336926, 506.5016422559828]
car [472.8102473275355, 495.0728498998675, 545.8869677361222, 544.5359623570731]
car [1056.8681264766535, 498.2286183703362, 1158.632419666967, 539.2902796266369]
car [402.4554028280805, 495.58386292086743, 520.7556178857457, 585.1488974861743]
pedestrian [300.51954264227163, 477.3427339790288, 341.42794961380133, 565.5805530268759]
car [1006.739222016401, 494.3591689948731, 1111.223914690617, 533.7378136830779]
car [1157.1088629893127, 501.6596857688701, 1369.8312254802436, 573.9456376524205]
car [784.1610203845695, 498.61247080308215, 985.8948832237271, 613.7522648788155]
car [859.4254571289517, 495.5766540976442, 921.9752381445436, 522.8223037746742]
car [1454.4761954397777, 520.5736927846998, 1600.0, 585.9727445851945]
car [589.3417986724533, 493.9484368181038, 739.7995193959504, 611.6832914669678]
car [572.1193819187079, 493.40466825010236, 645.8663125256915, 550.1535363770244]
car [714.2946558766413, 491.9110600863888, 746.2810035103201, 508.89458987840385]
car [1243.2658347607876, 501.9934709405556, 1461.9701867515648, 570.9715611466082]
truck [860.9656985718763, 475.9264456179394, 989.828647484873, 510.0410846548972]
car [1137.4048401586733, 500.3373537772949, 1600.0, 900.0]
car [927.7237017067289, 492.1788941971327, 1030.5906618422398, 534.0812606982806]
car [447.8123344853975, 493.99857241688443, 542.0685738792671, 561.7084476110879]
car [819.7069811950958, 491.3781860874755, 881.5932841403801, 519.4114921764717]
pedestrian [338.1449020789677, 473.6363446408421, 376.895812131212, 563.5824067338074]
car [746.8149936291309, 492.49597238596044, 786.8343903890307, 512.8210174986588]
