car [538.1754179013491, 529.8935172364829, 789.7116862832194, 634.7142359969865]
car [1125.6138368130771, 570.9564631294869, 1430.3098618749948, 680.9503541870719]
car [367.30163347939333, 542.45881127665, 545.4758193224745, 608.9194982673805]
car [0.0, 516.8132226590608, 914.5983379483974, 900.0]
other_vehicle [0.0, 501.5338672429777, 115.18334675338834, 569.6608525239817]
car [121.35565513513593, 538.1595134899308, 215.97145124997073, 577.7028783598497]
car [48.20446798846136, 529.2825425785342, 165.7073211599204, 576.3474771037947]
car [215.2417581739963, 544.5651417911595, 324.10344740035947, 584.243859494028]
car [0.0, 509.97792954746274, 183.08097259277747, 616.000970740667]
car [1452.1146552899745, 554.1868330596773, 1600.0, 671.5252747904444]
