pedestrian [509.20975061170606, 556.702309432827, 583.2376375745235, 659.5504641666723]
motorcycle [90.0592258282791, 566.7108441998462, 214.28459139779744, 713.6202058743517]
car [911.1557690896493, 550.4390756405081, 1063.2498869479568, 693.8138629006087]
car [835.7017225303944, 570.9079382672621, 1126.0777250280546, 824.5224882203527]
pedestrian [1103.8509961750974, 562.7193065727942, 1116.8762653650267, 583.0469012037734]
car [918.8027921372152, 540.0114307202404, 1027.78956517491, 648.6357021317802]
car [893.7162047680108, 563.3432316657709, 926.3212929299464, 585.7427211700897]
car [522.820674412575, 562.6752612741834, 661.6031214320733, 606.3689864755946]
car [533.4511902646587, 548.7786308976023, 674.1850049090833, 596.7284520399232]
car [553.7134422432192, 548.1809955100015, 676.2902963178307, 592.285253428067]
car [1116.5701132066008, 557.3943825101464, 1223.8764665685896, 645.0709442931691]
car [627.7757922060657, 555.5164387818269, 724.9072575711822, 590.4642481272299]
car [1226.0892606573711, 568.8077179969408, 1600.0, 821.3727259817365]
car [0.0, 552.5256252134335, 36.99937765096246, 715.8807615812726]
car [1321.2866907575874, 560.3207844491752, 1426.1231014018963, 595.2218216913652]
car [827.9826514708002, 565.8564742944418, 867.3193767140389, 589.409460654488]
car [884.9365397853079, 560.4913580950084, 916.0535448237051, 586.4197846892743]
car [955.1720188739769, 536.9850164763923, 1040.619426638862, 616.7088913295977]
