car [121.32428776397172, 501.9418710847747, 1213.758665927256, 900.0]
car [1056.2761726303654, 543.7192329646725, 1155.6382214834807, 593.5635826956684]
car [725.6903110469846, 518.7934099543344, 962.1195818997852, 608.6051797760474]
car [282.213164802658, 495.02256678968945, 742.1422238721271, 703.9002319038858]
car [1494.2549317578075, 555.4484571183268, 1600.0, 604.7034632371013]
other_vehicle [153.33874458581639, 445.6443780135366, 468.5934140826372, 610.9511952318862]
car [1549.584788138784, 558.7108666386029, 1600.0, 604.0161201968225]
car [874.6835806358425, 537.8537757092539, 972.9073165409059, 582.3092025086937]
car [1428.6731025019399, 559.1085093559608, 1570.16612897147, 611.930422252309]
car [0.0, 473.84238174162533, 151.48624974710722, 578.2735170258263]
car [588.188306177594, 527.5635649052452, 697.869733736949, 565.1166588927357]
car [104.31522955045352, 508.9652190349888, 200.22844773533683, 536.1210148568557]
car [634.7806169789184, 527.0712738649576, 744.5867678915266, 565.5381417149733]
