bicycle [657.357794966985, 575.2614422088697, 845.2124479804277, 695.216530653448]
bicycle [639.1959909840601, 587.4475466503576, 832.1137978769636, 703.6017921117431]
bicycle [677.1507885296346, 553.1935067530186, 833.8398414856815, 656.4166839263661]
bicycle [1006.7372447962142, 521.7950633063846, 1151.8765015406912, 614.5363015824844]
bicycle [684.7262972030767, 543.4191766852103, 831.9988842364866, 647.6960737863077]
bicycle [1007.1819163382635, 528.0128676481979, 1166.2909553913707, 627.32286570807]
bicycle [966.4842931207195, 533.8942340603185, 1005.0510835231705, 607.0199531702053]
bicycle [1026.6633949232357, 522.9973901442372, 1182.931271965059, 622.2980567140614]
bicycle [622.2449639486925, 583.4139156774241, 822.0545522129731, 712.841137207653]
bicycle [679.4722163707524, 555.5860353082111, 856.212181325521, 679.6526005647338]
bicycle [685.244797835853, 552.5893884805338, 837.5350425716563, 654.4115251021716]
bicycle [710.692526318435, 547.3758133184348, 842.6194897488235, 628.3900526972587]
bicycle [1025.4839708470442, 539.9520622394675, 1210.205549745666, 649.6148067345395]
bicycle [740.0968293110187, 528.2592117605125, 861.4552873030335, 616.4159288289413]
bicycle [1102.3291913903863, 559.8549817590625, 1309.9516845440346, 677.8068731355175]
bicycle [1120.532302470816, 586.4364976802698, 1333.0208162169129, 695.5033058500729]
bicycle [1015.0909837971997, 523.8557928375075, 1185.5624806412031, 636.879610408353]
bicycle [1071.552056779889, 528.9038059708572, 1269.6295698748186, 659.6036738212913]
car [280.7939642111659, 468.54559600749, 701.0983757194554, 653.0662355584569]
bicycle [675.8963787213183, 554.0608291366544, 837.7509555474309, 665.6776332258644]
bicycle [740.6530037202878, 528.4238912547958, 858.4005823176342, 613.2165569870643]
bicycle [701.0504611919902, 545.9186127543576, 839.6258704854397, 635.3589221947202]
bicycle [843.7904174423559, 529.616242542085, 865.9817248544812, 608.9444100818658]
car [428.97426111946555, 501.40340771418056, 720.8893886640336, 605.6171196195779]
bicycle [695.8544329719441, 536.1742453752798, 839.6866827339013, 641.6589298693308]
bicycle [907.3239451801122, 535.0780828849353, 937.5195121036068, 607.3814598126224]
bicycle [863.1021821276497, 525.1602789303234, 888.0366570788697, 608.5430818543362]
bicycle [945.8858189287182, 530.0491861241138, 981.5990572268528, 606.7906446336956]
bicycle [1008.1962087869059, 531.2512082319497, 1171.8863625660813, 631.6230948798699]
bicycle [718.1328772256178, 538.1584009847536, 846.3482861569825, 623.2636562849616]
bicycle [1058.7732614809668, 521.5372626616612, 1263.5765969987797, 662.8850624307237]
bicycle [667.3629716874589, 569.5418294748171, 849.2364518590595, 687.2767021897332]
bicycle [728.8161088139744, 524.1176613367542, 853.6046902270452, 620.779114285542]
bicycle [883.6924172960745, 528.3655288730998, 910.9501158911331, 607.250212350348]
bicycle [998.2370305298323, 523.8969806107721, 1138.3298787459905, 610.9919607422075]
bicycle [1159.470062511104, 583.5068909530976, 1378.0403047767454, 704.6573567626887]
bicycle [1064.077049298685, 541.3508838239393, 1262.2533079987002, 656.8744610870841]
bicycle [1111.5094714424656, 568.1937897332266, 1309.5402830167259, 685.7481137476166]
bicycle [988.0349908692792, 527.9268178087073, 1027.3297692027888, 606.2650054593939]
bicycle [1003.9837688210336, 531.1514670440283, 1152.2662981300086, 618.1161250526966]
bicycle [1019.7806279957823, 523.6564031866534, 1197.513896905574, 643.1093752285999]
bicycle [927.7666206433967, 535.0281562513661, 960.761542728296, 607.1320643048089]
bicycle [692.6277778975135, 563.1044193853589, 863.9696828269457, 672.8596513597937]
