car [1327.2650212555448, 523.8648125431928, 1501.2760267061008, 571.9016987836237]
car [1142.264828884566, 514.3960175319493, 1266.9042805112863, 552.847749911509]
car [860.8840274515761, 506.0079323322213, 895.9565456401414, 525.1229621714584]
car [32.542811182325224, 515.097607591142, 403.7066672601108, 723.7816848321329]
car [440.88342008134754, 502.6613055966838, 541.534178794467, 570.3749970337942]
car [483.4218025450352, 486.0796447906306, 558.0632369588828, 550.7652864169609]
car [1431.2968618279872, 511.8871183380316, 1600.0, 737.0857544304992]
car [791.5853988687882, 496.968931594419, 891.0080059938448, 559.0223403978378]
car [570.6362793278281, 490.34134235224593, 656.7343063967767, 572.2217782177656]
car [368.0259605566969, 508.20019307986286, 508.85771752945607, 605.2667903210241]
car [658.038130018631, 496.6440240800046, 698.9463212784327, 531.491766535457]
car [644.4390530620343, 509.54786562457394, 672.7353584364462, 534.4904926009623]
car [0.0, 537.505591066511, 200.97906637507626, 900.0]
car [531.753252234595, 503.86605842205654, 569.1555369640612, 536.7658581105632]
car [1220.0020754524803, 516.479997816284, 1370.4261046861518, 561.8313994193469]
other_vehicle [536.9084453164963, 467.55904727827175, 584.2187626519855, 529.6349673711294]
car [1026.9907739592418, 506.3942139317854, 1118.0100442901312, 539.9690689293445]
car [698.1269054865433, 472.7941009221107, 806.9438805534932, 567.6568046484682]
