other_vehicle [190.65694884300163, 517.126045042341, 306.42728379573094, 579.3158008493427]
car [665.5304214834683, 536.799729914065, 704.2465198930759, 564.4276127465598]
car [666.4692643534255, 534.9149397116399, 709.6237844973701, 567.9286547592964]
other_vehicle [0.0, 522.3242121156271, 58.9828085434613, 604.7714321924516]
car [696.1201207399178, 529.4905876772666, 772.843025522616, 592.8653346942883]
bus [614.3181502137575, 509.5516820848165, 651.3779116429866, 556.2357598933264]
car [690.0513394793509, 537.6476562372976, 756.2286180822613, 582.1510068251497]
other_vehicle [285.73525564403093, 522.5918481446739, 361.80740361548476, 569.5891942743237]
car [720.075496203072, 544.7614538938626, 824.2058245927515, 610.1406551844103]
car [675.7348795733715, 534.6731692772444, 727.7538061872044, 573.8350595642007]
truck [433.6159815237393, 518.6107947564242, 481.10363286829124, 559.8573155713203]
