car [155.91891637785596, 536.2986119139812, 220.56190430743686, 558.9293469445616]
car [409.8758711171563, 520.3114288194212, 444.20213476260136, 548.4713709407163]
car [518.367928498036, 527.7951693711373, 569.0081133838746, 567.9290765624993]
car [681.7226062434737, 522.8332348601062, 728.0337907894211, 555.0533697869218]
car [699.5709952561917, 521.4463102645651, 766.6149716399136, 566.7328270986319]
car [713.3971095880447, 523.2068400687734, 780.900583045514, 576.2724540946186]
car [726.8625465430904, 525.637914483386, 833.309002153085, 594.7900441463178]
car [23.26986359424986, 532.904195146053, 140.24996911724537, 578.2694372502569]
car [782.1447188725482, 526.9213120002967, 923.7984368228658, 636.4580501820027]
car [211.26398048512453, 529.09676930543, 458.85640951997544, 674.1399285400012]
car [612.0047858796597, 523.2777324122106, 649.1321474865807, 557.1520602587686]
car [108.91188524064331, 539.508452378634, 195.56542276474474, 570.0745196163907]
car [0.0, 531.6670811774298, 122.32048119160245, 581.9318920358184]
car [0.0, 537.9220312929194, 52.512173065778526, 566.5285255585262]
car [343.10436609914933, 529.3186912139897, 382.6477127861888, 548.9925696772109]
car [322.71020268774294, 530.3448186651747, 362.393702599095, 551.6156248203043]
