car [1055.8650634536486, 504.99482477570734, 1167.8795530332832, 553.6880309272168]
car [169.93337418797248, 513.1726155388639, 428.8595938219741, 675.5022524378203]
car [960.907362788244, 508.48809508021264, 1012.1723628472506, 539.2640305369605]
car [844.2523994909732, 511.8986353987379, 866.705552418281, 526.56862364126]
car [712.8366424432841, 496.2165487369358, 787.4554527023071, 547.1989775289493]
pedestrian [480.862200659497, 503.6232861364516, 494.44583011305417, 533.6265149504128]
car [1454.286097148016, 410.65200034671204, 1600.0, 900.0]
car [911.1420210009549, 508.7157671425313, 983.6436270928257, 543.2179015924991]
car [440.71636927428887, 479.5564668544883, 664.8030776664089, 655.5420616341344]
car [889.5072114174533, 513.8227690833077, 919.3700969784359, 530.3255847656887]
car [393.7358417599263, 499.99854073887536, 492.5837562969217, 575.2551566785156]
car [826.1038093535109, 510.07240826481126, 853.7021057562988, 527.3048673280065]
car [494.4607192096836, 501.73727047635356, 547.3436494120975, 542.403336202215]
car [1066.8738803983856, 479.6325786335722, 1492.2428494390547, 632.856816722795]
car [685.6950384367045, 502.40367159506076, 723.7535240853477, 530.4200753972433]
car [799.7608394275975, 503.41426325605397, 829.0435360143297, 526.5523859883676]
car [986.0493543378253, 509.01594568698505, 1061.221132445786, 536.6148789197898]
car [1233.6313134346785, 480.2352259352896, 1478.1081209562146, 576.6344983410808]
