car [0.0, 697.9381671685154, 64.2433241161682, 900.0]
car [730.3103290588947, 752.4523936636012, 820.2842893836774, 828.3301078650425]
car [47.328764068604976, 740.6522935745371, 433.714441811512, 900.0]
car [1059.9279670034443, 760.221135576501, 1220.6999828528205, 900.0]
car [971.3228380533579, 781.5404970339748, 1226.3806309846448, 900.0]
car [0.0, 648.4294836099939, 274.05317696339074, 884.9861977324301]
car [306.0789105074431, 681.4848962168044, 761.8004125718433, 900.0]
car [708.1420784875106, 769.9568921842199, 862.9602053382249, 893.2993479555171]
car [848.1869089050837, 764.4697606644064, 946.6833254548064, 841.2474309601323]
car [0.0, 813.9243636849445, 79.31856108236265, 900.0]
