car [620.1828095036689, 516.6802939613716, 688.3842239928231, 577.4965542479471]
pedestrian [561.4139521476736, 515.055031858776, 579.816700717553, 550.268491250838]
car [335.669630703301, 499.7111021874586, 437.93596064858775, 536.6934303163403]
car [676.3227186365059, 515.5651236861023, 707.6659459395956, 539.430795526195]
car [1420.2652830520062, 534.3514302758516, 1571.949404361264, 572.8491115696372]
car [1236.5412950205873, 529.1763107368541, 1373.2620180263293, 566.9096168484219]
car [808.3615285913364, 521.4936269395595, 830.2727454979708, 540.2249397302554]
car [1057.5528390040606, 511.7876777575226, 1213.3685942663594, 589.1018732261385]
car [871.104058594099, 518.6968607487474, 912.6360535185853, 549.8347260305835]
car [1351.5184076252044, 538.1601816946612, 1445.904803749196, 586.6654785539682]
car [1086.3103803252106, 519.024517111495, 1214.6902688062123, 573.7871615532052]
