car [1059.6232115453988, 563.9437377838224, 1173.6872672241814, 642.3700973591395]
car [1023.3806114681586, 555.3854446590624, 1109.321448256156, 582.1233715332485]
car [1225.7010656189784, 570.0093048358931, 1600.0, 900.0]
other_vehicle [574.0993967348253, 539.2784216451744, 657.9698893650666, 594.338747824739]
car [0.0, 570.6328952924116, 125.74896521192602, 652.760925394316]
car [385.7932407011481, 569.0836116314649, 475.9753525852987, 611.2874375392104]
car [1011.2570922008628, 555.8134390972324, 1064.7190799477394, 599.2719587155228]
car [1083.4633646915693, 564.636000005661, 1231.5316916156075, 664.9110012260076]
car [541.3897563692316, 567.5241006176228, 600.2262982321752, 599.8438771804573]
car [310.8417875050594, 578.573071814739, 402.8733387549318, 618.941764123447]
car [1110.35587779137, 533.8001900706198, 1384.4405602564395, 725.4601752572445]
car [1005.2794486302329, 556.0840947140042, 1045.2144981426127, 591.1187848297502]
car [0.0, 580.8651444736925, 152.58938624548836, 682.9116403135598]
car [824.54492098069, 555.0671530268634, 894.4321447703642, 608.8786544722838]
other_vehicle [118.96681174406008, 532.3148991330745, 347.05322621132905, 634.0211697312179]
car [448.00411824535007, 560.7174115059529, 533.6748266424459, 605.5226678002758]
car [643.4265052039324, 570.7124089558172, 696.8758094010585, 600.8888168374018]
car [497.8713005350688, 574.1820643570692, 556.5721708573072, 601.0909028611076]
car [999.6329105908001, 558.6908365539825, 1035.8099449147073, 588.760317043817]
