car [0.0, 534.0163973847382, 679.7509639739192, 820.7965120832389]
car [921.5453644276446, 551.5578220158677, 988.9832041983527, 575.3769652824368]
car [1371.003373129044, 553.2464630564233, 1438.839729705749, 576.9931434485798]
car [427.26799225563366, 555.6433961117888, 1296.452582216225, 900.0]
car [1587.4753229681073, 556.393402353361, 1600.0, 581.3939348687549]
bicycle [1129.2175654345422, 545.9006117134447, 1173.976925659442, 584.964573415629]
car [0.0, 518.7248501001857, 305.7190960309888, 626.0288845775698]
car [1146.0034476052124, 530.4612578594467, 1306.4004881256803, 591.2766728711028]
car [1400.770457936507, 546.1728016621074, 1534.891074705234, 597.8590598481085]
car [659.4236296604323, 547.8497521407721, 809.3778099884364, 597.4168612756332]
car [868.5280612574944, 555.511717330387, 922.640356246428, 576.4049680571927]
car [969.9674689680539, 527.4859174448194, 1129.3244181284274, 589.867567939561]
car [1062.7419662190591, 554.4870481322557, 1155.5036150956926, 585.141491411591]
car [819.2378803171433, 555.6463914576576, 873.9737761614643, 574.5504944286623]
car [1454.5011955874854, 552.2503493015139, 1600.0, 622.0470301854581]
