pedestrian [272.3931350839933, 509.4392036246868, 294.5395331170119, 542.5981152824828]
bicycle [236.68060647918773, 517.9065834114788, 267.6738493527524, 540.2122001442248]
car [1382.1806090492935, 535.5256893264608, 1477.1507463928276, 570.2827095113481]
bicycle [245.60803139786387, 517.8718124490978, 276.2824185329458, 539.9123595684224]
motorcycle [872.6882484910241, 518.5738398146087, 949.1392788653512, 566.5108708284382]
car [994.9082183765169, 529.0237170586327, 1034.8973460896357, 553.794182377906]
car [1039.9330377912368, 529.2984596316104, 1089.006825159087, 555.3682103070793]
car [1446.7003177544798, 538.528402500069, 1568.425912928788, 578.218767446821]
car [1087.9092005457828, 528.6852579455026, 1119.8332056746406, 547.2078491383063]
car [673.9076443333556, 507.2483876527977, 810.2378089364314, 556.0969483717532]
car [0.0, 502.8198565858241, 58.29003114483593, 532.0518268753344]
