car [120.760276780586, 574.9269021470486, 198.7983698344693, 622.2382369303763]
car [1150.1633855731463, 561.1904867112067, 1600.0, 900.0]
car [387.3837889657583, 579.568331588227, 467.54406624865584, 627.3644892512643]
car [356.71347349987406, 576.8155597236337, 391.9502434302329, 602.5217106502699]
car [166.42872071252185, 575.1097955179155, 220.8673619449379, 612.832953276745]
car [374.85086283604164, 572.7796724071186, 429.3238977570871, 617.7493960315991]
car [549.6536086431798, 576.2470031100073, 686.6328385042433, 621.3581616039731]
car [1505.4913617870222, 582.6690204522106, 1600.0, 756.34787707138]
car [86.4888246889931, 579.4833426345186, 185.8656133708214, 632.5854693417652]
car [456.10691585609015, 572.8412810592486, 632.9206206895442, 707.725241309554]
car [365.6531216503733, 575.9895757364893, 408.95723564749363, 609.3252127389366]
