car [715.3148589078038, 503.95223976374393, 801.8669570951633, 558.6949831358905]
car [727.2535754338674, 502.2577787714689, 760.338316800328, 527.9404783852165]
car [684.788749300776, 504.9542646482052, 723.2171033427045, 534.411163676218]
other_vehicle [867.623086607446, 497.1890277246282, 918.7980570714832, 531.6909968225583]
car [794.5905185282893, 485.5270973892492, 1048.8760945650272, 647.5431876550872]
other_vehicle [941.689717561466, 400.3777979668641, 1464.3412616761245, 670.7137284039583]
car [734.4250673297886, 502.1796221504217, 851.6124116758914, 578.5653751629085]
car [708.0618222133057, 503.1435313950012, 776.2996847304275, 549.3236013597503]
car [535.1164958546113, 506.9129980098268, 679.9663804124284, 628.8404522768739]
car [622.3154999625164, 505.03638285381095, 684.0521959608615, 554.3919003695507]
car [1388.5899207634598, 501.3214470833748, 1600.0, 900.0]
car [757.5627801112769, 501.132472381776, 805.3286107249482, 534.9033555163624]
car [675.8448863992015, 499.84984285227307, 707.3234540967883, 527.9536952051612]
car [465.90433193949997, 500.36980606917433, 775.7952939953964, 755.709144105933]
