car [375.6815662204262, 534.4283063863031, 445.60777939308036, 571.1907326279014]
car [729.9223080880823, 525.7812226496657, 811.4541570959985, 586.8138748671379]
car [542.9607573707905, 528.6215440657046, 594.7440475614713, 572.3432446744353]
car [478.0055117590472, 529.749712065815, 512.5394881747114, 552.7364950219836]
truck [99.68163200440738, 465.93000641235056, 346.4395658656959, 612.5713295522338]
bicycle [827.4332686865969, 526.4964749878566, 865.9153033966236, 559.4870027593231]
car [753.9501394202947, 537.7481201310777, 846.8053058383953, 602.575872089623]
bicycle [789.5819048426378, 525.3066508746132, 828.2771899196729, 558.1831886420947]
car [57.57383504291521, 548.9761063791574, 140.28318860632567, 576.5065519651654]
car [0.0, 551.0756933363167, 18.228065983120427, 577.2782032434482]
