car [984.6464611025274, 576.256151908736, 1012.2207969349033, 602.0385363211215]
bicycle [830.8549938558551, 567.7745474101488, 853.5147771323046, 613.5183257901615]
car [120.55942244643077, 552.0724461071327, 344.8869160106661, 627.7397096827157]
car [901.6297818863706, 583.2291724960581, 929.2912586848546, 605.98718259257]
car [864.9875757694961, 577.2273158282703, 907.6580448355868, 612.7515551080431]
car [527.6556342193838, 563.2146691549335, 659.9913694353796, 622.6808673945892]
pedestrian [1599.3700747504897, 532.6212295305786, 1600.0, 551.1594389974529]
car [1563.586339142958, 569.6006114876501, 1600.0, 743.990927694522]
car [727.6984200713954, 562.3547418700554, 876.6400703401832, 645.1247297631759]
car [879.781455093731, 574.7274598103822, 919.9505053838487, 610.98421602081]
car [0.0, 562.4370586731502, 5.096102622720888, 614.9553758416567]
car [996.3139337633885, 558.5866968573063, 1056.4168981009475, 607.7816125686778]
car [0.0, 547.7084879355998, 209.76484692898381, 644.9757548363253]
car [0.0, 563.36468248758, 98.77506021500258, 636.4535709453962]
pedestrian [1309.9229875373262, 538.2112836163925, 1363.9851861278698, 611.5337477872229]
car [199.5011628673822, 558.5444144415584, 400.40425577642253, 619.6263911491957]
pedestrian [1254.3930577381836, 556.7208045228513, 1289.7888305247632, 611.5063392217713]
car [910.758821103011, 583.4798069749713, 937.142344824607, 603.6612265336447]
bicycle [860.8788178533115, 567.219275163588, 890.7810509494587, 611.8690821167825]
