car [1001.4991024587467, 547.5743274384208, 1092.807918635008, 580.5874460410878]
car [849.6658852297995, 541.6002712804617, 994.5397222577609, 593.6848142831034]
car [370.2597686005589, 536.6184258264506, 558.1450774700273, 600.7492670681506]
car [1154.315392038708, 542.1780353984918, 1231.370307861561, 578.1525227586749]
car [382.1331530154961, 543.2955066272816, 501.6270744006912, 588.594049124882]
car [840.5766217500475, 539.3611504356719, 961.178879700812, 585.757806545113]
car [1082.6179135182688, 547.2648934487225, 1173.4277309639572, 579.7856216237918]
car [1225.0534798584504, 543.59432815434, 1299.9742080640522, 574.894856800372]
car [0.0, 485.4795684206476, 206.15878645058578, 653.3689635323507]
car [188.80488229735806, 534.759893059199, 335.5364434303277, 589.0960659021102]
truck [1380.5144874467144, 470.57555811312017, 1600.0, 622.2801325345473]
car [0.0, 502.32606589035083, 374.68607025697077, 777.1902335315809]
