car [875.3235159050507, 478.33391100610055, 1011.5442967394935, 544.6848339126628]
pedestrian [963.1784108530131, 472.7468701880701, 1066.1485762405014, 634.8154202011523]
car [826.3400325446157, 484.7837349127893, 915.1613814390231, 522.165137740514]
bicycle [541.9657135854397, 470.3285825999969, 619.9195607567524, 549.5804683005462]
pedestrian [1022.5587305859125, 462.8934963480783, 1115.6129179658008, 582.7654555746849]
car [791.738085784591, 481.8212310499126, 885.9439081176395, 533.0828511697005]
car [890.5045183001987, 477.0037054185974, 1010.1383444681668, 529.9945027177346]
car [518.2924887728319, 486.34056781216117, 567.8934642997486, 506.09080954473865]
pedestrian [1565.1295635029612, 463.54559229234565, 1600.0, 521.420703538069]
bicycle [680.7965338944663, 482.0481173282063, 905.4573569043826, 684.4932517916388]
car [1033.342032319294, 484.02779276411684, 1256.734398508519, 565.9806834227044]
car [945.0923357235289, 473.0943532308688, 1072.1669898185603, 523.0780144589924]
other_vehicle [1005.9284625927627, 456.20624758267115, 1182.9485156960768, 542.2197346887676]
bicycle [761.5637243178365, 448.8905867344541, 851.9057399874749, 626.666489916673]
car [1088.5378193594354, 476.24155935163293, 1268.0954530072354, 532.3331048028869]
car [536.9678012969504, 484.4277898578456, 599.599065536924, 511.47299631373164]
