car [664.469185097385, 495.34838937730245, 715.8581696578109, 531.2246343235887]
car [556.7077449057671, 494.76345945133403, 669.5381540590688, 589.7107848035341]
car [675.8660650152505, 497.06546971491935, 750.1727110601519, 549.9035072640522]
car [1002.1792493002998, 501.64580602232974, 1263.6339160625068, 590.9581658493115]
car [655.8857703347996, 491.6451512875304, 698.2574086526045, 525.2603919266669]
car [711.2570035941939, 495.87199640208837, 751.794260885041, 524.6455268211981]
car [574.7724722792694, 493.73453539396, 589.995134744222, 507.55177183555503]
car [789.2195805354422, 496.4070672862994, 906.7195615519108, 563.8234623475447]
car [559.8697658088029, 494.961882018242, 582.3321414664458, 515.2406216289482]
pedestrian [0.0, 490.39808370666304, 61.831618100040814, 598.2639811845164]
truck [819.4020204560622, 474.0588297926381, 958.0626134503116, 553.1697755193605]
car [1380.1678653253427, 514.8454139334378, 1600.0, 576.4678276950776]
car [502.55027706131295, 498.0750983863969, 548.6296293739917, 538.2324816642156]
car [734.3510168633136, 491.03565785205905, 799.7035431460591, 537.1645769025226]
car [1209.2214306850012, 508.20276558856966, 1600.0, 790.0964116568449]
car [649.2293662318159, 494.3186696374356, 682.794721910479, 519.8016471126268]
car [501.78185470717375, 481.80079331078304, 565.2894249477201, 530.657170822858]
car [576.3038495272453, 493.71268626263435, 625.7344340110237, 536.6784171981125]
