other_vehicle [0.0, 510.0068033601491, 52.09315189671453, 651.0660785838079]
car [1396.8680973731798, 563.3980456474967, 1490.5324990418142, 598.397142151192]
car [947.4505541663171, 552.2978905701963, 1103.2789559118355, 627.0794567478097]
car [1273.3190980146248, 562.0642920863853, 1367.99987603289, 589.9328736556973]
car [317.9730303377308, 576.5345098696573, 482.7469174919345, 634.7567053276572]
car [0.0, 570.9940117065346, 236.12791990857357, 678.7792827353893]
car [1236.0645429348176, 561.848085744752, 1364.1845155603987, 607.0886360481129]
car [1353.8786623501412, 569.6662833397137, 1424.992657179679, 595.8085127376038]
car [531.9461694137984, 576.7742607651143, 676.4083271831573, 624.6341099974017]
car [95.9520448739385, 580.0859220985396, 303.2238950114511, 643.8756260571952]
car [0.0, 570.4544565394315, 69.61432850953436, 650.1536835236361]
car [728.1720873969489, 570.2722462519789, 820.0567543450676, 612.5330871435425]
