car [1321.681063854055, 523.105454898565, 1426.8977813695783, 575.1286356190601]
other_vehicle [558.438706619049, 478.553064659473, 598.949377791718, 517.7094256956777]
car [366.0845968623746, 505.54089860393384, 506.39139660877595, 584.8642620950789]
car [519.6759052211304, 496.38489797693734, 570.027540643405, 532.4605276675707]
other_vehicle [542.6120635240113, 480.2835774906363, 588.3593185861832, 518.0151363256948]
car [1588.081632186118, 481.6880289778127, 1600.0, 658.3207841033193]
car [870.4298958516515, 500.16320126504496, 972.1437294645076, 548.570455720743]
car [445.9632412153876, 492.61690365120097, 543.2662989794935, 559.8561798976898]
car [1218.9513730078083, 521.8346630779062, 1415.2248797505806, 579.110116849886]
car [659.6392504199033, 492.4927023200705, 711.6164899047317, 533.4010276149786]
car [638.0540221000991, 500.6199033475377, 663.6472248434951, 521.199896733911]
car [490.84925526739966, 502.18338588991196, 550.7127095127494, 545.7189341980969]
car [543.1580937452119, 497.0348887708392, 575.6824716783822, 524.7942605388482]
car [583.1689160304473, 498.13966179615943, 632.038832884319, 542.9210259305393]
bicycle [404.5412634011132, 491.7861588599981, 431.27202097215127, 527.1097169296166]
car [935.9525229127943, 505.64364794015717, 993.9975807390972, 526.4096300713653]
car [1385.0455555770036, 519.5619689018338, 1574.6754127945524, 571.471528487215]
car [689.0311176863659, 474.81626017323083, 856.773113627236, 586.6255551246796]
car [825.4973804249448, 505.76324336298865, 872.2631937825555, 531.9299852272934]
car [503.73987491966574, 493.5540681759046, 561.2764333374109, 537.8536939206836]
car [504.2930398363349, 503.15479478169914, 677.3717600109027, 633.5089009225662]
