car [306.43080381990865, 542.4573681530662, 385.4899648603772, 586.3266308725605]
car [382.8182264095793, 541.9260656697558, 444.40894252185655, 576.4045940516013]
car [422.731531834692, 541.4224916799317, 470.6557300824896, 570.3419625528812]
truck [0.0, 398.83347391108134, 318.68597155142663, 685.0805822658883]
other_vehicle [450.15113179480335, 480.0901459252874, 559.442059824752, 608.3632837214406]
car [874.7315590265023, 505.25724973673573, 1510.660589199995, 890.8973052617351]
emergency_vehicle [579.2804909614265, 520.0794697671045, 615.180627341026, 560.0369032659155]
car [567.6354804716739, 534.06774694996, 603.2898188794085, 564.5739830818385]
truck [617.1426094304733, 518.1196041226639, 652.8102538242914, 561.8897711892168]
car [669.3713278591533, 539.2622342778309, 708.5035851479108, 569.2014222479969]
car [0.0, 559.8711580306015, 39.5925902993061, 603.6867919227111]
car [732.6253983365549, 525.798767895359, 867.3285601985403, 631.5340821815565]
car [551.5206880681011, 538.6081088157802, 596.0576280662114, 571.86762386487]
car [777.0382516041096, 542.800430344325, 1033.2709581060967, 701.1829218208017]
