car [711.6655371026671, 558.7470974980051, 830.2566190978034, 643.5260248092924]
car [103.07699539130581, 524.1668566380381, 663.4328767718954, 877.2369737001858]
car [666.7006016601083, 535.5682544111689, 750.5858755510936, 599.5127947495153]
car [1116.847320126982, 509.8460061763737, 1407.8729980614744, 714.5905541400513]
car [808.3117701129373, 458.83961678447923, 1108.4000141991341, 790.9811464382138]
car [1089.4038620747817, 542.723155335212, 1247.0600117084518, 652.5210598211379]
truck [254.3164661265945, 493.30376904522643, 472.0984544655226, 613.996808341389]
car [515.0219379883713, 555.787595285785, 666.7394832798665, 639.6458998484376]
car [818.742645857046, 555.1869960238414, 881.0866478528864, 608.8628727451097]
car [519.7473673750776, 541.6854016449851, 644.269315004424, 609.3008886556054]
car [761.0360344974084, 554.9164607566815, 811.801888847721, 591.7723145847656]
car [944.808608371621, 540.6616676266565, 1063.5590815433852, 658.5714110702479]
car [548.5038002793927, 558.8381695629599, 772.8819493829158, 695.7824952151303]
car [0.0, 539.6009077016786, 286.492824490697, 721.1337109856169]
