bicycle [974.3221341352428, 538.214383879112, 1047.7811818242856, 588.5459742729016]
car [767.7633897885173, 515.1575016336632, 897.7409606479787, 564.4096603464299]
car [955.8512532700064, 503.50493024867717, 1272.2974614936538, 793.075253433239]
car [0.0, 520.6116063473321, 113.19633867260636, 717.720390940646]
car [223.63133706993375, 522.1189176570615, 387.8807756958633, 615.7609956297756]
pedestrian [1096.8458639184973, 499.4894526591488, 1157.4134444714273, 577.3034261116737]
car [891.6979345495948, 532.5183335834167, 975.0269918632139, 557.9237320913119]
car [223.82312716135147, 485.9325247635791, 488.8400409936433, 686.0461446663651]
car [588.9129589774581, 528.5982993618461, 631.0723258009423, 565.767433274987]
car [128.6397889712328, 526.0684640434143, 282.63056928273176, 597.654630560404]
car [445.44769414973206, 534.0564566742808, 537.1648770227013, 597.2613476295672]
car [517.0649255317866, 529.8493274353592, 555.1311339515127, 563.6860231459469]
bus [521.3357942098478, 513.1491176470938, 562.8464618917272, 552.642418764037]
car [514.4877934647394, 527.5597986805044, 555.4137303462411, 557.0755255920545]
