car [248.89672670944353, 464.67433741489884, 341.97556079698734, 500.5612527167473]
car [995.109738824012, 503.429173658195, 1099.408445334197, 553.557263301259]
car [749.7586896261935, 490.5660824020844, 823.6437209384262, 543.8829641860435]
car [1113.0765694128906, 508.8076456870079, 1302.4124988728863, 579.0928734828343]
car [1229.4426621999867, 518.4267267069866, 1397.353553617553, 576.2474925084609]
car [945.4794456837707, 502.2902411592649, 1030.482643613929, 543.526142156203]
car [287.5239582804843, 472.0958727742077, 390.0716464983852, 514.6046743980056]
car [1040.934910662148, 507.3157246950349, 1153.5577749791084, 553.7264296143436]
car [1477.989228111931, 528.1230339379352, 1600.0, 602.8674451990896]
car [1343.9759614583227, 507.06863631818885, 1600.0, 610.1298508074816]
car [1135.6991681814854, 507.3690220521921, 1302.543891591077, 572.0928364992084]
car [387.1741786101083, 482.7448887648335, 478.70459132538747, 515.5749490429533]
car [1358.455958882588, 501.2545342225998, 1600.0, 625.5391091997918]
car [178.37738109930112, 456.36932364207223, 261.4675603038334, 490.93699692169895]
car [419.10022679200046, 488.6996026251399, 525.1015786893535, 523.384926365075]
car [561.8472371797957, 486.49523001304897, 654.596342400031, 569.8083910197905]
