car [667.4717925049581, 535.9026552147143, 707.4809353806694, 566.1736507705031]
car [426.82410082728484, 536.029780669459, 494.15536654772643, 581.6102951979598]
car [272.9106418307011, 535.9771531046009, 321.86802729080483, 562.9399574076399]
car [0.0, 549.4480452291095, 64.63252627539482, 589.3759991676477]
car [508.39912202892157, 535.2222998171676, 568.0823164375174, 582.1677002726676]
car [239.04032723782225, 540.857669213273, 293.4992258285848, 566.3651339795396]
car [684.6062476857883, 536.1912808871608, 738.6811190754197, 578.6685866111209]
car [194.59806629961676, 541.7784846314752, 256.6090568326462, 569.9825226087486]
car [677.4405948969589, 535.6783313100862, 716.8855376237742, 570.6864367361409]
car [549.947905652716, 535.9771161362524, 577.82569553553, 558.0030754632251]
car [661.2737400380313, 535.1224258830015, 695.5639578645049, 563.4304977765006]
