car [342.0954353624026, 555.5291777663336, 436.6880524976208, 590.1300512617375]
car [470.9325385023233, 545.5628109025778, 545.0950749518564, 575.0033098202636]
car [322.22009954189537, 556.4378361879307, 424.4189178257652, 593.6814657783763]
car [0.0, 572.807009009571, 321.42723813879485, 775.4599695442226]
car [745.1595148118521, 538.9642026653468, 770.3401478136054, 558.5064442376681]
car [0.0, 587.862990004494, 241.68401076600875, 900.0]
car [399.93539276193474, 547.6341566550122, 491.2607127418583, 584.2050445472499]
car [1170.074010437896, 494.2027815497723, 1587.2207509974492, 620.7187136810358]
car [440.1666575791183, 540.0728916881994, 659.9003461896353, 671.8282924488352]
car [1107.8387402853718, 514.7958571366876, 1213.5325742225184, 581.5491675528195]
