car [679.6976406555262, 537.872545994104, 718.6766860748975, 563.6002818408084]
other_vehicle [314.3526790526798, 518.4416174451039, 387.00170023534224, 562.8922671606723]
truck [528.8210536063744, 515.4476213327478, 571.8980274148054, 555.7444338705975]
car [0.0, 549.1213825973147, 15.86476312241996, 597.0514104877202]
car [257.1863213821257, 523.5084966577085, 506.63419459361927, 697.6391724969549]
car [669.2169889697517, 530.5871734035815, 703.5535375071995, 558.9262926947131]
car [233.5132529967974, 545.897850418026, 286.69632847972537, 569.8292832499486]
car [730.7591004136701, 521.8499021567956, 855.7610443017222, 617.4555238921547]
car [109.6672117172675, 550.1907285949983, 216.21150104153756, 589.6291891680428]
car [700.9199750308198, 534.9059238225109, 765.1149842599823, 581.8660676315266]
car [94.16031074685873, 551.1853814431408, 180.85635030486293, 583.6699231761245]
car [717.1630746362639, 536.055445360531, 803.2804533656041, 595.4618717005061]
car [567.0902182902942, 531.7275023217454, 603.0553057755997, 560.5582194381374]
car [0.0, 540.5896232195217, 114.50894732377122, 597.0235076951051]
car [0.0, 546.6859305943149, 39.359233596286664, 604.7087417851686]
other_vehicle [358.7838598889801, 525.2727320381465, 405.9886228608144, 558.6597675453145]
car [1585.103187984102, 476.3007512950688, 1600.0, 805.8014947003617]
