car [291.4987315113439, 526.2536043291262, 408.502099266252, 569.899848739986]
car [808.4005092180669, 536.9411381939474, 864.8311264830958, 576.4441992102137]
car [12.799873933695094, 514.371369347106, 147.08066660266155, 562.6288094436843]
car [786.7847072420736, 527.9802381795056, 1600.0, 849.4222129791757]
car [998.8890082920267, 532.8849896767734, 1063.200671459856, 572.6981383687832]
car [962.3263457099782, 539.7192663591676, 1046.6086263573654, 584.9580453786152]
car [1036.3879599044858, 541.5626588594464, 1107.431138042502, 585.4621422302498]
car [0.0, 519.0651388913714, 825.0527024281645, 900.0]
car [0.0, 510.95859287202796, 71.19023664830765, 545.6049869304693]
car [827.1032277565829, 539.3995063059589, 1078.7745339055855, 619.758713782807]
car [888.6434579017259, 528.0724852768377, 960.5404794678776, 589.3517305954183]
car [534.5948041871667, 506.4717148906895, 818.6980731835807, 618.3265714198169]
truck [25.358301341036682, 425.9525703856539, 392.3250127226017, 614.6617640764994]
