car [382.81599194900764, 762.3036541171034, 1600.0, 900.0]
car [1462.1174142514378, 755.8689727662315, 1600.0, 898.7986142388437]
car [417.72308984400075, 766.4725588988867, 572.097361966989, 853.6820922653721]
car [0.0, 782.5531596493508, 50.37977424137928, 886.4512106639104]
car [664.4048367066023, 750.7234569562669, 776.9641446258382, 825.8806972374333]
car [526.3638454554015, 763.9627851965771, 656.4456696778554, 840.2926487769951]
car [367.0007548384522, 755.5055353094612, 517.985609612122, 843.520968416018]
car [1452.3041666502666, 718.7998209059507, 1565.1819498963948, 823.3889572457789]
car [0.0, 770.1257402857626, 191.7818742836762, 887.4855969704005]
car [54.074371445306966, 771.2487170762785, 287.4061337029675, 890.7055498503468]
car [1486.3309202327605, 736.6121081959968, 1600.0, 900.0]
car [212.216278898209, 768.7781277939197, 377.4696516234705, 858.1679788625131]
