car [1238.9321560156775, 509.9704889590186, 1302.8087597718688, 547.9874381294052]
car [1215.3442583059639, 508.1658909419974, 1244.0960392870284, 528.7915826274792]
car [1331.948418915145, 513.5244049794496, 1411.5456671230577, 556.1274578216902]
car [1087.0759667096238, 501.9034744374172, 1188.9768476862823, 576.1193807174756]
car [1242.6157754342696, 515.8695538931707, 1311.6922000472987, 556.1589898385218]
car [1255.5080810931402, 508.82696683996454, 1339.280634366802, 561.8638824983053]
car [1028.0220559269587, 490.4877300340206, 1166.8133488650171, 607.0677743822399]
car [1111.7948945308306, 511.1989136928323, 1197.4487455542912, 563.6704064332229]
car [1265.3585277938842, 512.0343366155047, 1380.564327178766, 580.9947633209086]
car [1470.799328977105, 526.9809389001623, 1600.0, 612.1879383547691]
car [1574.4981082539477, 531.6662248308933, 1600.0, 634.8474369217208]
car [1399.5669632001718, 507.51817026590743, 1547.3154250955938, 586.1539430077597]
car [1296.1126431006644, 516.910451514799, 1544.6295996469341, 657.5375760097334]
car [1273.4746399484748, 512.8743824529772, 1430.4487777719585, 601.9302910362151]
