car [719.85193752797, 555.3300659565791, 766.7136098304007, 584.1339377468197]
car [773.2402720371925, 554.8608374258266, 811.9498289854364, 579.1784737307354]
car [420.9804982736049, 572.8990632465866, 507.11338111052316, 608.2212991747862]
car [572.7768052066227, 553.6514159208529, 663.7524116809097, 602.7965014274777]
car [816.0857812285392, 563.5215062750178, 859.6984776847615, 595.3655787668096]
car [332.65924432143714, 556.0765820506765, 487.7569915950436, 627.9404621708741]
car [1017.8173920711866, 557.0930922783798, 1077.9526953207348, 601.4208595287419]
car [256.96744495499337, 551.446942854738, 432.69460075688033, 629.7967344222975]
car [486.0595983798556, 556.9444293498383, 595.5197319019516, 612.9400648881249]
car [916.921313191404, 556.787317279568, 949.5963371296268, 583.0986489437106]
car [890.7003486070483, 556.1315746243638, 940.8099746959514, 604.8045076262496]
car [0.0, 573.9564219263272, 35.119540187174216, 834.3845962202146]
car [0.0, 576.601076463103, 182.18004311110133, 657.4193974706594]
car [757.6581837500181, 554.6325722779962, 796.6103661741753, 576.6874141660911]
other_vehicle [1007.6973512797831, 524.2510703307127, 1064.315792616926, 584.9287313314085]
other_vehicle [994.374320073216, 524.2236708528658, 1032.858590281446, 573.9675513050613]
car [642.2217371424022, 562.8868830172125, 700.4822038666462, 594.0764345765054]
car [494.8148699193152, 556.5748107550462, 794.6099551367815, 751.976860240388]
truck [665.5057233256435, 522.092905850962, 745.6344564299657, 585.9003272122126]
