car [461.6455837688959, 524.4498730523391, 1033.0787695624858, 793.1754020675291]
car [454.12795304328716, 531.4414856483801, 1600.0, 900.0]
car [380.51991071706726, 548.1308891428819, 486.4916128130706, 582.7573830628505]
car [1233.4705914114431, 586.5143069629848, 1342.0076573372087, 642.0117619034667]
car [266.056262501839, 540.1839617605754, 371.28028376229815, 572.9140284681625]
car [0.0, 506.2390300364899, 480.64770631164, 865.089941445003]
car [1323.2796714470494, 587.2741475405815, 1428.7384987063301, 644.8007742521658]
car [752.063963657594, 502.4297929108448, 1241.6654490478734, 734.0414798516043]
car [23.265691753343003, 501.1499834359212, 418.83413151544585, 682.1450679369232]
car [0.0, 507.56604294652595, 105.53860027472503, 629.7368858442193]
