car [932.0469383389404, 529.0658044910356, 991.1436790772852, 588.0034511116471]
car [0.0, 550.7774431464138, 166.90620420722732, 664.1509699750754]
car [601.0308657041835, 554.8010319482366, 643.538442256745, 577.0908202079054]
car [2.159098357875675, 524.3347055742438, 377.56266951793043, 701.5294118611292]
car [844.0690448116005, 548.1725027752155, 876.6886441594706, 570.8584497024601]
car [1161.5498542300788, 533.3892312068066, 1261.7633695588977, 582.0523347630503]
car [517.254205737007, 550.5772043766895, 621.5908743189327, 617.1038214964412]
car [363.9120810643316, 546.3717895153461, 551.0006498998866, 628.0887958140416]
car [1223.135026247145, 532.4940589925484, 1320.472206552349, 575.7384428863817]
car [996.9151764914933, 547.1915190579425, 1034.3582626813932, 576.9467923314963]
car [1019.0967802030752, 549.5746012381298, 1080.0182380449803, 587.2022461271481]
