bus [662.5808972818407, 466.4167975259946, 796.5029820537826, 590.7001893038832]
car [571.1872694833322, 527.8046508507579, 634.781917890647, 588.5030275511233]
car [350.5485657082586, 539.5962468085087, 411.3162675071667, 574.0742334409559]
car [190.54632328472542, 540.968176037632, 312.892157422569, 601.808778938738]
other_vehicle [627.9893815567146, 506.97289086922746, 689.1333479747914, 564.3984301465006]
car [285.1034040726218, 525.4743294024083, 385.7875950153274, 583.6155427840858]
car [496.57406926894276, 535.118205123486, 554.5539642334339, 581.8326496071016]
car [647.000634177374, 536.3140668916938, 688.8961279014989, 568.0068025620507]
car [367.1839101015887, 523.1917254245159, 491.17590148458453, 620.7563578328659]
car [586.2595618733374, 531.2020167441746, 622.8422258931037, 568.3903377396616]
car [530.9983573099358, 537.5253644192815, 566.5183576204979, 567.6009528334755]
car [709.6655273604601, 535.3154272420337, 835.1358194945063, 619.6278117904889]
car [0.0, 512.1049423566784, 215.73378191375224, 654.6474453138153]
car [465.6167165819023, 535.9221367678409, 504.377349249874, 566.5108494496926]
other_vehicle [619.3363523048347, 521.6339749952793, 652.5570729416415, 554.6973443169379]
car [391.5598073607303, 529.2706280706204, 467.3885198514826, 581.6783672972609]
