car [0.0, 507.77196586883133, 101.19862397496395, 552.6304554429028]
car [0.0, 509.4183306073001, 173.9120994109808, 575.2562071202177]
car [438.1813625885689, 488.59192707507054, 959.1559515206385, 766.1872585024049]
car [1066.846029641438, 548.6094366898593, 1103.5078849683794, 570.899439585728]
car [104.27242510544026, 487.6707675841198, 261.5279487352816, 558.4165910809428]
car [632.6673278691553, 511.154205047915, 920.8739665032978, 630.1265675200881]
car [1487.7979119735512, 556.5174894307497, 1600.0, 625.0656236266697]
car [1080.5443226914476, 532.3170031983421, 1364.84361455789, 627.9817860710681]
car [1187.7763018070996, 529.2047340752059, 1586.7616700085346, 657.9356201416629]
car [323.14428731716555, 515.7499062862844, 468.4090862910404, 572.1753379824411]
car [238.1082046745637, 529.7781662820202, 1553.0375333476622, 900.0]
