car [1529.7244486121274, 555.8270914450378, 1585.3571885886533, 580.0240315603002]
car [1362.7329611101245, 554.8538193056834, 1435.3537290585275, 581.8018744341825]
car [672.7581561617527, 553.060338114272, 809.4730947289036, 600.9146761793252]
car [316.8476197066383, 547.6650383621262, 537.0491926626235, 625.2250953492894]
car [5.14239392353332, 558.3071120534679, 226.4794511860153, 625.6220404694357]
car [483.67468434091904, 552.6060343762967, 650.307837825699, 610.4566463564586]
car [684.3693417133468, 553.9934765052695, 830.7887946846492, 602.4687864315882]
car [35.98043012903807, 552.5679681010478, 280.4268217442919, 624.1334094589492]
car [1037.2316775992128, 546.7675431295344, 1181.473494323007, 605.4412195820003]
car [1276.118528750523, 554.6665924730179, 1353.689911460138, 584.5456713538667]
car [970.5810835704652, 557.2497325712399, 1077.0072128055922, 594.559289256005]
car [1185.6679296186333, 554.1547033430592, 1267.566959570608, 587.78158719502]
car [1396.01398917703, 552.376463705466, 1483.1292670365676, 592.9057288037001]
