car [819.7379779843005, 528.3602566854616, 1156.6283142599282, 689.5427042639562]
car [298.3748696470777, 554.9669836863577, 490.83012400536376, 618.4487745865099]
car [1128.1361560464093, 532.3825156089649, 1177.975562841665, 575.9647367325439]
car [432.1518126820002, 554.8506324366989, 495.8209537484828, 583.7355633282223]
car [0.0, 557.7218043658783, 73.96714714398475, 623.2505873428278]
car [589.981603509167, 553.3434918347408, 738.0894600373877, 601.700640942739]
car [403.31728864306524, 560.0606964900961, 494.47774740020395, 599.263825365445]
car [1536.1298389058438, 548.7894039201411, 1600.0, 581.105822153703]
car [1573.7311521816046, 551.1686093483498, 1600.0, 579.2718679339757]
car [467.418232163815, 542.4489670566555, 1252.1473512077987, 900.0]
car [481.87583362083365, 557.9312194159462, 547.7951159109778, 584.2380036515411]
car [689.0411494476677, 539.6668811125751, 889.4936469177838, 618.4152411273725]
car [0.0, 553.3212562523247, 69.37677127133962, 626.6362456434719]
car [135.80628897252538, 545.5141831741806, 390.42842016080124, 629.7649759356882]
car [1472.626462647789, 552.7657506632993, 1554.7414918838072, 580.5139532735782]
other_vehicle [1112.9809894941186, 535.1398760433003, 1211.3093811148055, 568.1603465710471]
car [1181.4799831613252, 527.1174981749188, 1370.4527566492984, 599.1061263769312]
car [1102.0368528979304, 513.420905710337, 1600.0, 779.5492047509592]
car [500.3050350635517, 553.6487077843708, 693.3488397827914, 617.01010641507]
car [1014.5851392389458, 521.2295731043127, 1167.7728137897968, 587.3602733003772]
car [177.1488073258073, 547.6329734659253, 468.9530227935916, 647.380882042845]
car [1418.0118838218534, 552.9947927699817, 1511.0173479611783, 581.4832518519064]
car [84.98666547991971, 554.043420455575, 275.9298739652086, 617.4018917058575]
