car [705.9707874823821, 495.97628408617203, 752.0878028241577, 528.2231541348519]
car [658.9257257178144, 490.398723237895, 711.8906200276612, 539.2570991821451]
car [0.0, 465.21004481453417, 69.09500857695465, 559.4931841456638]
car [559.7442205902264, 489.664981392044, 591.1501417893112, 517.5290970435364]
car [1087.2221164560744, 514.2512837826848, 1209.9659061327175, 554.6915945463577]
pedestrian [435.21115607813476, 492.6194235922433, 457.0267746683115, 527.8323347934415]
car [80.75682105473548, 481.7873473669436, 218.04837409859255, 528.2447458983927]
truck [590.9777745718503, 472.8992748806272, 636.6656821996205, 527.8325602830239]
car [581.1356134067169, 499.94265422669, 651.942609759541, 555.6292577537729]
car [899.2764327710343, 508.1764107245519, 965.262976808321, 532.6228807929064]
car [1107.3658384446971, 458.7394737698203, 1532.1646008962666, 841.0419781761486]
car [637.3524300145625, 499.7990252501822, 658.5022005156383, 516.156152196949]
