car [659.6820488705172, 527.4388846552716, 686.1933303900798, 554.5530344860471]
car [0.0, 372.0659375240565, 361.64036582964565, 900.0]
car [822.6595018965663, 563.3660417293261, 1238.3463569954117, 809.8974310816483]
car [501.62281106303067, 529.8785234934265, 540.8585834737207, 560.1447901044189]
car [664.0446235434257, 534.0400072058711, 707.6881451033322, 567.129548970026]
car [201.68083715488322, 538.1079264355499, 260.8175679238314, 565.2933786263976]
car [262.387581423808, 538.349889138189, 310.89739993691177, 561.2486145906573]
car [0.0, 534.3386873389669, 117.33229078069843, 698.3279526941268]
other_vehicle [678.3335129535043, 440.4462774210809, 850.2097638407938, 623.0533872410634]
car [752.6335851195272, 545.5085095754588, 931.8361421084595, 665.6033652286831]
car [669.5829243037819, 527.4361393639593, 723.0795224288665, 573.4910542851725]
other_vehicle [959.6863582283804, 285.0819747807159, 1488.8372874715938, 863.9214617691362]
car [528.5317310952015, 531.4970117334555, 555.8062402738759, 552.6427917296205]
