car [299.67186955345727, 547.3920325021846, 370.14621411380597, 584.5879050867022]
car [0.0, 558.7384361797305, 171.5356275481695, 644.7194170400717]
car [0.0, 572.8991602635638, 26.535308208648985, 613.3191869258798]
car [572.1713742488471, 536.4113614722073, 596.1248922110602, 555.5139193571199]
car [643.550281270934, 534.1632067419123, 662.7691132162837, 551.3759090710214]
car [600.527531120286, 535.6741255432181, 625.5342038754585, 558.3486062344016]
car [163.1138712213286, 554.7704001094747, 274.2155001893453, 602.6573545777965]
car [684.9374581519681, 538.0299697418573, 717.6440810735568, 564.3209981521362]
car [674.8771919210079, 539.1959627056293, 697.6714538809506, 557.0308332290904]
car [237.4119940884698, 558.715169509185, 294.5797496918538, 585.6084028868281]
car [272.1868251386436, 549.6723165133586, 330.20353398333475, 581.5003602932845]
car [454.10189883804463, 537.6164976694752, 518.1087688144823, 579.5989409403523]
car [479.56464286546355, 537.9695414563206, 563.5441297186521, 597.9329700831635]
