car [1225.1033146755353, 543.7301297127167, 1292.440699570553, 577.3326621551986]
car [1473.2914230354909, 547.0666158981605, 1578.399767594818, 586.3389838819835]
car [674.415656528053, 550.7382515728958, 1072.2537245062033, 704.1005678061348]
other_vehicle [1357.5923301866364, 526.1942254146608, 1449.2935681469378, 571.0111114893738]
car [927.0736783790157, 551.9630404528336, 1088.558348464934, 602.3127229229644]
car [736.3986812415167, 547.1773881539006, 929.1704766027175, 618.8044972242034]
pedestrian [378.10782789815056, 552.7658170900303, 399.26072878308844, 601.8206297235092]
car [1452.0318607024535, 545.6638209209983, 1540.0024049576784, 574.4037432471282]
car [341.92038238949766, 562.1533086097473, 417.7902607727887, 594.8604212165905]
pedestrian [361.50028810285977, 553.7059870030582, 385.8644375430869, 601.9765027347962]
car [0.0, 544.093616115368, 526.4690224516738, 795.0754765297773]
car [1307.6742355060426, 536.847825085175, 1402.0101836958872, 572.6990272092789]
car [1105.4271876474593, 548.9083944749876, 1555.530731895814, 752.8985321232454]
car [1246.0091106110008, 551.1204391027335, 1329.1770527637182, 578.186943625483]
car [1544.9774062593015, 543.3265470319981, 1600.0, 586.6553133018476]
car [406.951354264346, 551.3890111483473, 577.8684190740626, 622.5172948089952]
truck [1134.4378289754882, 541.7707977787309, 1218.00085844016, 571.8974584745775]
