car [0.0, 465.145511501435, 432.37591603638805, 803.6389349931104]
car [543.7269463882644, 509.7431183141488, 585.6645583391407, 540.5782039240291]
car [1277.8832361206014, 498.33783080943164, 1499.7826874858695, 577.889186512947]
truck [908.7416204567626, 477.347613753377, 1010.2512414861433, 542.1102049954767]
car [1152.3354586751236, 518.2381487951932, 1271.2337879217548, 562.2690090011857]
other_vehicle [999.6616210740927, 486.6487367622563, 1132.3209619068193, 547.4163585642403]
pedestrian [0.0, 481.6897072762808, 115.16326864012058, 660.7373182785863]
car [1090.018528831781, 519.9420979361073, 1192.6660961945415, 554.9647559159054]
car [749.1323081663337, 499.85008734970006, 782.826418019949, 526.0788097595392]
truck [802.2788073318899, 473.00247220641216, 907.2786716938798, 534.2801288255423]
car [814.6300423626557, 505.39871012781185, 859.5546267333551, 530.6828691410061]
car [672.9636188798389, 505.59062917889946, 713.0469889458797, 534.7196731312806]
car [1450.120583584695, 509.67646042761373, 1600.0, 593.4857333696856]
car [457.58290252773725, 511.0464909834825, 547.2849572561522, 576.7273438348419]
car [589.470548622748, 504.8140719819014, 699.1529554841865, 590.3061326438576]
pedestrian [0.0, 474.3377257231945, 35.069385794493215, 676.6319173778818]
car [334.27034127273913, 506.88190273042443, 516.7424979529669, 629.2975363540673]
