car [999.7182621236183, 517.3995511280885, 1428.5595134231612, 670.7141926820825]
car [818.810619500813, 539.7757858350701, 1001.7329581777437, 606.3222200559892]
car [1462.5779009780756, 533.4426880687794, 1600.0, 643.8313183227185]
car [583.6390611758924, 533.2434583209314, 735.7497601748387, 588.7640909639127]
car [0.0, 507.50098438497577, 45.981702370830874, 542.9808439907956]
car [170.1803222746886, 514.2757528923771, 1502.1936317118975, 900.0]
other_vehicle [100.5576846388353, 483.9240395317798, 256.76138344189866, 555.9422815012198]
pedestrian [685.2100662381583, 528.0393072100916, 702.7549496768398, 579.0920037126184]
other_vehicle [6.09978247239072, 485.3163092812471, 147.60001992060884, 547.8325565746424]
car [234.63149451494186, 493.9288566432121, 711.365391756926, 708.4316099782704]
other_vehicle [245.812754473779, 479.17362579793456, 446.4799397774684, 569.0656771716307]
car [425.0421712106282, 511.73438062328705, 616.8710165847779, 589.2325401333512]
car [432.7876472124288, 512.410866913493, 602.1122146776224, 578.5654753075967]
