car [533.7609929244994, 496.7919458748712, 594.5474232864071, 548.5165017276178]
car [607.861336552859, 504.69371616388463, 702.3650026618354, 588.2663905831687]
bicycle [1342.5301592463293, 528.6253557229116, 1392.0074960554796, 557.9006474867621]
car [767.8093155795991, 479.51606558749734, 970.6319444022372, 619.4216531303045]
car [351.28814157953985, 432.1643515982137, 546.4991804767293, 612.2737204294316]
car [576.5788839594934, 499.31335349753414, 612.6186975380483, 534.2250274470736]
other_vehicle [444.99205782159476, 442.4813991780451, 577.8945018216965, 581.5964637278331]
car [739.1134342607345, 510.94178569715655, 783.9019945708928, 540.6593765977395]
truck [0.0, 13.844249729771443, 495.5729274881573, 875.9773555951215]
car [956.4994871908477, 510.63048372358446, 1001.9315791350806, 535.03831293967]
car [1027.329807097744, 514.8422176296602, 1096.565226788402, 543.7597001209458]
bicycle [1444.0393549780351, 527.9529776773215, 1500.791096116667, 560.4624279445079]
bicycle [1371.527403824681, 528.5746946018971, 1421.4934792902027, 557.4845754298109]
car [989.7741614026178, 513.9079805214479, 1044.146271992792, 539.5240305366199]
car [699.5448377199247, 505.95137585983787, 723.6813056280732, 526.5783817694839]
car [557.7573165887337, 501.4781141397456, 601.2240394732631, 541.5956327908068]
bicycle [1388.476752866761, 528.5446183509366, 1438.7233134823773, 557.2452745169662]
