pedestrian [989.3351491826592, 515.491146572368, 1046.4737376159812, 605.0249952362997]
car [731.2437614942872, 535.3396084246101, 773.6151812255956, 569.3819542337714]
car [368.0920011203766, 540.4731889971157, 435.4424198002886, 574.7801682858806]
car [496.2284431560428, 530.9403391031389, 537.6499428430274, 560.7087628671401]
car [0.0, 532.5806937397721, 85.67363451289238, 561.8596664874987]
car [60.101157161761165, 546.8167583488325, 153.0772132497552, 578.7308124506883]
car [286.9484126892478, 545.1176471398268, 336.62139586837833, 569.8074139569321]
car [404.5267253527702, 531.7929248235488, 546.0518925130929, 627.1386754348491]
car [0.0, 559.6402319695951, 124.24599130917646, 604.6263743307104]
car [129.2092942154028, 554.0913585326945, 245.22924792490164, 596.9296724587787]
car [163.53823589474715, 547.237371500896, 278.1565566190272, 600.4020031988562]
car [220.8879313317214, 544.4625559276047, 286.6811033624501, 577.0213671148072]
other_vehicle [90.65033070907062, 540.2837479982247, 185.74251813664725, 575.3634484930295]
car [0.0, 547.1738165989397, 322.50703224867647, 873.9956387816345]
car [225.39493512834372, 548.9466148798856, 312.4306309778392, 584.7263727192665]
bicycle [1423.3757038528145, 518.2472572922488, 1557.2286217335748, 595.1918769675015]
pedestrian [863.2382399480276, 520.539123537275, 896.8458520956505, 580.475835442269]
car [1287.2863962245558, 510.7992828833206, 1569.609916355556, 595.8313739239095]
car [581.202472300377, 520.4969230301641, 689.2912077978183, 622.8446473181108]
car [98.74764225851963, 538.0770884487238, 146.12365603139767, 584.0140187288526]
car [247.25378206776975, 548.4500552288006, 327.6368471216892, 583.0312873643452]
car [312.92263030605346, 538.858873691828, 436.49813650936625, 611.6275639220974]
car [669.6359952108635, 527.1465703755186, 698.8100270684789, 550.4150119045561]
