car [222.37509234797324, 570.0933405273046, 420.39017050111875, 627.6198057658958]
car [1100.6302771176975, 570.0474377141913, 1199.9050531362316, 604.3677849806245]
car [426.20773269238776, 555.3794323877448, 589.0167086792408, 615.5623696022736]
other_vehicle [579.425753948612, 524.2734968147214, 815.353317344372, 618.0432323152482]
car [1054.7276623537125, 559.9103373677277, 1170.2967589474629, 603.1741879381857]
other_vehicle [1432.9574071176678, 545.3192161164002, 1519.7103368597918, 583.2531622770409]
car [1535.1309873063292, 545.9056054890183, 1600.0, 618.6960746690467]
other_vehicle [1188.0265521414672, 538.656039737115, 1312.2730837667473, 600.8293445116989]
car [916.7275069556036, 570.4369045648599, 1031.2093903864668, 605.2064046860663]
car [0.0, 573.6704519492556, 169.09390342189604, 629.5394368683535]
car [751.253019400954, 563.141375163398, 941.7368488297922, 633.2298369475444]
car [1016.7080705622242, 570.6216889849532, 1125.2501453292211, 608.0403004268775]
