car [710.0107584366508, 501.4938735150214, 855.6494488073587, 594.4335264546708]
car [1323.5677080428516, 510.04481468637323, 1529.1863400090679, 575.3744942065842]
car [831.7610399846881, 491.002124701451, 969.6095406036212, 563.7773956465119]
car [645.8892619952042, 496.91435810149284, 676.9072173058499, 524.1123202018558]
car [964.2119575329147, 487.60161663001156, 1154.196680648884, 574.0626886507055]
car [1351.0949587109214, 509.82698115299405, 1546.3078992526055, 558.991358072622]
car [1410.9564773056388, 522.6783072287329, 1600.0, 900.0]
car [684.6984878562821, 502.31416849992087, 760.2124586941543, 557.8970315859788]
car [1470.5751045152558, 500.5203930573455, 1600.0, 612.9239740582278]
car [924.4525511239267, 497.7565659647238, 1010.4033373365895, 538.6052617250394]
car [1275.0551908195355, 515.4489540414553, 1526.569411119887, 596.2558170002546]
car [443.398695152525, 473.5941066715534, 698.899118173211, 696.3096007159754]
car [863.850862099389, 492.0458346582541, 965.7206139193423, 548.5108279659743]
car [661.3102067449844, 501.74438906861036, 715.6054990620693, 544.4090647431989]
car [775.4057753622893, 508.9801152035038, 861.0843567934922, 560.3073150078952]
car [579.7704171375186, 483.88558005089226, 637.952235243112, 535.9237036214706]
car [1562.6309523270347, 502.5879678188611, 1600.0, 679.1736770208256]
other_vehicle [534.9903513691568, 480.5041615877344, 583.2577435571629, 512.9471275417707]
car [1303.9277383925125, 519.6644318046779, 1600.0, 771.0946083263572]
car [1142.3096936937984, 506.60866635797237, 1510.8889327040517, 632.758730043956]
car [787.2011879141812, 502.48333649320796, 1106.9073487327184, 693.3729776686564]
car [676.6523622305058, 493.61080947639874, 703.0868464114321, 514.536503646244]
car [1073.2561110755537, 512.4825255518252, 1149.7325781514012, 538.3350000725322]
car [471.98669190064965, 503.3537776734414, 536.847137786905, 551.3111056706703]
car [737.9406139492926, 498.9156957761333, 795.8365011754634, 537.6034763363]
