car [748.948478768675, 494.44280012191996, 783.4322963248429, 514.6112468869429]
car [950.5642408456283, 498.08152824531606, 1038.5170017921373, 543.0289480599515]
car [1044.7259895474303, 493.86281290599754, 1240.5541548188949, 575.0462571791842]
car [868.0984682779155, 498.619641330153, 922.5690488221185, 526.3642844466889]
car [1029.0242549901038, 498.1295516580841, 1173.1210668420138, 559.3698932521814]
car [563.0859198651991, 479.60591955831836, 664.9852151659311, 570.9745653796078]
car [794.2129198196075, 496.5139032581117, 846.8932541537104, 523.8756980051728]
car [1212.3066328368006, 468.7970427856868, 1600.0, 735.6467768742716]
car [841.8110945530946, 499.9501657337575, 911.9840231941993, 531.6023417521703]
car [1006.9107782890508, 502.05085959319547, 1107.0468070613479, 548.325128718789]
car [802.1019363706924, 493.7934485316507, 846.900081891411, 519.8118427873112]
car [909.5292934293863, 492.8458932310739, 1011.6513303899023, 545.1622341774896]
car [1305.4740836229787, 500.0488604779064, 1600.0, 634.6463009811748]
car [770.9801868238876, 491.757890626239, 813.4933652814773, 518.1870339137255]
