car [675.8522048513296, 535.4471782050206, 740.9134818093634, 561.2422282970413]
car [25.534312633418576, 548.2032267328323, 290.45587856044983, 669.499938117637]
car [541.0048535272302, 538.0992590781319, 567.8014964930854, 563.6418967579051]
car [394.49470430233623, 539.9808237988451, 443.00674765499815, 569.921720185118]
car [540.8198348510562, 538.654056953761, 577.9181587732777, 570.8271542219478]
car [360.3876828524238, 539.266687067321, 404.06847158746933, 566.456228391952]
pedestrian [720.356123492667, 533.7480304041111, 738.8184599673698, 573.0967834534384]
car [342.01021584848917, 543.3472816833266, 379.56519075889383, 561.3304970021223]
car [315.7913571388525, 546.6548192547433, 351.842014186784, 564.7519465273612]
car [588.7218703906344, 541.066791257943, 631.1957563835919, 572.5814819252084]
car [0.0, 543.5515122644978, 1.8629004966281761, 605.429244220748]
car [499.3748415066745, 535.1344086800641, 551.6024446435457, 583.082906902422]
car [459.4038128824903, 544.0979171660252, 533.5196421659234, 598.7047634506978]
car [212.5639578383406, 542.2000540335672, 302.0810212216526, 586.0360157854938]
pedestrian [738.8056941416686, 535.8488349713682, 759.4523064255474, 574.8342614262095]
car [404.44183401210546, 539.2843815830681, 467.05632278565344, 583.9414690144075]
