car [0.0, 450.8922385132925, 448.46566636530525, 805.2560303426426]
car [1210.140372090981, 537.4303748690384, 1472.310930996121, 657.8981817385359]
other_vehicle [915.34582389223, 515.132544459078, 1096.5596200114999, 593.6601569458157]
car [214.47742937367678, 535.5623900939655, 457.059409871546, 613.9187392600261]
car [308.61650023318236, 536.0152287399982, 513.0730374375376, 612.7492642170977]
car [1004.5173548815123, 545.4269120693544, 1118.31267011622, 589.1013195153728]
other_vehicle [686.2274732958863, 506.70754600709887, 880.0289997818114, 600.0705319883208]
other_vehicle [440.4266427914606, 499.75140916504336, 726.8222415680236, 607.4053345962507]
car [1063.0474991064252, 562.2519821212829, 1148.2921433258177, 592.6966650700816]
car [1390.0663601015542, 552.86017209497, 1600.0, 732.5131660364265]
car [1116.9424576583963, 559.7844611102189, 1206.471054154371, 590.8330986738149]
