pedestrian [1172.2717296535673, 723.8648735854906, 1253.128977656969, 900.0]
car [1260.4251433656314, 777.563297890079, 1545.3918387279944, 900.0]
other_vehicle [1143.7946586565386, 682.9591118476891, 1344.2024362889358, 869.8580234798804]
car [1188.2490998913422, 716.1248279452914, 1406.431657524551, 898.7053941078991]
other_vehicle [1084.1964841063314, 703.2911086878207, 1193.2929632110183, 813.9643830082798]
other_vehicle [1452.3047736283074, 143.3932424119444, 1600.0, 900.0]
car [1307.8473437669945, 746.3851506092792, 1600.0, 900.0]
car [203.20329632456543, 754.8989143446383, 468.7002266345664, 900.0]
car [840.2034753089973, 753.1468781855924, 930.3152221907112, 820.0161105937532]
pedestrian [1319.890788024416, 740.1610315006712, 1427.0066966731995, 900.0]
car [1429.1388295924362, 667.1709886161836, 1600.0, 900.0]
car [1230.8441483126353, 697.8617397963391, 1462.147387447279, 900.0]
