car [607.3721820298607, 500.6248446593068, 670.1770318045708, 532.6884613270294]
car [541.0131202435896, 500.36319581277127, 627.8724623449922, 540.6771082878665]
car [658.5577881680265, 499.41517696637504, 716.9580050550333, 525.643100805198]
car [722.178283342646, 496.5502278599134, 765.7672973674461, 518.2741651031729]
car [533.8514626668615, 504.6255962081329, 612.333227064458, 540.1288458620785]
car [761.1215164475914, 492.6573391199786, 799.3299248801588, 512.7468222144146]
car [317.4776106944981, 516.5286250927672, 443.4725433738071, 565.9724861360944]
car [414.72962434425204, 512.6709394042662, 492.7888385813823, 549.4147289715927]
car [450.51769306981635, 512.7977492038198, 539.551393906944, 548.7895896320598]
car [713.0259814006747, 496.83324267722236, 754.4184491115242, 516.6939964409346]
car [491.7897862303628, 515.0827235227665, 559.8072519650844, 542.6040403273598]
car [156.9022226266897, 523.5645110269004, 311.08139072316857, 581.7073138631644]
car [20.224409063121232, 512.7439238463742, 239.8067744941143, 602.8038227739653]
car [0.0, 528.5429212013594, 146.74863216733078, 600.690759709871]
car [624.2887786557271, 497.3454051290148, 684.5123409869362, 527.1317453792072]
car [0.0, 536.8854947164042, 127.66403486091734, 603.4517076742824]
car [417.5010125251372, 505.5871952594476, 526.9627014342522, 556.6508578028826]
car [247.07778988218115, 505.17519669689995, 407.73338198997135, 576.4726559588573]
