car [558.2569218008568, 503.6512555789409, 640.2736771091029, 566.8893673368043]
car [1363.8151115825704, 527.6261174778828, 1548.5175077631727, 580.4671969148067]
car [1419.3552095729558, 521.7417907004628, 1600.0, 615.500884399848]
car [396.2214669692089, 495.95154528234235, 461.12611754319516, 532.7455530839698]
car [1194.0755847057749, 519.1718606588616, 1347.5502767206465, 571.312776096802]
car [803.9891863569744, 502.28771473966043, 853.2728388610312, 537.8753819190326]
car [956.7928707077708, 497.9544278413702, 1181.7600480554086, 611.2959127917178]
car [0.0, 473.1599061947617, 28.434528319533914, 560.4824734408018]
car [1138.735223736791, 519.7708356440143, 1229.7130074539327, 551.9858992642123]
car [486.2130738669783, 507.02043898798956, 539.1762539900734, 536.2007475569384]
car [1189.7618818756853, 519.806987844946, 1306.9847897615919, 561.9169070274152]
pedestrian [570.6686444188381, 498.21605564278065, 591.419323219321, 537.2639356554674]
car [1076.73785923052, 514.5987090373886, 1153.6831231715678, 545.5552330571609]
car [761.0093420127973, 501.7220145184344, 823.2226018630612, 553.6639171468576]
car [412.789286194098, 501.60389244725025, 485.6250612483919, 536.4387995492468]
car [1025.8969298792626, 507.7841022731422, 1121.6985545663356, 554.089632747384]
car [932.3251087002209, 513.0389156646409, 985.772130351944, 537.9288554080417]
car [595.2188204929691, 487.8911959209533, 758.1075420740864, 616.4176403570978]
car [883.4872685112631, 514.4818961135791, 951.6665916313789, 549.0985332538793]
