car [1203.4658804474545, 777.5282356814222, 1382.2778773415662, 900.0]
car [1535.6241624742572, 762.4336816933533, 1600.0, 900.0]
car [766.923710152776, 806.4035197613275, 889.0768215533805, 900.0]
car [922.2402390902708, 783.4960032257161, 1099.7670799991156, 900.0]
car [965.5324814074968, 755.8363848053966, 1106.4519814022588, 900.0]
car [0.0, 826.6625697446797, 118.60780527718016, 900.0]
car [592.629950625291, 780.5008888411912, 808.6663413949717, 900.0]
car [129.8266136457973, 818.8087410162092, 445.0749895901204, 900.0]
car [1259.832289216274, 798.4116286177859, 1466.2175122126107, 900.0]
car [1160.4931571906823, 806.3934149840882, 1268.5152142152122, 890.8875675602542]
