bicycle [0.0, 538.7717404349396, 48.70578688195131, 605.5482187901895]
bicycle [0.0, 565.6622924817626, 5.419241410517446, 636.4382337765395]
bicycle [0.0, 533.0800043723369, 62.83682615287344, 607.6592367529953]
bicycle [0.0, 535.0970589759474, 96.00888446043352, 609.5916363159159]
bicycle [0.0, 539.5899963249851, 19.071197174136138, 601.9245498279233]
bicycle [0.0, 562.2735582005523, 21.656363630986675, 636.1660228401375]
bicycle [0.0, 539.2228933205632, 32.76874035214213, 603.6061706365361]
car [848.4664197671385, 442.60092617395634, 976.0663857701506, 540.4914642961046]
car [1458.4994517128735, 478.6701984512117, 1600.0, 538.4089508447098]
bicycle [0.0, 538.0550132310519, 78.32997552171659, 609.8336691207143]
