other_vehicle [51.972459963450945, 482.7309343222203, 208.8240802839676, 556.2060800287484]
car [532.0118152066588, 541.1941639240846, 668.1946101582263, 591.2779607526887]
pedestrian [1180.1998538695073, 538.6630782948374, 1227.2491222603446, 615.7311334567952]
car [496.2402614380131, 536.4607048353141, 638.3658957387612, 594.9026763646831]
car [166.42093969258949, 525.9358336632738, 264.364777936547, 562.3922652573922]
other_vehicle [1216.3162080239586, 475.5992576113033, 1600.0, 656.0871498922688]
car [979.9875202112236, 556.0469235529937, 1200.106269044637, 628.2553570529614]
car [259.36010025843046, 513.0495758428303, 445.07060044179326, 593.0739494519793]
car [54.50734481205748, 510.6172350542884, 194.6784978345758, 566.60800458644]
car [845.292331024804, 538.6414812138578, 1600.0, 900.0]
