pedestrian [737.5926918285604, 532.2747813353426, 752.8682475382959, 561.6969363724364]
car [559.5466592011469, 534.9193110953917, 598.400036248737, 565.8645008560923]
car [402.5959255253489, 537.2733786255135, 444.9897077469333, 561.7608195178218]
car [0.0, 539.4048988897923, 44.300913000031635, 602.1747939442279]
bus [16.425421481148305, 517.9018636702934, 210.67639745113297, 595.6072032892279]
car [341.74134728829574, 543.3118755678622, 392.79717879643994, 571.9533742115449]
other_vehicle [176.3149985975581, 520.7130007895851, 273.3780691323311, 583.21441108511]
car [258.8115959083983, 539.5109491352929, 358.1423939501907, 584.7195742250217]
car [520.202617111197, 538.4180695393145, 557.7409925874995, 560.7910174466653]
car [259.7472876299349, 538.6166215416508, 335.69881049965704, 579.2377257157234]
truck [998.270831918175, 454.99144411354666, 1396.8366673277806, 603.7068591778026]
car [621.0916771083738, 531.7643518271603, 650.6127979226636, 558.3592963021389]
car [42.86665083034182, 542.0582919867086, 211.08456229525635, 601.1885553358705]
car [0.0, 539.9738155922132, 33.1423331045973, 603.1195778791962]
car [628.0551635227912, 539.2070457082228, 675.2875795453481, 576.0080842605892]
car [582.8764582078962, 534.0852442219352, 608.3509404703377, 555.3985621342832]
car [244.28857928804285, 537.2828065719622, 307.27840681046706, 573.35488525208]
car [168.51960890292477, 549.221990630813, 258.56635678877336, 587.4043392279135]
