car [343.9669986374178, 557.4179141873146, 485.56625693439025, 616.4616331893633]
car [584.3254169330056, 546.6773777842926, 667.7697827304839, 590.6664778656116]
car [385.34009439180505, 552.0881027485296, 547.9418123403408, 623.1307181379899]
other_vehicle [1003.173118557253, 509.9081596726445, 1059.3896938143148, 580.1073685302094]
truck [441.9885086777664, 493.5383497379824, 608.8820731598779, 604.3650008620552]
car [744.7856628005488, 549.170065823346, 780.0001878497563, 580.6433299245882]
car [503.13875333217555, 553.9946510201239, 791.3724469086053, 746.2111855685508]
car [0.0, 557.7144943294912, 250.49355958352334, 821.9627326939639]
car [647.9252853506055, 551.0730060840029, 713.655806761204, 584.2174582842601]
car [15.235567892178656, 561.608360388752, 236.1778409198706, 644.9866238804252]
car [843.8234674194384, 558.3700240475491, 877.5827492360656, 584.1372349700887]
car [1032.3222924988656, 552.7139496083116, 1092.4643718311913, 599.6086477522323]
car [779.3415702882605, 553.215740210943, 808.6263643832876, 575.5965092608258]
car [691.4918100335785, 559.5327023151483, 728.2982157465443, 583.9589386126573]
car [222.12354394570355, 555.7464424580486, 370.48153697334516, 621.3273236366261]
car [1084.6918112735343, 560.0826394327232, 1259.7306775043292, 675.9097388652485]
car [329.6218375708629, 549.6694124823756, 467.77678128372713, 608.4359849465714]
car [0.0, 553.7076006909816, 204.58578845662262, 630.8398824122482]
car [0.0, 573.7827392135358, 31.32524971348445, 648.614221991139]
car [873.3161013681583, 552.9813949943234, 922.7730269776765, 598.9271497654803]
car [1021.2356474194199, 543.5414909951783, 1077.7283541989639, 588.759205906129]
car [28.051874850866728, 541.3457283616201, 343.92673415226227, 657.8707755273007]
other_vehicle [1038.8750394436377, 495.8792823372118, 1155.2965898166285, 611.546839478092]
car [1012.7606890470281, 551.5774986758815, 1054.6001263327107, 583.7759908131746]
