car [0.0, 584.4739807992904, 44.060042467164834, 655.3153486447055]
car [895.2312277401263, 523.2861318135165, 1038.4196419211946, 681.349829907841]
car [1168.4448641377835, 496.67213944106953, 1600.0, 796.4001047682405]
car [1124.3332743112358, 546.7599080585461, 1325.999928978061, 682.6209156111386]
car [238.11363047583322, 556.2308460484136, 483.1704230513139, 680.0424688707815]
car [218.1836010726768, 569.5716071204748, 348.4422782957757, 629.387363287136]
car [829.9429660715483, 553.6601964613596, 864.5426983381783, 583.9734032850962]
car [786.71560046891, 568.4048127592707, 874.1434165499243, 634.561646536445]
car [548.9523122760031, 548.8316118953156, 788.0088464734316, 720.3578442538951]
car [39.81097826732429, 579.7144137943128, 181.5756407349653, 621.665914177496]
car [89.43390069016105, 578.3988096255375, 219.17299017108868, 631.722811295499]
car [843.7336714062075, 568.6441850369588, 897.9489933300766, 611.7114012036135]
car [0.0, 552.1304843754292, 203.58924663770924, 823.0774801952639]
car [895.4059993624055, 561.0956033896765, 930.1912966196445, 591.0617949703166]
car [0.0, 581.1053604152924, 45.991601728145866, 624.2316994916704]
car [473.908975478837, 549.6572785974014, 621.8564329997473, 626.6684862294766]
car [772.3403169278073, 563.0907506289685, 823.3673871074632, 598.9341315751451]
car [978.4682693861888, 555.9797525715442, 1046.2219665205237, 623.0390661387488]
