other_vehicle [959.5128819571182, 461.3769986601592, 1403.8546226616625, 627.7337599228447]
car [849.3268849385586, 517.5002066874375, 1119.6366039357185, 616.8721985983237]
car [1534.6748481974032, 526.2267931425158, 1600.0, 632.9182355318483]
bus [371.47773860708406, 480.49128470865384, 679.5635721696063, 586.0518032006614]
car [754.0626929481367, 520.7837695220894, 1055.1177489899205, 629.1600429338545]
other_vehicle [94.10307325261192, 488.93168483049897, 255.00215648059174, 562.4384933005123]
car [0.0, 491.55953313828246, 105.28925872938167, 553.9778357474491]
other_vehicle [0.0, 491.8006950730658, 134.03539900143338, 556.6010442001974]
car [0.0, 505.36438720958387, 36.51657550469632, 606.4203479381168]
car [223.45926130554832, 516.3600977764705, 359.6988614011465, 568.4415934110409]
car [264.25763220130415, 504.4552064226107, 456.7498432077216, 576.225269076778]
