car [1226.8262192979337, 491.9975765573151, 1329.0361995566677, 521.4207009603961]
car [734.4575517426603, 500.6973618336273, 931.8402472458777, 608.8700466587231]
truck [916.8259477401222, 451.8742073755783, 1125.20646812496, 520.1085613823475]
car [244.12897099513964, 471.4478365246752, 357.09923177664, 509.1076846715113]
car [1088.8148900412984, 432.72130831528744, 1548.4292250056706, 853.5761175285986]
car [546.9882542303502, 465.9163301528316, 687.1681026818196, 598.083191927636]
car [927.4277255046012, 489.669239011385, 1032.531502429462, 537.2444922477072]
car [1150.1902999090526, 483.2753417052296, 1277.415163276112, 520.8142960699771]
car [700.1123386107846, 476.87062555901645, 804.4070166812525, 558.5083649499564]
car [323.2149181989493, 484.0329475206492, 409.25034854349934, 509.2352669245464]
car [107.67973307506865, 467.5255242030443, 240.78382957856442, 511.0480977931324]
pedestrian [288.7853847940071, 473.8721938512536, 328.13876835065474, 550.2933232998245]
car [1115.0627458495132, 486.8390127698718, 1215.140627723462, 520.1532273478653]
car [875.0231339510387, 507.61503323418606, 1012.7737007222618, 581.6868152432404]
pedestrian [463.82176571302057, 492.44585129570453, 472.56741466794404, 511.4965211044108]
car [168.91525747187134, 470.75874124632617, 288.2692399106035, 508.79214340223217]
pedestrian [811.8780371990005, 493.2452630443995, 828.5466158359932, 521.2345230104138]
car [789.8125451910438, 507.0092402873833, 1195.0172107314638, 730.0799528489965]
