car [0.0, 495.92293802544623, 86.5115646042075, 610.4787555707488]
car [875.9313193992555, 496.72241490349575, 1409.803151723389, 752.4130627764041]
car [1289.6012038933347, 581.5733329885261, 1397.5996041794629, 638.3599138129517]
car [0.0, 490.1135803414697, 439.46605390507716, 825.8884325657631]
car [8.174686151144929, 489.35459603758943, 378.41298244384086, 660.8426043647271]
car [501.3173872139546, 516.62738122956, 1081.1548058174842, 792.7964120112921]
car [270.49100996371817, 528.9594410086056, 373.78712945679393, 561.7280085432833]
car [264.8441188326991, 523.8192448542123, 575.4066939854523, 636.9753657953606]
car [1202.7395308549112, 580.2720394529068, 1313.2628454515677, 635.0253342516938]
car [422.0725692743949, 520.7557438155274, 1600.0, 900.0]
