car [1398.0021962657345, 531.7854039113881, 1593.9005123628526, 576.7617486434467]
car [662.2195738336299, 506.78783969279203, 711.374974535635, 544.2424234788938]
car [580.4219149739936, 507.9395782223061, 656.2843524608708, 570.338747714528]
truck [836.0498030010842, 495.80987713997797, 966.2664429982417, 549.3623503982269]
car [0.0, 498.5368131421057, 31.894281153721007, 543.8026191223682]
car [293.08650386393424, 501.49623351555147, 396.32168331906877, 535.4146982490289]
car [831.3315242620923, 512.9505451520879, 877.191080944898, 533.5789613775892]
car [1307.5353055731255, 519.6445667287421, 1486.0612482046533, 569.150708356725]
car [707.9575418568797, 489.6047677623921, 820.3983904090941, 575.8712385667262]
car [1083.9131534752703, 502.22383655343504, 1291.4646387135017, 579.2822112608087]
car [640.1724736107112, 504.02195490749364, 663.5962267237851, 527.5569703774221]
car [919.8874175846852, 515.504097581108, 1006.0712269015619, 550.0066387167535]
truck [161.59180522493597, 451.8441678469487, 366.0276357548909, 547.53850268496]
car [1191.369008997874, 517.284391049474, 1548.1720073591473, 622.2010128020481]
car [1177.2538905405356, 512.2781720793887, 1390.140857856816, 580.6417601505735]
car [805.0075505595947, 512.3522486105696, 840.8997618200151, 533.5961457673401]
car [1000.0595505623896, 508.28605390584494, 1328.6935524721275, 645.2241569909389]
