car [579.1336950319013, 479.4332673683014, 718.1100775463301, 603.4768798474383]
car [976.5711634608672, 511.4033917807581, 1031.7899679989334, 534.2887624589904]
car [486.8440659295647, 489.9218700524364, 840.7964462187235, 795.923845890307]
car [721.2400473126827, 494.3497603464158, 850.6322311765233, 588.7802880366594]
car [1098.243580839177, 506.36677446498385, 1205.0682138941281, 548.7066628349216]
car [664.8541227068986, 499.99280455101655, 710.978333664777, 534.1736183001775]
car [439.1713266615044, 511.1013259865188, 538.1656005151199, 578.4897403225831]
car [1117.6978053602384, 505.1220590202355, 1600.0, 695.6875266898994]
car [1347.6855350252956, 524.0885219704179, 1527.2457124358616, 574.0125947572943]
other_vehicle [517.4095500551937, 465.1670939446605, 594.724483806935, 538.9508260760621]
other_vehicle [214.46760132839535, 352.071572681393, 523.798173136593, 648.1530020006643]
car [491.3795473704146, 506.23602992153667, 560.1567444961117, 556.459189304683]
car [1034.236943665217, 511.65113912682307, 1106.421410676865, 540.2021320017413]
car [1402.4935778967351, 394.05671311119494, 1600.0, 900.0]
car [782.3924614604642, 470.2031914643349, 1068.5702427172796, 655.3022783006963]
other_vehicle [549.9750013490742, 475.1891710545041, 609.5423844542191, 533.2936831824719]
car [704.779872592794, 503.13779992489674, 786.9908308154513, 563.965880276044]
bus [0.0, 93.45347164917229, 382.03242918348667, 786.7875306472048]
car [941.5182561528255, 508.3542783841057, 996.036262691292, 531.441039173532]
car [512.213879538827, 506.16336120727306, 568.1823827181306, 547.7778123892704]
