car [46.08869902270236, 507.32925378677174, 214.89964972582538, 574.9432430677051]
car [941.3346606460542, 508.8128045253227, 1025.6420513870814, 550.691382567955]
car [1329.3888670683841, 532.8905051301228, 1452.409451409172, 573.6057901603841]
car [349.17096316724457, 511.07022469206885, 444.3266706958596, 545.6417986812817]
car [623.1679366858367, 524.3423273878697, 756.7437301574233, 580.2977468643556]
car [517.1071198918809, 506.67497636062694, 588.2589069812427, 539.1437351576067]
car [0.0, 520.3899667450222, 180.4652945882357, 779.0201982149479]
car [1134.489369953087, 526.4256802226197, 1303.4808790511727, 572.4125294598334]
car [697.7061099500186, 506.9293976736097, 834.3174368254955, 557.7473560457588]
car [274.3364820141263, 503.1510296024436, 359.8644508925922, 542.9267073356879]
car [1063.7741557112015, 512.5442746742452, 1160.7142336144461, 550.5083792550931]
car [413.28462941626753, 512.4886705426982, 494.4894713102305, 542.2603782993395]
car [0.0, 513.4283634611588, 81.22662214551788, 552.387769261168]
car [339.7619180470981, 512.7447892202181, 487.46268424784375, 567.8707756910381]
car [199.47906615165326, 513.2467361297834, 353.6178191552629, 570.7007075800828]
car [1400.649214604402, 532.1781982903708, 1563.9158330682408, 581.8371354559472]
car [561.9180110434207, 505.5518203573611, 633.099944765936, 540.5118864159981]
car [1515.3156520346868, 532.940058776198, 1600.0, 568.6804925011776]
car [631.0129961456003, 499.6147884340587, 764.3548895745939, 560.6262937740252]
car [478.8533406734277, 513.7341650489141, 620.396091421355, 573.6862448407206]
car [334.353757843166, 512.9749092440862, 465.2136917775714, 566.1321377881676]
car [358.35235347933155, 508.9814887165873, 429.76780993556736, 537.2067192954844]
