car [438.99185717442094, 527.1665261531521, 479.77090649627877, 550.7149776498587]
car [1132.3074208430755, 507.95725579941296, 1381.1028318182775, 575.0577685928118]
bicycle [1518.0189964451642, 489.033652148019, 1600.0, 568.6677518552374]
bus [645.9410220551435, 497.194673752001, 696.4900052571563, 553.2374105304523]
car [894.5250591704103, 498.2230723109751, 1141.9702324062678, 573.0396543289241]
pedestrian [776.2990013901618, 517.2392476990689, 795.5034336331669, 564.3968264343475]
car [408.36081872916986, 529.9910318222901, 457.37099648508104, 556.3910394764627]
car [1480.2739022744083, 488.22423352392866, 1600.0, 574.534192201341]
car [239.33960700139343, 537.5572604499597, 291.0056446411148, 561.6619134569257]
car [0.0, 541.2889018371862, 86.44614506137921, 596.1874398928526]
car [564.8355369495958, 523.680284331974, 601.0291753843237, 551.7196399860946]
car [1192.067811768062, 508.7047082089169, 1437.3138762091733, 568.0983223175821]
car [350.36513620240993, 521.509770634828, 420.88353948157066, 563.4881442840989]
car [187.598185989746, 534.0765284747426, 252.6637119915456, 565.031530024432]
car [274.9120127976484, 532.3228805242662, 323.5665153046524, 557.8638231687154]
car [507.71316377744273, 525.1041929043885, 546.5470620031197, 549.8033601028493]
car [332.5273161843532, 533.8359768751797, 367.51493375501434, 553.246948059516]
