car [76.77212858451492, 461.0289581058231, 564.892303741856, 709.0801267135438]
car [1355.5416714483504, 524.021527069125, 1423.5992090361162, 557.6803928691243]
car [1403.086616956436, 529.0226552020584, 1482.8871344103018, 565.3367366526112]
car [0.0, 490.0524033919517, 212.07638057167597, 657.8106113295802]
car [102.6713528936428, 480.5987757022633, 248.13586285315827, 536.3160138111245]
car [1170.8902904948468, 512.878167281032, 1232.9367242529108, 548.6111632003062]
car [1078.5391760746136, 507.2294031598378, 1110.7258943386744, 529.6091545339484]
car [1093.588565090781, 509.1193544532111, 1129.734496307214, 532.4820419269527]
car [1111.4611120593122, 508.81754481297116, 1152.7858439848899, 536.1539998997578]
car [903.085960603035, 509.51362436480196, 1036.2147365740602, 623.1896161499932]
other_vehicle [1589.4530029735613, 495.5221001759933, 1600.0, 575.7866947279308]
car [1222.383130598237, 516.2116174043472, 1274.5218351568915, 545.5226678053766]
car [925.6944700926203, 498.3226564671455, 959.7091922618736, 529.0182747373159]
car [1048.939450033822, 510.4131655374167, 1146.4458102497783, 574.3666156621933]
car [1263.0007634752433, 521.1116525154209, 1306.0861463112517, 545.2308928643278]
car [1125.944169611262, 510.2728749534848, 1175.3927523537093, 539.3198151247283]
car [0.0, 495.3752478554468, 182.8916178940007, 584.9957318178173]
bus [1286.3516992796067, 500.68951847467855, 1388.9938203939373, 552.5059655260366]
