car [732.0607310169277, 517.1402303243613, 884.5902097038822, 629.8653648806144]
car [713.1317865326337, 540.4955983616347, 812.4587823414904, 601.8825930011245]
car [0.0, 532.9556086419611, 19.401773393001523, 603.1650784036023]
car [551.8547282929746, 540.9506329979038, 591.6722731775917, 569.4111744503793]
car [582.3029752804339, 542.3308132323587, 605.0442756699712, 559.6569991893543]
car [665.7772533324662, 535.9957850381908, 710.3586028467153, 569.8830239742416]
car [376.90876696812825, 545.1616061337778, 467.4855284562295, 592.6989792741305]
car [300.345814358333, 549.6156372158661, 346.816657827127, 570.390110074755]
car [0.0, 556.5283724570006, 272.5018569881039, 900.0]
car [325.1543730138703, 542.5929018079885, 405.265873626568, 583.3944857860746]
bus [874.2611804561009, 318.2634418138598, 1227.6904824709054, 738.0852229191877]
car [484.2530577322891, 536.6678347146097, 531.5797895343785, 568.9659786059154]
car [698.9244349472824, 536.9958327567266, 773.0626504440435, 588.3993560145075]
car [530.227671789169, 540.8893842888953, 593.9833610343134, 588.2004259227173]
car [687.5949259131305, 531.9888707538952, 750.8672878047805, 581.2741437950071]
car [18.714922854559646, 531.8908569217817, 203.9670157116691, 602.9711228087684]
car [679.2890400995982, 536.9808918603123, 729.6174816609769, 575.1119180558592]
car [771.1186113105339, 493.4801599933795, 1022.1247241163059, 686.6845460278637]
