car [20.761783440283946, 545.4398503993823, 167.91096975050596, 601.8611257177207]
car [0.0, 539.5304910793078, 18.925413321921763, 612.475473564253]
car [933.4836639021752, 507.3725917349147, 1306.747333656289, 630.5810635698064]
car [465.83649217922857, 533.002655188991, 521.8272984372538, 565.046315525437]
car [523.4300964924219, 534.9925395157583, 570.6788653124825, 558.4694648966798]
car [273.8011245669798, 512.3415839473417, 593.9830483078874, 649.3557996386904]
car [607.8610672016517, 531.4874451902032, 636.9566599290621, 549.0327603492431]
car [139.71660330518364, 531.4467573658143, 303.6193908080444, 620.6895199040549]
car [630.1545881425913, 529.3007650875802, 656.6131218376036, 546.8580736492287]
car [735.5757766257195, 523.4744263476774, 767.2984798253116, 548.4354411860121]
car [573.5687619883652, 533.7480865251805, 608.348309608599, 552.1127380156533]
car [635.5736401595203, 515.1331402827169, 766.70604533918, 585.7050249395996]
car [810.7476922981, 524.723732202346, 833.2946294097004, 545.5869197644361]
car [129.02356147198103, 515.3938242263722, 301.67611524986046, 602.2053267694769]
car [25.934482407146096, 541.8738516941183, 105.97175056114628, 579.4327577055916]
car [106.34938850769514, 545.080435556482, 178.930826298965, 576.4826439676792]
car [118.15236220940055, 541.4975618686976, 196.2821360825506, 566.3632476965163]
