other_vehicle [281.29435981869483, 531.1427564072544, 455.5009374853239, 613.5411881142004]
car [1017.3283209599051, 554.1167016340218, 1077.5112167108002, 599.5569872285523]
car [846.2325949781036, 551.8784409415393, 895.6002301046121, 600.1689092724208]
car [994.6610638594289, 556.4342190091527, 1024.5029472963447, 580.7958744327545]
car [1004.5025720976432, 550.1467984250512, 1057.6783029876767, 592.3959725601386]
car [931.6269226658417, 545.1910962380744, 982.3010728705956, 593.6053601636288]
car [729.339217330549, 550.1404409581075, 806.8161893681862, 609.5798252800346]
car [1146.7600760395508, 569.81893236991, 1428.0578835335803, 749.4194886473381]
car [984.1776427740715, 547.889900466201, 1012.1450870726444, 574.3640259670271]
bicycle [1117.1321935359674, 550.9284535906164, 1140.7098209204612, 602.999914219389]
car [990.0030412196005, 551.1802229700892, 1016.3226158716076, 577.0402349045631]
car [823.4244362126864, 551.3330672699266, 861.9279499392806, 585.6543959889673]
other_vehicle [0.0, 492.9826611750755, 194.62381366426064, 655.3835660674639]
car [887.0574043006156, 551.999361370706, 922.2363819121258, 586.4678275822423]
