car [1003.4637757363861, 527.8799388404797, 1600.0, 900.0]
car [655.3213596005636, 514.8236263626485, 685.6357728621024, 543.4285475197169]
car [364.7826154645703, 528.7986482707827, 415.28782701366964, 553.5010128113228]
pedestrian [745.0348797301644, 512.5360950890285, 762.392959956457, 553.5223330841133]
car [812.7064717219673, 508.67655843945016, 865.3076399268989, 540.81805298061]
car [13.011849906021004, 530.2333216489575, 173.48109902327474, 599.588404223617]
car [405.9496249102004, 526.9734231726727, 441.9288772627772, 547.0772415769702]
car [0.0, 536.3951597920777, 87.12828909087223, 593.2055811686395]
car [245.8050361567442, 535.1405062504749, 309.6682428123987, 564.5364357413246]
car [294.8512731515016, 531.1818263055611, 357.4547470040046, 563.2541994347453]
