car [789.9211041491867, 510.30222495668454, 1026.2082488196368, 685.3799300821149]
truck [347.3176890267669, 497.81553953967074, 439.4738294585574, 552.4983180492385]
car [255.49943133266413, 530.8784603810902, 400.83090568085794, 608.6727118217716]
car [534.6102002102272, 527.1763609898643, 563.6235365418539, 547.876343372045]
car [619.4930673488794, 526.0700043595554, 658.2410946849204, 558.0121492842052]
car [0.0, 473.8182798907592, 120.55015632352135, 888.8406561202006]
car [468.5199104048248, 515.2892494268511, 563.3383891239829, 593.7445595807775]
bus [659.3094072276756, 486.26452395951145, 725.7239536584647, 557.2377103549484]
bus [652.5621846324823, 509.56381205812494, 685.7503624746438, 542.5739798597582]
car [558.8023461197688, 526.6849156420762, 599.7561974528428, 559.9257064537]
