car [564.032873291752, 490.8807948086443, 672.2743132453612, 594.6555141063928]
car [892.42792860242, 507.7163369152028, 1031.69586205204, 571.8457390993667]
car [427.2460711696749, 505.8403931825837, 525.406897536329, 574.8618431909479]
car [638.5158198543511, 502.10576654510925, 712.7446619061512, 559.107644906927]
car [131.49839645144303, 505.2690365611584, 235.24935790937917, 564.7887584581139]
truck [895.5562515887051, 467.49976284211925, 1105.6514212192956, 542.3922346120377]
car [334.9467570930775, 495.7203144287822, 492.8612939925907, 613.9262319272061]
truck [1342.470302791661, 465.51981719197516, 1600.0, 579.1977359229062]
car [690.6109051051571, 508.9706257777898, 722.8804124509185, 529.9854945693473]
car [737.4057582901057, 479.8301583896192, 923.3856505772103, 612.0819518419102]
car [207.61617013947503, 516.5324667523336, 312.08368441563283, 550.1073828107864]
bus [534.4555078067781, 478.9615410074239, 589.1874959658891, 542.3443858912789]
