car [847.7834729237331, 518.2281731845778, 904.8039123337203, 563.3038735393353]
car [1149.936248667261, 517.6119427865107, 1180.2461546735517, 539.0042905516658]
car [827.3883893719099, 513.0078870021504, 894.7283128446728, 572.7636587309661]
car [905.6099313431994, 519.4594029855149, 935.9070771135944, 545.6193254538592]
car [901.3069678430228, 508.35436688700077, 1020.2043474846851, 613.4664676992992]
other_vehicle [1263.9341478147267, 510.122252726515, 1323.1827336209094, 550.576508797442]
car [0.0, 511.7432134147185, 7.211311590377735, 583.3891688736404]
car [0.0, 489.47422769165433, 534.9296992587393, 684.1577243875079]
car [0.0, 507.29079543781603, 69.10038353818815, 578.9001902813881]
car [1010.4150316812517, 515.66543488509, 1039.9210361713008, 544.2279069852458]
car [791.0348622262928, 516.4826839843997, 879.4654976634879, 588.5302151495688]
car [874.2418934295567, 514.9363925080363, 921.496031700309, 556.6713245710873]
car [1217.6360216595183, 520.8506685347915, 1261.7626123211353, 544.6469960537511]
other_vehicle [1420.2463925236368, 502.6364313304489, 1551.8214142136485, 572.6417450764916]
