car [1344.3102766397851, 511.33937725295743, 1404.3205171043599, 550.455340138036]
car [1087.9002446734205, 511.3378762630674, 1223.373813115433, 613.3521816436692]
car [1371.3303864186983, 520.1892632217194, 1433.315115019947, 553.8843899779748]
car [643.3919358086538, 510.1023758806076, 823.0920573435415, 633.2492469035774]
car [910.8870228808196, 510.6506374332095, 945.440786035001, 533.379356586324]
car [797.6237524550644, 506.8137983480927, 1077.9035839638402, 751.3809969054408]
car [1123.000392387357, 493.3570502675109, 1191.7905609586578, 543.4347514998666]
pedestrian [829.3156542432541, 502.41027742971465, 846.6860271125353, 533.5810330479487]
car [929.055898774295, 507.7885359643145, 999.0741890907765, 573.3750772313872]
car [832.0431891239093, 502.67665441060996, 905.538225551018, 561.2509580551405]
car [1316.3859508249964, 512.4597561799711, 1359.506487895858, 543.4690335168733]
car [921.7187987264515, 504.13739005919894, 1043.6609897623293, 619.0618079810415]
car [1042.623099509718, 507.2020031460283, 1111.070860012275, 555.9200379437525]
other_vehicle [1420.878150852881, 478.76076391344697, 1579.0681365867993, 570.9525215919936]
car [1035.6948914954878, 509.5072120557506, 1084.7966232698677, 547.4421125321542]
car [1076.1201858299928, 508.83988551651044, 1114.0191024652172, 536.2540608179469]
car [942.9276845640502, 491.35321794110916, 1010.8266986615474, 541.9594830639184]
