car [546.1077181818216, 520.4012364987614, 746.9617848114536, 593.2487583864454]
car [106.68821003828828, 509.7523613835812, 212.26659045254328, 545.7846430883678]
car [984.4395831739806, 529.1407665664439, 1046.40096334691, 572.4360840454378]
car [939.7810465489373, 532.8722401232858, 968.0916401279244, 552.2699665937592]
car [1268.5797057451125, 541.1689427165506, 1600.0, 672.5535792736637]
car [1454.9085680449682, 543.679284054541, 1600.0, 637.7541729045681]
car [945.2312422030998, 535.4785717827693, 976.538793480813, 555.6688480572228]
car [194.5694100522359, 510.024401790962, 317.6610224009232, 555.3411041655326]
car [0.0, 500.95588813218984, 93.08094736468163, 537.1861833832564]
car [0.0, 485.94216938654415, 41.47457615146333, 597.4445589346062]
car [190.7444584317786, 496.50060339361784, 381.229154718349, 575.3713213923505]
car [143.22962408679768, 505.51726935401433, 257.86602342895475, 550.6687963356298]
car [1019.0663915851508, 538.6048898954022, 1102.4474572786864, 585.6859868494693]
car [763.4592686948022, 530.8767318847214, 853.2384794599606, 581.4362938669764]
car [0.0, 503.82890927454673, 24.78520605546641, 534.0889065719289]
car [0.0, 502.5269730973345, 23.302804040208173, 544.6779238419189]
car [332.58180714654725, 518.6915547852211, 462.7406968834421, 563.6415394393541]
