car [0.0, 469.24266728354183, 4.722642089962603, 672.5173415690887]
car [183.44916295578946, 495.25355085553866, 292.099555168916, 539.2684390072558]
car [705.7674289368474, 513.884459492107, 731.3430946697108, 533.2248907943806]
car [629.4614832580766, 505.12507451485976, 676.9532110214046, 540.3931190828755]
car [270.741826688171, 497.63672801367903, 386.7420249359796, 542.9759162268261]
car [654.7719020431852, 515.7702017282497, 693.7497155167149, 538.7417037633547]
truck [767.2689271193597, 490.2605208102613, 817.6183888685911, 546.171366136622]
car [1162.5238043791603, 530.0032269678024, 1464.1319929882152, 610.6324343165713]
car [684.907516077002, 516.3389939486464, 716.8317296377205, 535.0907122063991]
car [601.1482254384323, 514.0503641613675, 651.9949104709706, 544.7023291411219]
car [819.5653844504637, 510.9114013980116, 879.0331009437659, 559.4572936378327]
car [570.3194945555293, 509.743819006466, 639.4079096022119, 545.2712169318918]
car [13.441608988328714, 493.7206893498448, 106.20454350442537, 526.6166043984896]
car [77.9553400378783, 489.8654951339293, 179.10546897630593, 531.2923606832832]
car [598.1897470385155, 508.13129286415835, 1411.5410737292523, 828.75233365419]
