car [976.4056114786943, 521.648527883602, 1084.0602806031482, 552.9581959055573]
car [369.6021815707823, 527.6652562608547, 428.83262871617194, 565.1594922054705]
car [1149.6033008297652, 512.0041164685783, 1277.4493235175476, 553.5944133519426]
car [957.6872037251751, 516.098469500648, 1061.805564215425, 556.0186381195194]
pedestrian [748.2307758946826, 518.4895562279733, 770.7829064617401, 558.3393895646327]
truck [0.0, 511.6119600348082, 80.44874405979897, 581.3288139908169]
car [0.0, 543.5286104224473, 69.41640398633521, 608.0123244195084]
car [288.860882107601, 525.6275876535458, 388.7481470568301, 576.7505531410989]
car [212.09105908041164, 538.2029862466419, 279.08901093354496, 567.8354949833957]
pedestrian [767.8944665850519, 528.548233760173, 784.1184691538269, 556.7449851502404]
car [530.0977471319934, 524.0571996730057, 563.8913074814285, 549.8284635333189]
car [0.0, 541.3962999112937, 27.052762747620037, 591.4165913693166]
pedestrian [775.8576055455244, 526.2808002185649, 792.3142434434105, 554.5877129193057]
car [1291.2286365181362, 519.3065377917454, 1452.2521402768728, 558.6772438818858]
car [573.5341205609888, 505.84759043053356, 675.3831279550828, 601.4085596104414]
pedestrian [756.8609951205401, 522.6071299402254, 772.2846158889322, 553.0560605432951]
car [560.6516229418479, 528.6497683226478, 593.7186488202898, 552.9599822816002]
car [0.0, 533.5460701847051, 258.2930317918713, 655.3905161173248]
car [1594.3113284818999, 511.58133802746494, 1600.0, 540.7238260251183]
car [900.2968272669555, 513.8851671544979, 961.9300377571722, 545.8399407328706]
car [378.7696117281999, 517.7072023963793, 473.68631192781817, 579.9284243559705]
pedestrian [772.0477383447752, 527.3851433216146, 787.1941069229024, 556.2748975586245]
car [1052.691485721318, 517.1638277235764, 1118.2776574835611, 544.9045749759964]
car [42.84925388480314, 532.8849906648566, 145.27432662066505, 571.0925857855153]
car [109.52327443375415, 531.2259284952042, 200.09696174313117, 565.807290724714]
car [829.5171559533308, 523.3645735252798, 909.7139761067156, 552.638369451311]
car [465.07629176689403, 524.3203879302768, 518.046051644027, 563.5803837919884]
