car [0.0, 551.213888749733, 143.39459430724372, 734.2751694867382]
car [1076.9008539564286, 551.9235222043777, 1600.0, 825.3945994726395]
car [1179.4729008266675, 549.3285911848444, 1259.5238649145106, 579.8809478152352]
car [777.465010051733, 507.02948164682545, 1215.4918536077525, 722.0312318316691]
car [1468.539322633989, 534.3753709458322, 1600.0, 601.9468057602717]
car [0.0, 523.2549202848282, 907.7205970371488, 900.0]
other_vehicle [1311.9717133057138, 520.2880606970608, 1435.9621754363586, 572.8925721052108]
car [504.2804877802311, 534.048044352258, 838.6307327940807, 685.7853783056381]
car [1218.5588362624817, 549.7648335961692, 1296.8083514310706, 578.6175216290995]
car [1080.8330106808357, 546.0941497410186, 1277.856993465408, 602.319814952371]
