car [0.0, 736.7677550378023, 199.76809673398893, 900.0]
car [1556.354843228802, 776.5679831838372, 1600.0, 900.0]
bicycle [1494.7996322303013, 709.5395882687013, 1600.0, 900.0]
car [1318.2341617725372, 759.540007274065, 1496.1395759446868, 818.1893246989883]
car [643.6516135873471, 753.5094864956127, 779.522210952373, 872.1640592987151]
car [0.0, 727.4385601704944, 103.23448236841955, 857.9872289269116]
car [239.96444502353353, 756.036658035992, 517.3648557446196, 900.0]
car [1359.681591107304, 767.8693976283383, 1600.0, 900.0]
car [866.984480735924, 769.1197661162093, 958.286974849404, 849.3588981196035]
car [434.91617065784123, 773.2914417357316, 559.26152728013, 849.3874414322404]
bicycle [1351.156177123885, 742.962467381072, 1449.574772604811, 841.183635095943]
car [353.3940246776677, 758.6172339960366, 496.5315248538669, 858.4476311505135]
