truck [1503.6541726285104, 401.39176090429254, 1600.0, 695.0012957113597]
other_vehicle [1156.8279944048263, 532.6340884704185, 1274.9974539621578, 588.7489671197972]
car [368.27117165548873, 546.714926319107, 549.5604381001202, 611.7797544084043]
car [1278.917934536544, 551.0686081598562, 1385.4258711843745, 592.9806245039811]
car [933.9295540261204, 524.6949313412936, 1261.0465453589304, 681.6347730475667]
car [776.5361509963705, 555.9212395304884, 931.250201483856, 602.7035061091549]
car [923.0200749371011, 557.9298507082426, 1023.7045658331599, 594.141314662391]
car [1376.3407531095274, 562.5911343875212, 1436.0178782299731, 584.1581947797904]
other_vehicle [1292.5446211636292, 529.154597448418, 1403.3921972322814, 585.1169758431964]
car [0.0, 543.2959126884713, 138.44429149643577, 613.4784225586415]
bus [1434.1307273316133, 540.8610514310964, 1537.933802093973, 582.529867513674]
car [823.3975489988451, 552.1181623373509, 931.3399012138125, 598.1683614208301]
car [1553.8759767481488, 555.6965147981479, 1600.0, 610.8310043791213]
car [1402.7338240066044, 552.6488887086874, 1467.4587245634802, 582.3476419761274]
car [710.4164857089024, 553.1116864777653, 835.2665732128423, 602.5997242219651]
car [367.936433816715, 543.3275896279093, 557.2735911677016, 607.7302851027683]
car [543.4047539644682, 541.124248467591, 755.013832720181, 620.1312920751903]
car [1512.341701810045, 560.0415991360819, 1576.130088421272, 585.353537141631]
car [1085.5989903423113, 554.128825123931, 1188.4642679590781, 589.8248528105189]
car [1254.4715898324805, 560.2538252511339, 1327.1021537950721, 587.2074338145887]
