car [945.2880782889972, 522.173810997087, 1015.0096853605046, 567.9336150559807]
car [738.4725192065662, 523.401385615928, 779.8938841824584, 551.6558880979499]
car [103.75390484951343, 520.3407968051107, 194.23596952238933, 553.3844320374898]
car [111.13042235649812, 512.0593708444187, 496.07029943308027, 675.0684959543096]
car [756.4878862983984, 526.5803456564579, 790.1446052241716, 549.1319551193209]
car [842.1402878096437, 532.1695824278994, 1600.0, 888.2977821802699]
car [1471.2349650898566, 536.113093769474, 1600.0, 618.6426136807419]
car [172.7407036062348, 520.516343731227, 281.37413706562086, 557.3140650227803]
car [27.396921067261612, 519.8576708020853, 112.61503103145407, 549.6925744589643]
car [960.9941141089511, 528.6759831248278, 1035.0555128429542, 576.0224040859944]
car [728.3415558193038, 527.0311340942917, 770.5612915531456, 555.2210692329135]
car [916.2866645228644, 526.2130576714399, 948.4092916641721, 550.4521339116939]
car [934.1120724813765, 529.5003370025017, 979.895223893815, 556.0999242599722]
car [829.886476178758, 525.5082881445286, 882.2100932589682, 562.0388922217751]
