car [250.46768646344606, 543.687045595283, 309.9546000430557, 567.0836130770967]
car [592.2846769037109, 537.327566237735, 627.2595565616268, 565.4826597317958]
car [706.0083107318642, 528.2983093521826, 819.4727188405983, 615.3168824345275]
car [460.08522982050107, 539.196446503687, 495.87584426128154, 562.7734334042133]
car [516.9014983501384, 533.7538118844627, 549.0988110393779, 559.6000130051596]
car [1387.2834709774347, 612.3150640385576, 1600.0, 900.0]
bus [668.4311955114143, 462.25217202255146, 789.9285853996163, 594.9514575387772]
other_vehicle [737.019167865484, 39.27079116274412, 1600.0, 900.0]
car [61.95515323666969, 559.6842416444816, 128.59654705788836, 584.4409359748817]
car [744.640941749362, 532.1376855442919, 925.8250810515908, 659.7010955877253]
