pedestrian [1011.0509394622712, 521.1737423180111, 1026.3366380832683, 549.866877498515]
car [1395.332412796488, 522.7566349251484, 1500.8473563699968, 585.96470341317]
pedestrian [1087.522086862238, 519.8875368134285, 1114.2252643944132, 560.3262508445653]
car [1024.4118180575654, 525.6842183695994, 1057.6251746439214, 549.6187520158184]
car [1225.0710622551005, 529.7735445761915, 1319.9915919832295, 578.2811612529787]
car [1145.0424788523303, 528.8598941705604, 1177.39439896074, 548.1381636835043]
car [916.4587160589238, 524.1777324252542, 945.2177775339411, 548.871994068658]
bicycle [766.0902616287881, 512.9945506350559, 807.0871068557931, 553.605028525107]
car [1371.000106150788, 525.51795171539, 1518.8896275934922, 594.0488316187283]
bicycle [755.9453074211814, 514.3299331707086, 799.8717175239619, 556.5908002976691]
car [1300.0853618079368, 522.8135167681321, 1407.8887348666494, 580.645476183617]
car [969.4129454031981, 520.0672930135199, 997.7736349423135, 548.3997777549237]
bicycle [761.6638521670598, 516.1843018857346, 802.0088290348439, 555.5906020046143]
car [879.988426253846, 521.5918981032589, 1016.543765489124, 639.4361068921373]
car [1045.4778608198378, 521.8359446439304, 1074.19510828429, 544.2695889327593]
car [136.45360800702295, 482.0326369711396, 465.95457583141587, 628.0307046209047]
