car [1395.9493570196996, 507.49164081756754, 1600.0, 592.7007691248773]
other_vehicle [538.6538252260736, 471.3354926176714, 593.3425319344416, 524.9943362336617]
bus [563.3836173655902, 480.2595322147969, 617.1867081433853, 516.3244834251469]
car [1034.4097087520217, 508.87870255771304, 1117.5274439398447, 542.8629807595529]
car [696.7291822043929, 498.8968279753379, 731.7473689749075, 522.6793189894651]
car [494.18211351879916, 496.55803649664045, 555.062609926306, 543.0058535002491]
car [367.3066077748361, 495.62160695621594, 489.8186280295426, 595.0125895778641]
car [798.965060305199, 503.5857988962231, 831.139359395367, 523.0822451376237]
car [649.8459969900847, 498.41020817133034, 685.6810173044121, 526.1594397680504]
car [528.016827200166, 486.9357173915811, 577.27553935369, 530.406879117532]
car [943.6295358940362, 508.5075090499876, 1006.1710660520312, 537.7472332478798]
other_vehicle [410.54154082519614, 435.24108828629255, 549.2844681545855, 566.777073409351]
car [763.3378567760802, 501.84960945254784, 791.3272018823451, 517.7800766174693]
car [708.6862703711413, 501.71767968000364, 817.8679627170209, 578.6360696663813]
other_vehicle [0.0, 250.34568359003777, 478.7797861189611, 735.6472173617503]
car [1139.6855798740723, 508.7792846091829, 1246.2130771643738, 553.6970064800154]
car [983.795029132947, 507.67340681844246, 1050.4739051252939, 538.8018387904351]
car [1066.2657578774563, 510.79062783420363, 1160.4627280207121, 548.0929587853421]
car [0.0, 520.2224396231202, 61.59711619651544, 844.1388782640892]
car [1228.3041484666726, 517.9021825710763, 1378.5630755097507, 567.5962541909386]
car [564.727994540434, 500.11667870872776, 652.850537154743, 578.5163360445327]
car [886.7483989322124, 500.2657345531565, 950.9677241845798, 537.2582714324119]
car [1173.8095724547666, 513.7471997235771, 1331.8612025073046, 565.3290301403248]
car [832.9358232875306, 498.2142407796279, 867.2492140734224, 523.141662821462]
