car [1045.9052188007417, 508.81890944527123, 1145.9913989263455, 540.4719102681526]
car [590.2380684003399, 505.2439018589366, 691.1803024400593, 590.8685925542741]
car [1580.4597727835196, 491.9416568007781, 1600.0, 526.8573801088207]
car [1282.6395865246775, 498.36171466732, 1457.0543757021546, 547.4767906162765]
bus [0.0, 468.8256687954827, 163.83806125462172, 571.7163062256528]
car [555.2156111676329, 528.3279981354369, 589.5702811505715, 553.3658120674729]
car [877.7039683649866, 509.3828604756711, 974.9617913581259, 543.2515204605922]
car [535.4492797999144, 519.3400109141296, 706.5221227540405, 679.5030493873735]
car [942.7252280303419, 521.941204792409, 1167.080698814849, 641.8233360519198]
car [912.9764438314602, 508.20726928825076, 1013.8788483187285, 542.7077716825487]
car [725.7879792933093, 520.2186056589608, 848.3699609290367, 601.2919395092866]
car [1128.3610050811376, 503.8365620169806, 1244.165986204206, 536.366913794315]
car [1250.013948751593, 499.50469782787405, 1364.0139103581644, 533.8582952559259]
