car [933.4535301237526, 496.68369281197255, 988.6746700808694, 517.5762854417219]
car [1081.7167335859474, 496.7028311327861, 1228.6891267212943, 553.932744522053]
car [320.9821187420744, 492.5516157161308, 528.2836125804675, 569.2528573362724]
car [968.4998204708455, 501.3483221452862, 1045.1812237249796, 527.1510167066535]
car [742.4857690681866, 509.80411308540897, 824.1455437846739, 562.7912793399689]
pedestrian [0.0, 511.66401464174874, 53.783577510366115, 591.318578454536]
car [1285.3890616440622, 478.34486490556685, 1546.4247733068967, 599.4235663556839]
car [1180.8761501264935, 491.88312832170374, 1419.7845087963208, 575.4338516787159]
pedestrian [33.08622895921847, 501.5496473613254, 58.952134888875506, 549.9793637558603]
car [400.9613136090089, 492.7111922012929, 579.653021714465, 560.6088252238201]
car [0.0, 509.00305050927847, 36.78669734265098, 540.4222791434762]
car [1135.9135592573416, 496.5023590340739, 1300.4364564296739, 564.5771817575085]
car [93.70175872551431, 480.978018146381, 190.46825450603862, 509.35960081969574]
