car [891.6795911081128, 516.83366487272, 1013.8297971314114, 598.4270896315103]
bicycle [25.48510191351968, 541.7261129233729, 72.44698727645891, 595.0015439223179]
bicycle [0.0, 550.3812983048782, 15.314614799698683, 608.4577955842389]
bicycle [59.819644337705824, 545.0414035375693, 100.39951507829294, 594.8718680898957]
pedestrian [1383.8073274840604, 506.53943460882755, 1447.3010007254031, 592.5209726305307]
car [888.6208917160959, 502.73417353852597, 985.3242498847765, 575.2024395310524]
car [908.2974369560202, 505.4542996048018, 1138.552961588878, 665.1516650930389]
car [884.4504473594823, 506.70847804240555, 928.5826746295154, 541.7295613478996]
pedestrian [1351.7384258729346, 502.396505723321, 1416.1717970510372, 589.4305718920217]
car [726.3443272730874, 514.3845613996937, 861.0139716604033, 607.444553910405]
car [404.1243342636483, 511.09087650062355, 751.280687047331, 682.9081627971391]
pedestrian [137.58213204014461, 511.66297057053623, 206.79900934630825, 632.7871769557944]
car [890.022493849428, 502.1452020293907, 940.1821995854928, 545.9436878656688]
bicycle [37.26277074559978, 539.8947242364494, 89.72236692324901, 591.5327875077429]
