car [570.6936364706901, 491.01123571754516, 649.7675715304413, 563.3580575239324]
car [682.5251520232986, 496.58465941281554, 747.4788004854846, 519.7061312556166]
car [742.6876805411106, 508.85192548703185, 781.6356039289129, 538.1001154982449]
car [682.7821021888609, 505.2228286153243, 753.5303218948238, 547.0411510939371]
car [843.9856470110783, 492.6718038851664, 919.082887419948, 515.765778122251]
car [672.5552017313731, 502.98606946022625, 719.4884051770049, 540.378112307953]
car [660.7818250756212, 497.0260183455395, 704.3863547552434, 528.0735962107984]
car [868.3219580896978, 517.4883549971572, 1021.3079964235708, 597.1901045603336]
bus [790.2883992494545, 476.38300634766114, 943.0980365566429, 516.9068983754458]
pedestrian [480.6797864060582, 494.9230657441792, 492.4437073680652, 516.2477318594516]
car [373.5003388564551, 492.9984984559737, 436.76932489929777, 514.9517967070257]
