car [1230.1885793625252, 504.0727535890518, 1393.0832410732048, 589.6696711701675]
car [1046.4152353182492, 493.3132647589889, 1127.6549507455964, 564.5015305334748]
car [1151.9115331489452, 485.4871818268498, 1375.4488139919315, 634.8671454006417]
car [828.3168738025199, 496.1227608657111, 896.3541049074948, 555.0508075270974]
car [1290.4529277625886, 441.7416384023192, 1600.0, 844.8559839319956]
car [1063.9923354743607, 479.9187646416291, 1205.8200846234677, 588.0149260195715]
car [1034.8293752166196, 494.0412380264198, 1099.4123490238183, 551.8529254612072]
car [933.9313031431498, 496.8850331574036, 997.2746314002587, 556.5862731666859]
bus [1534.7189678656725, 474.57289213285907, 1600.0, 565.0477451982582]
car [1013.0208964511187, 495.6028761822888, 1053.3074755478087, 531.8821579678255]
car [0.0, 462.54899293952485, 503.97888836458327, 900.0]
car [763.1735824132438, 506.58699725315154, 874.167845918174, 584.876155040882]
bus [1362.7486954711196, 472.52275572902795, 1500.0613380682034, 549.7793326261135]
car [798.7158557861504, 468.54990416438926, 1130.077843285909, 772.7605585128001]
car [1127.8747424074945, 499.4150616749157, 1205.6347729862048, 559.7727637901058]
car [1322.305454159984, 516.5916133449921, 1374.0246941803084, 540.160249709215]
car [1338.7668112457798, 481.8586956854988, 1600.0, 632.0017756992737]
car [361.62337306963985, 507.44253373386044, 730.2743266618459, 725.4744233843142]
