car [520.2454764559128, 511.36763032017427, 594.5444005108278, 547.1668509411336]
car [301.74005166123044, 515.0400210304282, 442.00500672591164, 569.5073683957543]
bus [549.121440885603, 179.90010108848094, 1600.0, 898.9729809035682]
car [105.88648264885343, 521.3611620103366, 246.61779992449522, 576.673062203176]
car [0.0, 522.4565663580922, 162.66277383171106, 582.4317942152975]
car [0.0, 503.08033116977055, 245.5694991501698, 591.9213186007786]
car [232.87256502585905, 515.0258401985355, 364.08535790057806, 564.6323830830878]
car [371.65950033000297, 510.686011893483, 483.3156238234445, 560.1984684675168]
car [295.157640975877, 516.4214439950238, 454.74048544176696, 574.8439164419641]
bicycle [418.294748232849, 467.4596756273905, 853.2394191881355, 900.0]
car [380.6601924439359, 513.9012267315825, 549.9071620925138, 583.5446013032481]
car [595.1056366924654, 511.619962564471, 658.5544437157828, 544.0005129789162]
