other_vehicle [659.7708941001115, 495.3638046576392, 749.236265933316, 587.3511480427424]
other_vehicle [636.0181854951113, 517.434343325781, 670.6205074180945, 554.2581566478107]
car [0.0, 518.085003212655, 234.73139879165348, 686.0658479023762]
other_vehicle [647.7895000768208, 504.9732416619393, 707.6984202971277, 566.8772134349513]
car [463.77680849568856, 536.185222065175, 511.9186763868689, 565.7898634347567]
car [755.8399924053476, 545.3994668958526, 1009.0392913822783, 701.3843997883936]
car [851.6769385615077, 542.7709627776838, 1600.0, 900.0]
car [705.9131144683291, 536.5367334858377, 826.1518289507276, 621.6202922449605]
car [507.10242637993616, 531.0381582122843, 567.3366796482165, 582.7230589207517]
car [684.1813883212034, 538.9650464793185, 774.4465895182894, 603.8355739485647]
