car [1140.5326063107825, 513.716398798835, 1600.0, 668.1421039752129]
car [555.327029330242, 509.69585988494293, 707.0865734945645, 636.7377805773942]
car [410.4415303826898, 501.96544501991605, 531.0616100228563, 583.7039629158431]
car [661.0199345717891, 509.1663919273145, 704.1053239558041, 540.1396716352764]
other_vehicle [1052.4377001312766, 471.36335152768066, 1242.9562903255012, 556.2450982365314]
car [576.8039070474734, 506.725940058387, 606.7933068615965, 529.3415177914679]
car [0.0, 460.2624250877368, 74.60279348799475, 892.839794299394]
car [695.3741241153192, 486.26364734313364, 773.624052369197, 556.9649474630228]
car [329.9612901129378, 489.015313782381, 500.104132193139, 621.4676203259063]
car [1384.8702521340451, 527.9355598362711, 1600.0, 595.2066775989174]
other_vehicle [1196.1276141259862, 484.56067800011886, 1404.692866100445, 581.363597202557]
car [788.4010308298275, 511.85436273063203, 868.8611044193556, 556.6289621218327]
