car [596.6741852048712, 786.2627375276102, 791.6535440252503, 900.0]
car [1531.9501785067612, 736.0242609903281, 1600.0, 900.0]
car [1251.5617393333919, 787.216838077334, 1508.4171519470417, 900.0]
car [865.324241093697, 806.2944619861203, 1169.1542926276268, 900.0]
car [466.2246248675813, 807.4795009826478, 623.9861173710709, 900.0]
car [1391.605745611255, 814.1222044578815, 1600.0, 900.0]
car [0.0, 808.6005179643906, 77.9142972448011, 900.0]
car [1315.1223065453544, 795.994048427578, 1600.0, 900.0]
car [740.8807974213829, 818.4780868559973, 873.3158955158267, 900.0]
car [808.3633644023671, 803.8364783571628, 900.5957182071684, 874.2300174506869]
car [101.44355065916503, 771.0374597531753, 605.0635045973155, 900.0]
car [5.008005545559259, 799.075223896831, 197.56117831063332, 900.0]
car [0.0, 826.2043191936937, 48.51532390123081, 900.0]
