car [386.4174536718505, 539.1229800727089, 463.28326083870854, 594.8561700481355]
bicycle [1046.147777514058, 543.84824801576, 1096.4170945931626, 567.900415724265]
other_vehicle [707.2671287420588, 463.7052268170979, 866.996580110734, 614.7405611262647]
car [498.6713969443799, 546.8961960419898, 527.2801508852947, 568.4440539847626]
car [102.39366528569, 540.3620527690031, 199.1184614954944, 586.4561983139341]
car [546.4101813066538, 545.8789462620783, 568.4043178133817, 561.9558547209059]
car [680.6704985332191, 543.6805864789301, 731.2587202456561, 581.7621572499447]
other_vehicle [659.0134129322408, 521.503597077224, 707.0150215850826, 571.4253192637598]
car [748.5130189985372, 552.4698863928785, 924.0492523617561, 658.1497743759479]
car [671.474816664118, 540.9326737888769, 711.3295711267332, 575.0490759684124]
car [684.5854215546847, 549.7643561959629, 740.8960854593282, 589.0996141924583]
car [802.7749837332897, 555.850994330137, 1162.3747027941308, 744.4158642019822]
car [66.56413025424791, 542.5336695800514, 310.94938024540085, 661.0703928882276]
car [427.34221944918613, 540.4705861286463, 547.0921942645098, 631.510217354176]
car [570.0008893870862, 546.6225552666298, 597.335692612086, 567.7490417123186]
other_vehicle [642.3732953142402, 527.1923667295938, 676.7049677341412, 562.3436032458984]
