car [0.0, 435.8640761215357, 437.0078197893108, 778.0757993406439]
car [755.1852934821392, 477.86293761400515, 966.514745442801, 629.9228976722771]
car [899.8943915585957, 511.09509984363035, 1103.5478748768205, 593.5394366884949]
pedestrian [101.4233311323032, 482.12717918135206, 137.05433544188259, 567.5821854616863]
car [936.439242229778, 509.4725226239348, 983.3294298540216, 533.0145845864167]
car [735.8459762347344, 506.1195682567751, 767.8716233799762, 526.7549202466556]
car [19.179876644003787, 495.814109359114, 192.8226479006033, 546.300193903499]
car [652.4642417027644, 508.5284027858921, 680.6224892396855, 529.9838943462037]
car [1575.8334284615016, 515.2526634929804, 1600.0, 585.7846570372841]
car [408.2771754702239, 487.5744023134321, 535.9656675292244, 584.0199838075065]
car [531.5122679907199, 491.1007436989021, 686.5395095163473, 616.8163811351681]
car [1134.284897711235, 514.2976240017414, 1222.1201695726675, 539.2818158029978]
car [882.3770534030104, 507.4615667604902, 922.4456659005735, 528.9372844958751]
car [329.05259566084817, 501.38148756391246, 452.01642623512606, 544.3773144529832]
car [1174.7225690005516, 491.1129602147963, 1403.1525144816687, 579.38069700858]
