car [824.1175319570017, 552.9607851060157, 960.3741318453307, 607.3506206136828]
car [291.56298895668607, 553.919723624442, 353.39280773682896, 583.3749180255847]
car [941.561777937411, 538.6910345990166, 1134.6518935406052, 613.6406728571028]
car [367.80670107877995, 556.9339970312917, 452.8748656578925, 592.1409599288066]
car [163.9646970684376, 551.2817499786884, 203.7610062663345, 570.9082355921063]
other_vehicle [1296.533939798006, 542.8510278822287, 1365.3400298292831, 574.27069154233]
car [1027.4728630761583, 540.3195874327137, 1129.986606205685, 576.0769147226645]
car [940.4016962658375, 542.4058126173188, 1109.1900357000434, 605.7147470373695]
car [323.6025388041675, 556.9988848337345, 392.132176616839, 585.1771591271137]
car [1226.8980225368205, 554.9508018783154, 1360.7019191958125, 596.1497820088375]
car [1250.0413936158147, 553.7252215059881, 1425.7436336676274, 606.3833920664438]
car [224.4486032993103, 556.5709193341445, 268.6643374283416, 578.6051999727897]
car [1376.897627131314, 553.8480087691578, 1489.2942538240197, 594.2088006810815]
car [0.0, 521.7761596724483, 177.19835876071969, 639.0285304397983]
car [505.80170885766654, 546.2043683366446, 739.1454455940731, 632.7672980397126]
pedestrian [1159.1780152549975, 546.4855610241816, 1190.480029939382, 583.2752310464349]
car [0.0, 520.8855332601614, 18.24963581841348, 696.0462248821614]
car [360.6488441036735, 547.0774333954722, 416.62577895726145, 569.474025314166]
car [1405.1755495449172, 550.1888373540625, 1532.1496445383968, 597.1838374604285]
car [495.514377040664, 543.7147765895284, 665.7389521406944, 607.8523953985416]
car [163.36190993253248, 556.1036579790475, 246.16274940027458, 602.6093880054985]
other_vehicle [1067.3157695117222, 537.0978964012279, 1169.9883825544528, 574.2466947756899]
car [1516.1657910896572, 564.1003388340822, 1600.0, 589.7591576850268]
car [0.0, 520.2070390647892, 69.66498430183091, 650.4768930369104]
car [1232.0210983781017, 552.5102735849722, 1391.8213785847504, 602.8067329456463]
car [1146.7840136525142, 546.5459058549649, 1234.1806734397387, 583.4374327712426]
car [0.0, 544.8953192360494, 535.4604820903551, 900.0]
car [1562.0087422158692, 559.6031324745617, 1600.0, 598.5577349899365]
car [1195.5999228900641, 543.011821972535, 1297.584957701284, 585.0034532374968]
