car [902.6393544126843, 479.76545331225435, 1015.1943026742032, 608.322164649336]
car [862.3008438154543, 513.7507524544731, 911.2351761473116, 550.9579329317078]
car [259.0512954986111, 524.7635790978599, 712.7106042756304, 789.8721432423195]
car [702.8256093035741, 517.7536889374261, 850.0067001814891, 612.3737072339476]
car [911.4675249995481, 504.5275343349596, 982.6556366044972, 570.2176757280267]
bicycle [607.6827498472355, 489.68946037606344, 706.3151824305622, 608.8067201429602]
car [819.4613232276956, 513.0178001703304, 1127.026661256019, 779.3915233459774]
car [770.7326351934639, 496.9046990868179, 879.1455317551566, 588.0305707700265]
car [819.1097874161418, 512.4958515591355, 891.670828371909, 569.624585146688]
car [871.9915822136618, 512.1986859971912, 919.0000252338596, 548.6656601628015]
car [574.7457079321757, 517.8332382292247, 798.4339104866397, 660.7156376043655]
car [890.2692376618968, 505.67040788609523, 928.5506315646041, 536.7021965856993]
car [836.7397964100699, 511.0713552042797, 902.9364918068702, 560.3052909148486]
