car [970.6207713562791, 512.1948593277358, 1167.1996268451796, 597.8654941008134]
car [454.51847647080234, 471.9919127732607, 653.5763146887988, 582.1679826936282]
car [884.304044811382, 525.8136341949515, 996.4000423313995, 567.290276703265]
car [1153.1108165729488, 523.2465571700833, 1312.356403205509, 584.1389070880178]
other_vehicle [1272.580170436698, 516.6753821324395, 1345.2827297693618, 544.9567555936825]
car [782.0865082024909, 521.3143237357865, 896.978603117858, 569.4401236451279]
car [0.0, 517.7105253628187, 366.7862755726158, 669.3518646657408]
car [1278.3745024357786, 515.2177659086595, 1412.8135320526076, 576.8215548855661]
car [282.6967308107182, 529.9117695353506, 461.18861378396673, 587.3716199337669]
car [570.9806170152387, 516.5310867195831, 852.8102514379507, 625.9089254532806]
car [501.82748845323744, 530.160092170752, 1066.6727599982883, 789.2091942956014]
