car [560.9634867673694, 541.4792187400207, 586.4082062224152, 563.3499787578737]
car [530.3451738014842, 545.6286019762691, 551.9827267565685, 561.9486115122515]
car [0.0, 474.76921544428205, 279.31222509424055, 900.0]
car [546.8832738804582, 545.9371813913885, 577.9688764626753, 568.0482890729612]
car [468.545121738215, 553.7366448050609, 541.0020076220393, 600.8960620513892]
car [565.9883700529739, 549.6796308654442, 648.6041051153824, 620.9900407907238]
car [341.09099426108963, 557.1963908856272, 493.30443084585636, 643.8979423953298]
other_vehicle [340.2400281786905, 534.2267497748094, 389.6901437334057, 566.1189723239787]
car [197.21142019722316, 520.8847308672346, 348.43500213949926, 609.947653355731]
car [154.42294929630174, 556.2806248117586, 254.88655200436577, 589.1219758449215]
car [322.00990053409765, 543.6431497507984, 426.01931201516567, 607.7085600593371]
car [1176.138841747123, 563.7426345141729, 1600.0, 900.0]
car [726.3813052119004, 508.11801127266966, 947.498265798048, 671.1231860797067]
