car [0.0, 814.7282479500185, 63.20232792294449, 889.6841091014069]
car [0.0, 770.2592067694984, 41.97223227101672, 900.0]
car [1253.2796171679051, 798.3186782693581, 1495.2340751136635, 900.0]
car [405.6982512492355, 782.2744764897592, 601.9152233294984, 900.0]
car [676.4878355950896, 782.7180671205341, 774.6509994360728, 856.4919854210895]
car [1142.8948679589423, 765.9822821497605, 1254.684842057955, 873.188159839455]
car [1132.236983367428, 775.8160740714787, 1235.2619404198276, 872.7181173721864]
car [1470.9018161668864, 740.0712785286386, 1600.0, 900.0]
car [944.1463070585789, 774.7014650556114, 1085.36978863177, 900.0]
other_vehicle [0.0, 729.1215040163751, 186.75717817614117, 875.2219212074612]
car [836.3798532382912, 769.3195194370167, 928.8816616667073, 847.9447495843507]
car [1199.3603345710171, 801.4225684181573, 1362.6883542133307, 900.0]
car [1345.9497554427717, 810.7591287609448, 1600.0, 900.0]
car [984.5931849215938, 755.7568424633428, 1099.4823155041156, 881.0820162189952]
car [0.0, 793.773100293094, 569.9474706449532, 900.0]
