car [75.66357404244266, 783.6158762553005, 588.1451931974641, 900.0]
car [0.0, 760.5176141499277, 32.72330979995943, 900.0]
car [919.3526499228445, 760.5463880509266, 1030.6335181213597, 854.6805524865288]
car [1415.0439671752351, 746.6751019533459, 1600.0, 850.0668667337078]
car [810.0868487646077, 755.2768660823687, 899.2793693618747, 829.0257526113226]
car [0.0, 758.1144694577312, 199.24230541229267, 900.0]
bus [0.0, 688.417249819842, 250.19051249276237, 850.0746514051086]
car [983.9119501383386, 702.8786338486318, 1174.2939254919809, 900.0]
bicycle [1228.1554188015098, 745.1729453074622, 1277.4845741766912, 823.4832323191843]
car [95.95928422442854, 742.2921230619315, 325.3241720363615, 881.550344148933]
car [682.955571029757, 730.9388196680321, 843.247809431531, 874.1203490908717]
car [408.1572005640071, 764.8083969617475, 595.9079361136969, 884.9632604210788]
