pedestrian [1261.8361809282092, 678.9904370719738, 1345.307290297975, 850.4512942855501]
car [538.6061497272048, 713.6234567130772, 659.8770184673554, 823.2563946428863]
car [0.0, 772.8051492406405, 112.49447630887767, 862.1422855642086]
car [0.0, 703.9301548376714, 37.43692829022988, 880.0401015616669]
pedestrian [1479.6899318711876, 712.178487320227, 1600.0, 900.0]
car [299.397621914769, 741.2412222822215, 512.3296829773017, 890.4923508469861]
car [599.3699524022855, 750.1133856170342, 791.2569853209079, 897.9648716449506]
pedestrian [1176.7949207369886, 700.1253863017864, 1294.2471170076838, 900.0]
car [856.2956058150211, 731.0921197983452, 975.1312928956562, 829.9133330490214]
truck [403.8358192988514, 675.4027767256734, 591.2427602576278, 852.9085527189975]
car [0.0, 696.5676008551367, 11.977589351986886, 900.0]
