car [1463.504981863404, 556.1541932879161, 1525.9821608941381, 584.53593899351]
car [1015.0612727619994, 546.2444498812536, 1160.656202723404, 610.3114487115814]
car [0.0, 489.40931849030073, 834.6325846719974, 900.0]
car [1488.5221232310832, 550.047367617728, 1565.1755619436308, 583.3874748168134]
other_vehicle [690.2719576399187, 507.46561090593707, 855.301142054333, 599.2213524754311]
car [780.3479228853996, 548.8739825089652, 912.302716975487, 595.5612675364849]
car [32.354484363638846, 522.5534146969513, 265.77273721437206, 615.7616708034365]
car [1554.085006783426, 556.945438971818, 1600.0, 583.288577252492]
car [0.0, 523.6918911064463, 101.99827363258863, 656.8076920037182]
car [1221.0843785405962, 535.7777868014215, 1378.3693335134774, 603.7179046240461]
car [167.72082923895007, 526.0825010425542, 504.57274356614283, 642.4074755172383]
car [1358.4912279614862, 543.1007378080902, 1471.3786462110531, 598.4332568761241]
car [845.1444021577413, 539.0459101948168, 965.5385658279347, 595.4156110098843]
car [1207.5844564986999, 554.4733756265773, 1302.3457334077857, 590.1635315615192]
car [922.314667748998, 523.3646729031988, 1094.581387038858, 619.0464957334859]
car [358.86166705282216, 537.8731738379216, 612.1116512292709, 623.5910935334055]
bus [321.00338784682333, 495.4140598779419, 684.9250938699577, 608.897514614454]
car [1257.5058058485658, 539.2124028028671, 1466.6796937955103, 635.1257764002022]
car [0.0, 511.9731813047545, 148.73591349164178, 626.7568180257625]
car [1182.5246621943743, 554.522564967488, 1263.5828968678709, 587.6294540758846]
car [805.3041095500389, 547.1575773442988, 951.5778977635845, 603.9208360743003]
car [521.5650006299412, 513.3917606882604, 815.9418353444886, 631.2162562859723]
