car [899.6581325882079, 521.0035087729292, 1000.0583084893091, 609.3864103357125]
car [878.7933349211221, 507.4652048577641, 973.3645791290157, 582.2959047818875]
car [0.0, 498.5760041256027, 242.34764979625896, 600.2844078662329]
car [0.0, 547.5584080485211, 322.12864335460506, 900.0]
car [733.2118920656023, 523.3877127886418, 847.3593713940814, 605.2441374472659]
car [854.644235388891, 508.37629644057176, 1029.6587633759088, 658.8945563605796]
car [703.8784115229832, 518.4674598025616, 1118.0963535905917, 879.3049121824421]
car [791.1345703220653, 513.9728774502023, 885.9930821036407, 591.8092735643457]
pedestrian [747.3572838270084, 515.2256267968127, 773.0086982758115, 558.2367636724808]
car [518.5270248826533, 522.2970016202893, 767.2540250443186, 667.1463807927834]
pedestrian [873.9620637360722, 514.6203289401238, 884.7260929316521, 535.9473356657621]
