car [1124.0250914456637, 542.7559626558094, 1249.636313714009, 596.6990605196654]
car [823.331102923247, 551.3356296887874, 940.8743203233671, 596.0667805099807]
car [1451.1594338685454, 526.1454182274385, 1600.0, 696.4933405648717]
car [859.4153789614085, 525.05618696979, 1059.1727144192262, 608.5184846515149]
other_vehicle [1336.5928702688864, 529.0146441994676, 1433.627485137397, 579.8413225027311]
car [1030.3904976126576, 552.7579394577499, 1124.5618638333726, 590.8352882409678]
car [434.97561939872793, 555.5518713271372, 591.5606677939917, 609.4754094125578]
car [132.20766452687565, 526.04510994016, 400.6873541475676, 625.9338597877814]
car [1403.317190051833, 550.9678137767837, 1459.796383981407, 577.7559481253147]
car [212.64578691394644, 542.2402339920727, 420.3379791661759, 622.1988542479795]
truck [1104.2277690106473, 501.4602466982072, 1251.760333746118, 586.4054568234559]
car [627.2373031323267, 550.1770434143406, 777.1151843615721, 605.3542185139885]
car [1214.077630139845, 547.6400300620462, 1297.9724866667068, 584.8002309956615]
car [0.0, 554.2742998795597, 61.81268720736398, 623.9697285036299]
car [522.5516896981286, 544.5128338489269, 747.1785316532662, 617.3828111930706]
car [1289.523946439409, 538.2758046465493, 1415.275821121281, 593.928246098084]
