pedestrian [947.4803515649735, 492.3246397785783, 977.0889045611204, 531.4510567415427]
car [181.32561973018022, 477.6448934401388, 311.4624386282093, 521.229341868677]
car [1140.6034426110202, 501.0654078510967, 1264.4683728123698, 535.9851518809761]
bicycle [497.1484960074155, 483.72298676749585, 525.6199685483958, 529.9023134996335]
car [754.3729664092809, 492.7729828790286, 944.0965615087572, 592.5617963969179]
bus [591.0948686503974, 482.8486972391925, 625.3258016791672, 526.8495586670128]
bicycle [416.7136558528859, 486.7087674362993, 435.3969484204783, 522.9733746703905]
car [971.0009043950288, 494.3272159127936, 1077.3677357100194, 532.8677635524255]
car [973.1389725618851, 497.52254291050326, 1199.4301757179755, 618.6406016571326]
car [571.3735356295034, 492.9792282604884, 678.1716319272562, 580.8868604581652]
bicycle [427.04297583431884, 490.1127656010153, 442.84161508249355, 524.4874928794327]
car [38.598136950077844, 471.9722209802555, 160.00913743534042, 518.2585542989333]
car [735.02452756445, 492.04506315926307, 848.3144924463393, 529.7936116043754]
