car [156.6070583535975, 538.1096408111265, 353.94339216865467, 608.4379979165886]
car [536.6322583864084, 526.5149970228051, 584.8674882705691, 556.4235006605581]
pedestrian [520.430744711505, 524.4003668588903, 549.7213434451108, 574.7383392279336]
car [703.1315362254903, 544.3455027678535, 770.3274021050107, 569.3502585622712]
car [1214.9938309762708, 546.7007611683063, 1319.0834409562724, 587.3559303223733]
car [783.370156811054, 544.9132308769298, 971.0882366783765, 612.4539955385842]
car [0.0, 525.9605993861331, 40.55630215637715, 563.0919108905969]
car [180.3749912646703, 536.9520255921877, 422.3424113600579, 616.2073928601762]
car [1299.2466706903144, 547.569078944366, 1410.1532991125603, 592.8285353749947]
car [430.12648459740814, 527.0518068744941, 601.0577180016887, 583.1388636987049]
car [708.1078973922259, 542.5727164395181, 819.2015549009806, 582.3361729223977]
car [540.5142093160445, 545.2387687698872, 963.0322452453898, 725.9096515307128]
car [492.4787139115815, 545.8174797655627, 669.8776198044576, 602.6728543118761]
car [1151.8759808522511, 539.1554803434335, 1245.5983000120239, 583.7537041597058]
car [616.1675599210832, 533.8290555837547, 701.2101785785339, 567.3147151238189]
car [184.52140455367837, 505.5713160883051, 388.19052727173295, 576.6908190316983]
bus [1460.369079864172, 528.7834058211184, 1600.0, 576.2002142924244]
car [619.1007970486241, 541.4121308868881, 728.0178728096133, 576.6342167531808]
car [1502.9884979337892, 553.5812778386871, 1586.3178042800537, 585.4927268581877]
car [1589.8465052724334, 553.6133281774366, 1600.0, 580.8185036886942]
pedestrian [0.0, 522.6976657462044, 28.817503290095075, 575.8829855819387]
car [752.7572041448957, 543.1157409576688, 857.8323434143254, 579.6256541820065]
car [1437.7816418999362, 550.3958741017365, 1513.5560508424453, 580.3292940986997]
car [379.44394262970064, 522.3345758480177, 502.73871972623664, 563.20374331958]
other_vehicle [1557.8939582140008, 529.9739565300454, 1600.0, 575.9193227412217]
car [547.3244824491371, 539.0270852605701, 707.4501462960361, 598.839365759905]
car [72.09471570493918, 495.73549739264075, 112.25866026637783, 528.0418375247874]
car [965.7873065258732, 546.7119330991376, 1098.8577808349685, 594.5214781468057]
car [158.6932851244977, 498.4346627269359, 193.68107463225616, 529.2780944394002]
car [370.88054520853217, 538.6355679948277, 539.6708901760828, 603.0959320286653]
car [918.6987407875085, 545.5130308508435, 971.4240982437074, 570.3193633256428]
car [159.9462764151279, 526.8697163322419, 199.32370019536293, 561.6699322402213]
car [66.44749953863843, 527.0758416430594, 112.5013337064056, 562.948864296924]
other_vehicle [375.6368149962131, 490.398945081323, 536.9793542927669, 573.4426417983927]
