car [705.1146751298702, 540.1008119000932, 791.2239426626811, 600.0904709421138]
car [693.542853173078, 531.0862004358571, 756.7792748837911, 585.0686378941422]
car [684.8653314882207, 533.5316573206384, 731.4685578487558, 575.5442537469327]
car [0.0, 498.535427449869, 415.77679273063274, 792.7969686341471]
car [525.1792898680734, 531.9354010447164, 582.9067055472963, 579.9266577141498]
car [376.66659368988223, 546.2729425806114, 423.4740089622434, 573.7629942147812]
other_vehicle [0.0, 518.5294934409294, 129.67264077028725, 606.3360427877437]
car [625.2717155656238, 536.1988266198647, 661.3249175294061, 568.9048366112946]
car [678.9671991177912, 538.1284505376595, 720.3480393919822, 569.8452341965109]
car [417.2922630695347, 545.0419727889812, 490.12709636033145, 588.1735059160407]
