bus [450.18674612347473, 423.25493972103305, 575.131792665448, 561.6036925532655]
car [25.796119433370546, 487.6371261961672, 178.26031359416677, 531.6674895203437]
car [768.5889149310291, 499.23733075786186, 845.233984619361, 546.4912124092449]
car [366.08440568713985, 491.2643071308166, 443.7229390613326, 520.1550136121493]
car [593.6970997253896, 492.1302105141615, 655.1658345483985, 544.576892009297]
car [407.12525702478814, 477.61273022587346, 528.5375900527656, 585.1854823635551]
car [85.55120576805166, 486.06357183113033, 219.9231766010946, 529.0573374975256]
car [256.39756019862585, 495.54739744146696, 340.3947349747826, 521.8880605702655]
car [544.057208506196, 493.97728587957886, 585.7161858798738, 531.6552708070037]
car [999.9916666785354, 490.303338856598, 1362.2642100596456, 646.5639996825283]
car [298.55897763987804, 496.97104872646173, 378.9025347527182, 520.3259245590082]
car [1293.4574585567166, 512.452908505931, 1455.084573862294, 567.833544104599]
car [224.21832579302892, 485.80096841884773, 334.20826573924865, 523.8867201869089]
car [653.6118838052729, 501.6733923969667, 674.9963620287483, 520.4265814590731]
car [667.0045122226358, 502.69357204275826, 705.0568678258074, 529.6557222320449]
car [707.0064918161291, 503.2674833059353, 788.5994227618153, 561.1499268820114]
other_vehicle [557.7467583033645, 478.26775384116297, 602.873162009512, 525.0272657851638]
