car [461.1531294914953, 527.0760969976923, 544.9803208116799, 566.7757041911766]
bus [1176.971822179194, 505.1632727930949, 1600.0, 648.1181185316157]
car [245.66579484523777, 521.6486189502722, 296.6854882534868, 550.1402550246361]
car [293.01118070041707, 522.2577396784544, 368.1195546668907, 569.7631850755556]
car [276.54326756447057, 518.5193203434396, 338.57642135450277, 559.2204059160898]
car [231.11119989067393, 516.1590988900912, 274.9209926798498, 544.4605322275929]
car [515.4682409435112, 518.5628451657781, 665.5648025735586, 598.4761264683773]
car [216.31961998014503, 505.4089010725918, 269.58736291772004, 543.5575324944743]
car [313.9183762096901, 519.7406273174049, 426.10067249835174, 582.6514483256663]
car [371.68124143005764, 507.99286423473035, 536.2356173438137, 608.0840055962861]
car [407.7017907243109, 521.8295072390745, 551.0068583141631, 582.0297950615037]
car [637.574017288814, 534.7776422924982, 801.1049828373057, 601.9378217207735]
