car [914.5587959691334, 515.3112038741305, 1081.2217414128158, 580.4086092637303]
car [1430.9081498154173, 520.5897497529118, 1516.3450196246895, 561.0349185081975]
car [0.0, 529.4364125236376, 74.67214514787894, 573.9016932300018]
car [27.016072937134087, 530.3416981072755, 120.18809603280495, 580.3345333284867]
car [789.4104396964669, 522.364438666368, 991.6292054112635, 591.1096114882048]
car [0.0, 528.8289071895024, 8.043257975828766, 562.8071184297537]
car [914.753774631008, 517.3731390302246, 1274.1585993475687, 688.9426076319932]
car [465.92827411646516, 520.3224397394923, 636.2667716206845, 585.4767853526366]
car [634.4703158613867, 531.2510306995946, 782.2956847926972, 582.450696944126]
car [1299.1087215339644, 529.3899515690024, 1385.9177071318516, 562.7055866088837]
car [1190.3089525451496, 533.0366487715439, 1263.4135578462913, 565.4902716550874]
