car [367.2377376820779, 531.2040456514749, 428.714295019449, 557.4619190288344]
car [1199.7140117725905, 483.4394857743114, 1600.0, 900.0]
car [707.7768895585294, 528.0616892966877, 885.3735767027268, 597.7776284833794]
pedestrian [615.9810736349582, 525.75018904407, 636.4605224379438, 564.8987688740681]
car [0.0, 518.902278337795, 151.19130935449112, 638.5133226380534]
car [379.6499245291501, 531.7648134190782, 480.96002341781343, 573.5707032094258]
car [890.4117576173553, 496.5777348016109, 1221.2269357300631, 625.0114746142283]
car [531.1158569369335, 530.374849682722, 608.050506073826, 565.0392339991539]
car [569.7533656909657, 531.6827328346589, 635.4040518232644, 561.8005160550863]
car [608.8475430106287, 522.4467762526573, 670.6728207549615, 565.3888770575236]
car [503.6691451564127, 530.1575886268137, 589.8953927378366, 568.1912028875759]
