car [896.0712004300037, 522.4185720548684, 1025.718676032784, 578.2152500792346]
car [364.0046821407422, 515.7398357608608, 463.20946716074724, 559.8078956410106]
car [879.0871921193749, 519.1519523737179, 947.2437496840462, 545.6190565144183]
car [566.6819493747128, 519.1256682977632, 663.1215671588086, 580.4841505114903]
car [735.2849649937615, 525.6050431117352, 769.2083936470177, 548.8725332419622]
car [69.30020691970454, 529.8988661299501, 213.69731070745019, 576.2649191932633]
car [882.1441428709311, 521.4153427578768, 1069.0044684157601, 590.937335209931]
car [495.6384740322171, 527.526070778098, 632.1416354694389, 591.8827842717194]
car [134.1532543223941, 501.8910618222417, 210.244236317914, 527.7243603273648]
car [999.7061400442649, 511.87511636324814, 1118.114306572231, 547.5251693594241]
car [866.1048364052456, 522.410611564441, 996.7128753671349, 566.5641149235105]
car [0.0, 519.3293261903123, 420.2842650654935, 699.0232904486194]
car [473.8862649052475, 517.9755180272016, 590.1755086491845, 556.2095487168053]
car [719.7536057401666, 523.4408885241809, 760.2985706723878, 551.0551496175286]
car [887.7864330234814, 521.766029844938, 1107.3462695265268, 607.6954467161389]
car [375.149082250272, 518.7288933621721, 500.86369207620726, 564.8923597670504]
