car [1447.291251202054, 486.9657114481553, 1600.0, 563.2736778820762]
car [1358.6974314873842, 485.3387322529, 1535.458096337522, 549.0501074689282]
car [953.0007519425449, 487.3992143317772, 1064.3012976960506, 562.3380492897562]
car [909.5654670366742, 497.17902192635137, 950.9737681844772, 530.5836761823882]
car [565.2563095605453, 498.40181264550233, 766.4496124370489, 570.7979442369468]
car [259.54584218556795, 473.0263826402451, 355.11780225468044, 505.58834323070755]
pedestrian [0.0, 503.43904378533097, 5.8293435464785635, 579.3852499582194]
car [1077.976863205221, 488.1904478211306, 1154.3296286303166, 522.6304276789017]
car [120.27308151730686, 494.86310526923273, 309.9388986740453, 562.7251297480079]
car [269.5117409946335, 500.7524002545878, 387.902848917459, 548.8354033323773]
car [1277.8673523773473, 474.50668328076887, 1442.8967337943238, 541.2800326978279]
car [985.3945534913985, 487.9920523385741, 1119.374193316341, 580.2625347857779]
car [0.0, 505.6918869463508, 110.59095453552322, 573.7653448611643]
car [0.0, 497.88761169065896, 145.73307525954849, 558.4732240919008]
car [683.0241813148905, 488.9345047487736, 845.7576790170567, 551.675257468778]
car [485.7748162323216, 472.24720179438566, 786.367866856484, 578.2346776373271]
car [0.0, 525.7565129065363, 49.12845789584761, 596.1796179288071]
