car [117.10909518518352, 543.2257843182853, 210.89958131602577, 579.0680367935548]
bus [678.3030846508454, 488.10229119863726, 780.7544375385603, 590.7315521831162]
car [760.377096738686, 508.20448745776116, 1011.1270772917513, 679.4451218839195]
car [33.44322400980815, 550.6283560236399, 128.14923736317695, 585.9390460160386]
car [730.0970356161696, 539.5758317144052, 836.1825057074009, 620.010080624574]
other_vehicle [673.9089074692197, 505.7035375624189, 737.4575270688359, 573.2589830217196]
car [708.7387160886495, 544.2104353307101, 799.3485253169632, 601.3566837558501]
car [1247.580236193808, 489.09521207282063, 1600.0, 900.0]
car [517.2430254902615, 537.5303024637587, 548.3594380754997, 562.6481857452397]
car [568.8829523610748, 537.3087472245761, 599.1570144337373, 561.2255289783017]
car [21.19537945792961, 543.6358950238713, 320.2146196100893, 675.5955782356461]
car [338.81236998498684, 544.508261754324, 371.40404043489764, 562.6646367118692]
car [874.1696046898508, 500.7240531050803, 1465.9270001114894, 853.8735780745544]
other_vehicle [663.4561010914368, 511.7069472070043, 723.0566206379303, 568.907887494062]
