car [0.0, 418.3541482289979, 437.2783135682931, 821.8089426890473]
car [756.870785552234, 495.96307775820463, 815.0772546578477, 533.7081661902306]
car [427.8739935885482, 497.0646693102284, 525.2103617170277, 571.023384134366]
car [1224.795780381957, 506.1629222061045, 1374.62516624056, 553.2522942486357]
car [706.2582362029576, 489.6798226547827, 810.9980715570811, 571.5653137972483]
car [1588.8746888792073, 501.14105847578054, 1600.0, 574.8629649274889]
car [558.7351733490102, 495.41419846601696, 682.1921126926143, 593.1099100078181]
car [1386.7669957541868, 505.96742785620813, 1600.0, 570.1895975512831]
car [697.9154402998158, 493.4328020758582, 725.2857102026688, 513.5367740950225]
car [808.9643368791601, 500.34268705858966, 921.6833834485926, 561.3549523707318]
car [663.795778261879, 490.92329739494687, 707.9738835062097, 524.9453100901038]
car [573.7386848811198, 488.0110556448889, 598.6479616182072, 511.79037922359015]
car [894.7115369281113, 497.20924102740105, 936.6989574732247, 516.1760469561168]
other_vehicle [573.5518841611378, 475.6989689054974, 606.9189743497112, 509.8572440001903]
car [654.6266435837782, 493.452758904081, 687.9180036750757, 518.7082543265171]
bus [598.7912078667972, 461.58735215920177, 646.3412085357612, 517.9403370422227]
car [0.0, 481.81123694184276, 1.573549531386184, 521.9319407041714]
