car [188.1636491042452, 530.520136097436, 382.1085096543014, 620.6324110678764]
car [97.72508353575417, 541.7529284620048, 221.20399218819946, 579.2039054504331]
car [440.6533969048433, 542.6867064248497, 611.7311444230772, 618.1151545140289]
car [842.8628245556955, 563.6530050729957, 1087.5516265154793, 652.7236971832197]
other_vehicle [1391.528748224529, 504.8535040721377, 1600.0, 689.2989486289662]
car [968.5872018404514, 563.0813818218602, 1281.6124423952808, 680.460645688897]
car [1320.6707549467462, 583.7773645869729, 1600.0, 693.984614156515]
car [538.7331467159448, 507.70142839816975, 1600.0, 900.0]
truck [298.9486559207118, 465.5568626689966, 892.9109869585157, 661.8953012816884]
car [1387.4667155295488, 581.010459197623, 1600.0, 710.6523131176159]
car [1011.4371135111925, 564.7629289405555, 1425.8554656415797, 718.4367700953363]
car [843.0336790499762, 533.8489052814107, 1063.9348969467835, 640.1845894651962]
car [0.0, 528.6056322004446, 107.64828480589817, 657.922727555704]
car [617.8929069051711, 538.4716729439332, 900.2889588378058, 663.8352263763693]
car [383.3493405865077, 546.5898483769184, 587.5777048696818, 637.4938570819209]
car [1062.283807502278, 563.9554467825088, 1291.8448044609363, 664.6958332761318]
car [667.1468649085748, 549.4385956996313, 874.0044028283507, 632.2770947115081]
