pedestrian [837.8048384134198, 510.7539780275602, 890.3599660515347, 589.4755119219849]
car [12.015808531477902, 538.2555841460743, 446.4150772850099, 770.5831174664048]
car [822.604516422638, 516.979318572566, 879.5822200481185, 545.153869847555]
car [0.0, 507.4853185932295, 179.0184303513447, 722.3738787366789]
car [410.66908368238654, 522.6303212143218, 526.5510872262134, 568.7981872321197]
car [134.47472604012594, 535.5781386050965, 305.2652277351198, 590.9924962097973]
other_vehicle [283.83960597723444, 513.9688241102917, 364.2928353547438, 557.4123869928096]
car [563.0328554445219, 519.8852370081136, 601.2641035183548, 551.167277319647]
car [515.4381525114183, 503.1608173683209, 775.5825408444849, 731.6935662701636]
car [358.7150648818032, 534.4564506969365, 393.88455369050644, 553.053792104949]
