car [1132.7061152106833, 772.8788812272837, 1250.1425421215847, 856.6496793614762]
car [603.725230452177, 762.8763184432931, 722.2364232773534, 853.0992307377657]
car [1271.3276062253408, 776.4058820034346, 1600.0, 900.0]
bus [945.7294081400886, 664.9948563584852, 1120.1939791497048, 868.7476563361308]
car [1391.930395362607, 720.1280348544288, 1600.0, 900.0]
other_vehicle [0.0, 726.8802183443157, 147.31277048922522, 853.6363679514284]
car [765.138318260474, 757.0392556323305, 898.3730055444722, 872.9833625059806]
car [1226.3085089989675, 784.4983812684163, 1470.4245747730092, 900.0]
car [1188.0285166964952, 779.3547954139653, 1389.507332474844, 900.0]
car [905.7519447946986, 759.94433313977, 1180.7431218161992, 900.0]
car [1164.3391771415693, 774.7294004195518, 1316.9796294274547, 886.7513164643989]
