car [503.4039664859032, 527.5902148945801, 527.0760742568782, 546.6796339427024]
car [910.0801781641215, 545.9004748169357, 1600.0, 900.0]
car [525.5990311087933, 526.1932395399966, 551.85873437191, 545.5270776626255]
car [680.978437039967, 528.0986397838399, 767.9145462478727, 573.7948325335409]
other_vehicle [651.40693243134, 488.6975861852502, 718.190152382424, 559.7848275586343]
car [754.9945000778257, 502.90326445050346, 938.3930292821049, 644.6224149325617]
car [126.15887296796333, 533.9153224362345, 443.07924398401934, 707.1325584102286]
car [829.3190093121929, 534.9874050784047, 1115.3782217459168, 708.4103793393867]
car [562.9519333321579, 524.6112706386123, 588.008796079139, 547.0192356119236]
car [706.0641465137152, 529.5459538504713, 838.7331400025442, 601.8946409854657]
bus [639.6434243515174, 498.21686375399787, 684.1381731058295, 548.3291655199163]
car [669.0088674824513, 528.509584332953, 720.1243398647363, 564.812715454266]
car [444.0633743055054, 522.3869136839992, 499.3430384864363, 563.4285241942347]
