car [1579.417385193126, 513.8736865926849, 1600.0, 539.0398881492129]
car [230.74243456174779, 545.7322102274973, 512.582203627042, 647.3915015959932]
car [1362.0530854626354, 519.0201051257358, 1468.6087887400736, 565.5488683242455]
car [874.0757935872966, 522.222668123513, 1049.7150046029374, 599.4247590321024]
car [1316.2107111726805, 518.6139433024485, 1427.0644011843008, 571.1647543018174]
other_vehicle [1087.0858973162433, 500.14877765625516, 1269.5186379172478, 595.9617485687737]
car [1236.2983590980102, 525.7733613592849, 1367.7998018631495, 581.1765521527611]
car [1056.434760133533, 531.1503191708309, 1183.6347671816845, 584.4902621969853]
car [367.26371218814234, 542.5556298148676, 641.1611485585872, 654.9942096583624]
car [952.2411581428082, 527.0506321476707, 1149.8471013737103, 609.2944611540573]
car [617.3957931639986, 528.1685059948853, 921.0037308784899, 652.4648942608268]
