car [1029.5904041911508, 522.5527350301477, 1098.322945829832, 551.9887597332421]
car [1055.4298162346424, 516.185243446182, 1331.5223866091576, 614.6272761671006]
car [573.8848364107175, 509.6689860450264, 671.2473602153326, 597.5155072732794]
car [689.9383012343102, 502.8165173561143, 717.7654982491969, 524.1873325145974]
car [885.5005752707681, 516.9500269429797, 917.9771090852126, 534.2261470475097]
car [550.4750911401484, 503.4564008939893, 585.2514160903938, 534.2195379155752]
car [1164.9742207980673, 528.8064362260293, 1277.611030496878, 569.9482674462562]
car [424.84910144627634, 497.06373859204183, 533.8333531441934, 575.2956585481426]
car [952.6624790205835, 520.2560938141024, 1001.0381119836425, 543.4051265664175]
car [587.7690386922723, 506.7683783538366, 608.5552315050661, 522.6877305742938]
car [0.0, 507.97183266937043, 262.0612466482408, 799.1942381978555]
car [524.6370163525793, 507.10187296951113, 579.4208406284247, 543.899049352988]
car [1241.1947749487088, 531.5778234257162, 1396.2897368102044, 580.934159727672]
car [901.8557376417, 517.6304303521051, 940.9632657320088, 536.6717367228688]
car [508.10189108713735, 510.2982118378071, 558.2957338897523, 548.908600044799]
car [1355.7170342025204, 525.9802614899398, 1600.0, 677.8575033330928]
