car [315.7956999958629, 548.8593778501103, 370.71592506018413, 579.5076358501846]
car [0.0, 558.5572541065079, 81.49949506187049, 629.8508117078344]
car [268.1951633626787, 550.8784294874504, 318.40909137863594, 580.2768907688848]
car [1199.6176934120128, 539.2944621589602, 1600.0, 697.1272844608808]
car [430.23024464719265, 539.2811281948749, 472.2241529142421, 568.896941597451]
car [1034.7750489055725, 551.8586281002109, 1236.172542793251, 631.9130155367063]
car [80.34276005056581, 554.0382789368379, 197.758167497061, 604.4405683630143]
car [405.9589848371617, 547.5077109858361, 440.72405592413037, 569.1979871679638]
car [626.6319091542165, 533.9467570162221, 651.4511386915689, 557.6337604438297]
car [79.2606974773543, 551.2682204200679, 319.4323595247868, 668.4014632349084]
car [599.4542390093402, 530.0647065850125, 646.9616146170498, 574.3093566109703]
car [579.7523090731297, 538.7538374636046, 605.2613566842789, 561.1439925055821]
car [1563.4004702987997, 563.1908193779105, 1600.0, 716.6254634090237]
truck [476.14059034831797, 502.1369277057916, 571.1323500544755, 573.7806291842735]
car [1170.5691708594816, 526.0023513687429, 1289.211789093722, 563.5564157243156]
car [940.4125809381442, 530.3817169955953, 1101.5058255069334, 609.2874610467898]
car [819.1838988566427, 527.6329340023058, 924.1843955074435, 569.4496073789286]
