car [411.0556994824827, 519.7591631720692, 480.3665584144204, 557.5609161767723]
car [528.4939574476068, 521.386855086461, 635.690627245131, 573.2985123508233]
car [568.8666672836174, 525.3261397700363, 663.0688789007877, 568.16365584465]
car [629.7439114157893, 515.728684003755, 788.3033031573889, 591.3200328846458]
car [509.57762672835287, 522.6960541580193, 581.8788987058545, 558.288701287074]
car [363.7607937339427, 524.509216882699, 416.80523600750695, 550.6002032862591]
car [784.2533814722783, 529.418468710607, 957.9003923757995, 594.7317240139446]
car [841.4200707709317, 532.3813312993364, 1013.6994731700435, 590.7654554537226]
car [398.8544043246964, 522.0096221410795, 439.6960859832382, 544.2596327791791]
car [467.27084923453697, 527.550287591279, 550.9786953056635, 565.6861911185791]
car [318.08740542409, 521.2989323026262, 357.89259542837544, 545.9780679889786]
car [339.19350698587357, 517.3380529941421, 388.42021919036836, 547.1872239450464]
car [722.2870810612517, 531.2936693416277, 844.3165031299309, 574.4198902905406]
