car [713.7851256502121, 533.602999549305, 789.0964131896769, 584.716619170343]
other_vehicle [673.2550310717312, 504.49742239963473, 728.1702814391256, 559.7165375828283]
car [621.8631352239304, 511.69088122886365, 672.5553148402879, 560.9427371626778]
other_vehicle [761.7708181457032, 369.4520448477606, 1112.8062572391148, 680.5168788548083]
car [556.1165473284367, 522.3009094832704, 595.0918480008228, 552.7648743157031]
car [695.6948955529763, 524.7493125475835, 753.6680701683365, 572.0068049309839]
truck [617.0848965286428, 499.73752082119057, 650.4538235907656, 545.4929770954651]
other_vehicle [668.5776382826882, 506.4258500897105, 712.0501761649052, 551.1701063167206]
car [935.2446837188768, 497.5190578834532, 1600.0, 900.0]
car [720.4271844213371, 531.1409923295638, 831.8921688806504, 603.9696584801588]
car [449.4243010347289, 528.7786539935513, 508.42827669784106, 567.8792538145333]
car [611.0658399938062, 521.2882940131819, 639.1394501583202, 549.4281932242926]
car [686.0894352438753, 532.036280333071, 732.9798315711249, 565.3867466999009]
car [0.0, 508.06226405931255, 221.47026804532194, 698.1720155292262]
other_vehicle [1549.4453584147527, 0.0, 1600.0, 900.0]
