car [1286.185200282622, 552.0681440970709, 1347.8256069799295, 579.9704616057711]
car [815.8849270494055, 506.32766518662777, 1123.175643406507, 633.3449192236213]
car [218.0809366882465, 499.31294844863703, 422.17846477706496, 571.8169114784238]
car [923.4327629972684, 524.0458236426878, 1138.7404580161826, 608.2423072580116]
car [1436.1407543196112, 556.6126713923893, 1562.7419880480766, 599.1369745537049]
bus [87.3442645116751, 489.8112328030856, 235.98388652268804, 555.2635849037032]
car [1460.0947304062238, 523.8499016892561, 1600.0, 651.4938951728574]
car [1383.6759575023461, 551.3648913225654, 1487.6171357102385, 592.7380597208409]
car [0.0, 509.9992533488616, 87.82930916856435, 551.9797916980791]
car [584.4763726213619, 520.7266508587558, 762.1035520250887, 582.9225494115996]
bus [0.0, 467.96223366081165, 159.9467960333316, 549.7609198432198]
car [1169.876313750422, 553.0390776871947, 1233.9469474388234, 587.9716958535193]
car [0.0, 512.4084834789875, 232.60749224825122, 744.9239950435601]
car [1214.8084594543527, 549.0590488003003, 1321.1072529805522, 604.8720868212064]
car [658.8203216742725, 504.4656017546808, 1086.7415152544963, 679.4780941460955]
car [291.7029640219158, 514.9191620147012, 426.1246876545401, 565.4489065429946]
car [264.99377744008916, 494.91854206925177, 406.2814314747685, 559.7902044136981]
car [674.5190085435494, 526.9142678466573, 900.2536898063036, 605.2518550593683]
car [1127.377227544336, 549.0578079565687, 1169.1276067895233, 571.2324481364961]
car [1210.3546076275309, 544.3516508250632, 1258.4706552755156, 567.2210458990147]
car [497.11601953197163, 519.043840979649, 654.1843107984085, 580.6558713382339]
car [414.0064781457456, 514.1766121029007, 620.0788618405279, 593.5653884626146]
car [0.0, 511.5969499657586, 33.42677407211382, 547.8234390314138]
car [1498.870697156196, 545.1980694629422, 1600.0, 579.45590052649]
car [99.78622957156193, 496.7719078159109, 267.6933256236964, 567.6822885553]
car [1193.4606326781811, 550.4374859539998, 1267.7433859898665, 596.9287703169492]
car [272.3487230118583, 507.31697713398785, 1600.0, 900.0]
car [1155.272967399834, 553.6655050985933, 1210.9447324039174, 583.8509074830129]
