car [0.0, 805.0942359589525, 33.419214922680894, 900.0]
car [1249.610252884071, 796.8913870948684, 1451.0565161846812, 900.0]
car [966.1312361523951, 769.4131541193387, 1163.6576129015618, 900.0]
car [1158.3275878569964, 798.5055300564476, 1241.4995167857844, 858.1538160357418]
car [1346.3049549882157, 816.0106503413748, 1600.0, 900.0]
car [0.0, 802.6113124632368, 246.35889760337807, 900.0]
car [250.00649886069382, 777.1038934143603, 504.51089555246455, 888.6993044212074]
car [523.308356299272, 793.0719207098931, 618.7460179463397, 866.2341318405993]
car [1228.939317115125, 801.4335138089732, 1404.0541210469864, 900.0]
car [708.4653131909428, 785.0318910916527, 892.0824539766407, 900.0]
car [1306.4223447275876, 812.1331543323404, 1542.499796430352, 900.0]
car [618.6272030925393, 790.8884991826372, 748.9330642230609, 896.3496973556128]
car [1463.840143697331, 830.7549040254082, 1600.0, 900.0]
