car [665.5347597213156, 499.08607593867265, 724.7932339176564, 522.3496529715947]
car [401.38802894729326, 485.92491027044787, 478.80338836660667, 515.9604186955023]
car [878.1194563607095, 502.3842456933285, 986.1810700116764, 537.6318256175383]
car [667.1322258926045, 500.86169465685026, 728.0571545732847, 541.8376330419562]
car [529.3030149067387, 495.28924742897135, 622.4958497003465, 535.9430871938002]
car [736.6457138341319, 501.78656829345556, 812.6327200552283, 549.8293911268752]
car [156.6532151674139, 452.06397951228513, 307.3827558784751, 557.2284054383898]
car [503.54028690195673, 499.5358439961596, 558.188270506301, 518.972571005092]
car [741.3360832294593, 501.60243331341877, 808.9697552084549, 527.3648814555314]
car [19.494549851805296, 447.3591912072097, 137.25438842729062, 548.8387944873423]
car [769.2956488189145, 501.8546929747269, 870.4685432970879, 564.0638844639982]
pedestrian [449.62188039871387, 485.11988046939183, 467.56947731251023, 524.9469284851448]
car [594.0592010353836, 496.79922700946855, 655.1858668574207, 550.8390211556197]
car [625.3038750731637, 501.9724706344039, 687.2066565505208, 526.5273158189149]
car [685.789868213733, 491.56741915517546, 775.6335987557198, 559.2583928409379]
