car [583.6504154666079, 508.56161529899805, 677.9713330487499, 587.4404508478581]
other_vehicle [561.3644390549132, 490.4378218856123, 593.9469588639724, 526.5503994088427]
car [487.09392596373357, 506.1625747985333, 550.2021798601182, 557.351229557175]
car [648.9615928924765, 507.82850127407147, 680.0320898596801, 532.894694478009]
car [429.8332690772394, 511.53794315392616, 516.6051964021265, 577.3570179080298]
car [533.6708973404017, 485.4509836748953, 575.7620533712008, 538.5706359123812]
car [999.417654488828, 519.2511938099544, 1066.0806659000798, 540.8321500015743]
car [361.9598982646151, 489.6134437151803, 506.6535414262267, 603.1030182220624]
car [878.6926489905213, 517.3821436270041, 915.9182891611758, 535.1904998193838]
car [1365.8364370572795, 530.1389774406125, 1593.878608904378, 596.0615894450361]
car [519.7648514824468, 492.5434591444186, 568.6538084457067, 543.5859519892294]
car [730.3522908143837, 504.0934586626339, 790.4672001867712, 546.0929250015389]
car [681.3678426711559, 511.1756689551939, 754.9988182745088, 562.4158355671012]
car [1136.157087120662, 522.9158595691223, 1173.0536169648174, 547.8696766342365]
car [844.2131522234204, 516.6208798647668, 873.7940738105605, 531.6509670437438]
car [0.0, 534.6208482920215, 238.27240973547768, 885.7359300931018]
car [111.91872802950024, 455.7476799387513, 459.80393264334924, 683.5749851978348]
