car [719.633856363138, 501.65081941377167, 745.4286308059292, 519.2611847570234]
bus [560.7009725956616, 452.3406494690517, 677.6717965096423, 551.7348799963643]
car [750.2141061152699, 507.86677726199633, 784.5201352175701, 526.3920928844357]
pedestrian [486.11132845809374, 495.53043059566255, 506.79709487437196, 528.8130310619235]
car [1282.4103188133581, 500.3020991604588, 1551.6817862133705, 586.9771614951346]
car [820.5092946169098, 500.37494847819937, 868.2492796721815, 526.330570340294]
car [922.0730568822836, 504.26467262120286, 997.8535704209391, 538.927695783914]
car [1096.865257842967, 503.56268573974864, 1255.9007602671682, 562.4358796904072]
car [613.6780771065679, 488.01383690047027, 707.4630930599584, 568.1703970640635]
car [840.6562621716334, 496.69210417472823, 912.4036975180799, 536.388993278067]
car [1078.4155920502064, 480.61001032343114, 1280.8092208761634, 573.2975636567253]
car [927.0359983006542, 503.0095896348721, 985.873980838938, 532.8361141397257]
car [597.5581459476311, 503.3716638827664, 776.6545217369086, 647.3649667898308]
car [1035.9598213104996, 513.74711226624, 1132.9161153338764, 548.5281836496761]
