car [985.464664925494, 535.9586928313652, 1082.992114853076, 573.7778471371603]
car [1059.0377838333775, 539.666782982416, 1331.9645746169056, 649.9832932078158]
car [1482.2240434256385, 523.0951943817901, 1600.0, 607.9160388921104]
car [578.3980839671648, 541.4167507442745, 740.9198944982082, 601.510244690202]
truck [917.1046544010894, 513.2870338314119, 1010.6862601703199, 580.2471661842089]
other_vehicle [848.6362218252107, 524.6697858602315, 935.5578248951813, 564.5931683561504]
truck [862.6269591875325, 523.7295928780363, 943.9569258397935, 572.7184504394595]
car [1025.9268865513723, 545.6080578756296, 1131.8047186754877, 583.7881966200832]
car [1050.8426934512229, 535.2680181219978, 1148.1044214806032, 571.4930263969363]
car [0.0, 473.991523113834, 46.812183648220504, 788.6691878674523]
car [1374.3380316290697, 535.3511929636904, 1495.8665669810332, 590.9346323540477]
car [1225.341534964235, 530.6803041933864, 1404.359971436113, 602.1458476306067]
car [372.4182847318016, 544.414501757564, 625.6078890455522, 631.3678447742316]
