car [106.20720700827394, 536.7002554023017, 215.22567289198366, 595.026369521195]
other_vehicle [337.9298026040674, 536.8591244864452, 384.2330125045008, 570.2843156545905]
car [653.7170375555914, 541.3610617053359, 676.752165826619, 559.9762446580627]
car [1235.658041393277, 458.8390602836037, 1600.0, 669.2067272639754]
car [30.56216819057849, 559.1314926768681, 134.06852715842945, 604.6144474316534]
car [602.4962796770244, 538.7205496896272, 651.0510475455459, 581.6972961899261]
car [687.9204073532345, 533.0380587117095, 772.7273650257143, 593.2273082065013]
car [577.7016646406499, 542.6327430694488, 597.552910659453, 558.3302667481897]
car [1466.2583698172648, 505.55988430715564, 1600.0, 626.0791212700602]
car [0.0, 557.5921775084987, 408.8338159788666, 801.7989424492625]
other_vehicle [302.04908536524636, 536.5919954190855, 365.3921644631157, 574.455454085643]
car [712.6320986428194, 543.1874583064852, 819.9833996914166, 617.19506527987]
car [0.0, 565.5356955852905, 89.47652504470945, 614.0308014002695]
car [199.92887616404158, 533.8455657562371, 382.0635490568194, 639.8242530090307]
car [0.0, 557.886060065463, 60.95213980175777, 612.3412393922223]
car [681.982806501143, 533.4851321521513, 738.051661177144, 585.3007430861336]
car [669.5252047132863, 541.8794151234418, 705.3916996927471, 569.1554911488623]
