truck [641.3955927296504, 485.83136906317384, 768.8872932717795, 558.6793180545048]
car [559.6725184116301, 503.1989795805898, 666.522904049688, 565.37073379038]
car [742.8200918522178, 495.24117746248163, 861.7626949275153, 579.172092588149]
car [395.6910639627756, 531.5497232639569, 515.1494142450874, 581.3242803385978]
car [0.0, 540.6841604519014, 159.4281847462598, 607.5900123440789]
car [295.87431073699724, 537.1085166882573, 405.8076123782197, 581.4505614201553]
pedestrian [726.1201418845612, 522.053144387966, 771.8394350786648, 588.6714316134442]
car [257.53747754392515, 537.1267190506732, 398.11100625086067, 586.3721869759229]
car [128.87337610282486, 525.095188924902, 318.2839442245396, 597.1596273544087]
car [422.8976614820276, 523.625159436629, 526.2969792846836, 571.1524358627406]
