car [117.35572834745895, 586.9441254069687, 218.9116425578474, 664.50262674276]
car [1488.7110951741993, 582.207563072553, 1600.0, 649.8825304129193]
car [1469.952245709638, 571.473151035066, 1600.0, 684.346769146686]
truck [0.0, 0.0, 137.56193608838734, 900.0]
truck [1379.9932384799686, 550.1737142188764, 1583.473556218621, 640.2583839386366]
car [861.5517050179498, 587.4698398222464, 1068.9898610597563, 665.9581673164722]
bus [0.0, 436.95281228255305, 180.15432455500942, 723.7839811753199]
car [375.0027831034472, 556.4910252407203, 766.90702810024, 708.6666963004493]
car [1328.8175905217481, 579.8079616733025, 1436.947464904579, 621.3586309825572]
car [970.9511630071141, 552.8333705832716, 1419.9276944445066, 705.1046861380205]
car [169.59503250902176, 551.7406494191787, 863.4304201160064, 785.1443905889095]
