car [597.8708700258436, 527.3454017318074, 645.05759605333, 566.6406294260627]
car [692.8197068630702, 529.8505725607544, 751.3734966388221, 573.4881764907725]
car [0.0, 540.6067372650416, 42.0089905828664, 580.3133534637341]
car [574.3250843454709, 521.7885623955416, 601.8841117684419, 547.7439179494264]
car [711.2781656744141, 523.1621352631722, 799.1423546084474, 589.301463191755]
car [31.448371379144632, 531.0902180881606, 134.10380824123826, 574.171313047356]
car [542.8025470708372, 520.7850279857058, 585.9334087042424, 558.7735221007164]
car [727.070338251491, 521.2568001298872, 858.8362601710643, 614.420043848517]
car [448.51546960260043, 525.1979909409888, 504.39708660920803, 562.6525954223381]
car [513.8389622247064, 529.8067590481613, 547.3747742893253, 549.682021394252]
car [357.15818001491925, 531.1790398529046, 389.6667668232064, 549.677198654525]
car [683.2474761936948, 527.2886733854762, 729.0441559207086, 564.4266090330208]
