pedestrian [370.24022383224906, 542.6023538317328, 396.0669233868186, 606.4804898230511]
car [230.89907568090337, 551.2031410821726, 473.996603687179, 630.6911985656252]
pedestrian [392.33386248266555, 545.0865807028223, 423.96651330607614, 604.7503936174022]
bus [1385.7914227982765, 508.0800264469932, 1527.6379578030958, 559.2292714736117]
car [0.0, 322.9885220606186, 832.101958689811, 900.0]
car [444.29753159328556, 545.895965798734, 689.4391556486955, 630.799506924747]
car [1061.24351248007, 539.0331927698301, 1210.6967129122845, 592.6736570615403]
car [719.3423910338302, 522.382552085865, 979.3424969773401, 633.7969095400382]
car [1572.0613382664394, 523.6925465220281, 1600.0, 568.9300738987322]
car [959.2922930173319, 535.7012968293903, 1166.678328796482, 611.4491589595799]
car [1152.2345598457175, 532.5587229908008, 1322.383251763306, 598.878151062018]
car [1488.0414358182443, 533.8708825200921, 1596.5507237756908, 575.5290506707804]
car [1281.8909196534578, 518.5453143374583, 1438.9031603055766, 588.5844407553325]
bus [682.0798788852111, 491.5456042922359, 1025.0060017554035, 591.9118322292555]
car [1387.4909804410288, 533.2507349378963, 1522.916894852425, 583.0587723022595]
