bus [612.388656589083, 492.3867313852674, 656.5481969400572, 550.7813744417089]
car [21.857593834144808, 532.521297118355, 267.02086359514186, 657.4238995181051]
car [0.0, 550.8167702017419, 20.848519017498454, 588.7530709580028]
car [692.3863225149099, 518.9732234680375, 740.515547386048, 538.4681518024191]
car [0.0, 529.3972471608027, 193.2739233610422, 614.0224109530307]
car [464.9521939589537, 522.5483084171998, 518.2911474951987, 561.0556556323872]
car [186.48848155340843, 523.7745586968367, 310.0223547393218, 590.0330126877586]
car [0.0, 533.8066609898809, 402.6581686284816, 814.9992420471384]
car [544.4526199546808, 523.7720992312472, 567.2876676128233, 542.1276765261013]
car [555.4471488803795, 521.0566677400028, 594.3127296341851, 554.8648236989283]
car [468.2935988196339, 521.0401044917577, 555.1457475030999, 589.8663822421734]
car [296.8885072098069, 520.575230327288, 379.58893665834114, 572.5712337444222]
