car [1079.761322134295, 552.0589393061289, 1205.5999301734569, 602.0628265454125]
pedestrian [1518.8134145875927, 497.26562097919134, 1583.5821107048937, 668.2140506868412]
car [623.684667946249, 557.857531835005, 696.6573449176831, 603.0709163124699]
car [0.0, 558.7896260704891, 626.93814543185, 900.0]
car [566.6307242830289, 572.3585299520157, 642.9286936437707, 612.8939905431199]
pedestrian [1353.8631544762177, 527.4132686767801, 1459.498465745345, 667.1706690198552]
car [1325.3249257323073, 525.6038477229265, 1525.3306392071372, 598.2142656838618]
truck [0.0, 567.7972866784374, 11.71822098826296, 638.7182854130231]
car [868.0077196244118, 549.509556046336, 1030.6742937341223, 706.7323294674237]
car [1275.7672428149044, 535.1209860651952, 1475.8505100432085, 613.6257012098349]
car [549.9261704193118, 571.9146606905895, 619.5578377783404, 606.6089493172468]
car [907.7973783185653, 558.8701198481498, 935.6156378558427, 582.3594958967597]
car [475.1594811483363, 572.6350682325626, 567.8130648927353, 616.351172469187]
car [662.3080062908294, 556.5781810197466, 717.2105811664228, 590.363054171099]
car [1395.2819762769032, 514.453639718172, 1600.0, 619.3465225464296]
car [151.60833376138544, 583.8277214594694, 269.1329135345022, 639.8074661620104]
car [737.3860555903451, 562.1668633078818, 772.8569903775165, 583.6847382852264]
car [246.6213356598094, 573.9867516406728, 541.2294921729136, 724.2757901755177]
car [759.2391992304053, 556.6387187345271, 792.1923104676196, 579.4117769112341]
car [714.7873435109043, 561.0322211523105, 758.7792968804484, 589.6048773789975]
car [395.715972682363, 582.7096326857039, 486.2731039038424, 620.3700537813412]
car [680.9091450107055, 570.8951498456648, 732.2044833770655, 597.2326075140284]
car [0.0, 597.7281349001008, 68.41196127600996, 649.2749790676062]
