car [0.0, 557.9127965027445, 261.5527717553584, 688.3610905464488]
pedestrian [794.4153984259589, 537.2739504821529, 807.8947031161451, 557.6103997130363]
car [582.3482890652418, 540.3738570703213, 639.607782334312, 592.3848298085171]
car [515.2518247871521, 543.1645604511679, 541.1488474574637, 566.9594840778061]
car [652.369996235656, 539.5752492512198, 695.1952989512038, 574.5306552185912]
car [697.3777714501198, 543.927946764638, 822.2165197072837, 618.0860092587885]
other_vehicle [327.51378062128526, 539.7754692156498, 380.7438013471542, 573.7984639061756]
car [663.8921604609643, 540.0456742478802, 712.5898346065588, 580.6143210763312]
other_vehicle [173.90616172125078, 535.1712025143576, 281.4622113772671, 590.3637559963914]
car [648.9133647751098, 538.8783802794592, 686.160003855716, 569.7952188675602]
car [542.4010255836725, 548.7323569478993, 573.1331427307134, 571.9495791888592]
car [405.34544818699004, 534.3236963044809, 485.03709835371865, 595.8517522433813]
