car [798.0015729321689, 490.6624374332355, 860.6929437778124, 521.9536629482844]
car [680.5788617567821, 498.08479526742286, 733.8229106000831, 527.4335536160555]
car [0.0, 551.202660426531, 40.94099270582915, 609.1989670619178]
car [770.5643582375582, 494.3253865444196, 814.5046251089242, 519.697105219146]
car [593.4122750311147, 499.1846314212421, 685.2116359039179, 541.0369972929149]
car [345.13011296101826, 520.2767309951281, 477.70895894589154, 569.3308871414122]
car [0.0, 540.422291772957, 178.1843381546855, 610.9388667625394]
car [159.32547502457885, 532.7270720656603, 302.59867746003124, 588.9772064550984]
car [491.6264049032375, 505.93455645434517, 588.7729356756009, 552.065987019772]
car [474.807224651434, 519.9473884932215, 560.5772727477063, 552.7595340467697]
car [218.31509780580924, 532.1733245094732, 365.9394000672799, 583.6445757012883]
car [547.9654692544789, 516.4683936712526, 617.263555637798, 544.8563620782237]
car [697.8992355262092, 494.8103749720718, 756.1001031666839, 528.8428398604522]
