car [1419.9199527888254, 531.5070506979371, 1538.0118803564171, 597.422477969955]
car [406.28691414783765, 518.9369472967326, 677.7736673762449, 624.9349914654974]
bicycle [910.9593354128195, 551.5722045196881, 957.6367716203174, 574.2713270858135]
bicycle [930.103299140876, 551.044393976666, 967.2994974185069, 573.338219366232]
car [0.0, 488.4702981067773, 272.7406724770124, 720.2920871978184]
car [1238.7776357754328, 535.273332092635, 1321.0196056107613, 584.6857461815372]
car [1309.6739613745347, 534.9151964086145, 1455.7390033248607, 612.737535852781]
car [1580.8151728816151, 540.5173257623189, 1600.0, 590.4771860688056]
car [1019.2840734790037, 532.0793482563637, 1134.7354419275523, 583.1770443903729]
car [1450.7126197051175, 536.0204552348222, 1600.0, 661.4180699692887]
car [1270.4614451487694, 539.5066471251882, 1330.1803837667474, 569.820988755578]
car [161.665037736858, 542.1936746854304, 257.7271874909926, 583.600345472678]
car [131.9372039291436, 508.2234716849631, 398.19559898873547, 621.7022985871987]
car [72.5665957028037, 541.7959666324147, 119.67446981804929, 564.1594171817114]
car [99.48625093467139, 541.8287662351455, 150.37314745246687, 565.6893798306288]
car [324.46541551353516, 542.2469536552317, 418.1213921854916, 582.4624843422747]
bus [1164.5026084443457, 530.4428563185671, 1247.6861264104025, 563.3060969894901]
