car [0.0, 506.67135490532047, 150.96803416445584, 562.7644153763773]
car [1055.1421775627432, 498.64407973697786, 1111.9290333050988, 520.5404405190404]
car [765.2342277937217, 499.7051837090693, 821.2378957583545, 517.8179097626432]
car [882.1938021568582, 504.6888819614437, 954.1408996870878, 529.775255461776]
car [1015.0401317825684, 500.1781496816026, 1074.8212436411216, 523.1871033463198]
car [541.1150039765282, 491.132924542991, 637.5688974623307, 537.8027524946399]
car [885.8204405946632, 496.29450717927097, 944.6983878898399, 525.938849911177]
truck [1028.3366302264944, 470.7559751048012, 1120.375057750625, 519.7570638092193]
car [845.8550524071715, 497.5269060040762, 896.1132569006182, 514.2223397392664]
car [676.5991467517033, 502.92324690337415, 759.7478691737438, 535.4778011670516]
car [804.9339954197802, 501.56772589351357, 877.6748930282408, 528.3221259806203]
car [227.0280233519454, 505.3151878397272, 361.94115445830045, 551.7530649756952]
car [1123.7576947516318, 491.11898277661146, 1177.9528836926286, 516.227376215326]
car [809.4601740692738, 499.62986757235035, 863.4560994915662, 516.8584162933282]
car [378.716166281444, 509.49287771758105, 482.351850107185, 544.0492270205665]
car [0.0, 512.1904016962949, 52.46186382420394, 543.365701369418]
car [960.0280705421101, 503.39041478044913, 1026.1386373785501, 528.2711580509131]
car [279.428747503341, 510.2909405553536, 409.98154597178376, 551.6859987874471]
