car [112.95950239240156, 537.431032584246, 203.71740314844317, 576.9206323509421]
car [499.9938785458032, 529.7767167916433, 540.8732778532197, 556.4619022107166]
car [605.0087070315453, 522.4180072176408, 650.4003657056628, 563.3660331117451]
car [726.6182914856682, 532.3097899436208, 843.342928406692, 603.5826135552142]
car [554.0074116095698, 522.4531006822406, 596.3674892096626, 558.5862442079195]
car [352.9810483213999, 533.0580203061396, 454.59322579062103, 592.5886054276098]
other_vehicle [660.0581355040771, 504.15648034384975, 710.3227536974433, 551.117234194305]
car [176.33979261422175, 526.5011041752792, 452.0442354430245, 694.9463294681553]
other_vehicle [671.6793819844409, 471.8733908597084, 797.8413938119279, 582.5183574687751]
car [670.7480732089575, 522.2250027918134, 708.0166369904962, 554.5264889930789]
car [31.083596229724712, 542.1336509024421, 142.01873863617877, 584.4569541410602]
