car [168.76392220104117, 548.0347159362718, 290.2498881665565, 607.8484243861592]
car [0.0, 565.7425099829693, 170.21965840163892, 632.652270405567]
car [0.0, 570.6078458250578, 17.064925626515933, 629.7245980184039]
car [457.4725898785589, 546.3274148039911, 493.6641861697511, 567.0443870593924]
car [0.0, 557.1894193542398, 154.64733713043242, 622.9966537985962]
car [151.7315994768871, 551.7348047614418, 268.0987276088145, 604.0021757402731]
car [430.0915577284332, 547.6443040351455, 474.3380689155695, 571.6214746826975]
car [621.0737715261478, 542.7894050384127, 658.1025388120897, 571.5940641200052]
car [0.0, 564.3408840818561, 57.0152998497335, 623.8654182200579]
car [487.60187970050345, 542.6232510292813, 518.1686431833604, 562.9313989966826]
car [297.2454435827315, 542.6467701676028, 497.38049443146434, 676.5344276840825]
car [310.3484865116659, 545.4164086111992, 387.9210401398915, 587.9671960929489]
car [759.6380028931643, 530.5436506702955, 782.6567156932833, 553.7482614552985]
car [520.0956475298981, 536.9024688062048, 585.764773113151, 590.8933931760566]
car [99.10339786033622, 566.5689333208371, 200.07652782842092, 607.5279276413677]
