car [553.5510108159841, 561.8539933428098, 579.5146862536492, 580.0573614979726]
car [387.6189900003175, 549.7664544343219, 488.66318278640347, 581.8477092487269]
car [657.687980959575, 558.4598434344718, 722.8824006006046, 592.7529950139278]
car [729.1206777004605, 539.5463048274131, 927.5721067516041, 615.5285642727288]
car [580.3669502835572, 560.5693121727335, 631.2179611924421, 600.5024958247416]
car [624.990406901529, 557.6915155743923, 674.6033634679385, 586.8923633505292]
car [1325.4522285754654, 545.07085074074, 1456.2397394892687, 601.148546117687]
car [593.4284171788917, 556.1847583799296, 645.9584079302213, 595.8361595722474]
car [672.2935773813201, 557.1318509482427, 718.077357624753, 583.5890324992686]
car [697.5112641481326, 552.5546455334915, 761.7710538224455, 587.2691095138774]
car [0.0, 493.55652252908413, 292.9007494476842, 714.927382858796]
car [1087.1417393484055, 563.6214746849074, 1600.0, 803.6741476767951]
other_vehicle [819.919760590498, 476.16113485264646, 1119.9509337473137, 608.3484782632736]
