car [292.3620343778447, 537.3870131351925, 424.40496222672886, 604.1932502371825]
car [590.4689984589282, 531.2158758526027, 611.2764740506761, 547.1992202488718]
car [0.0, 468.3805447333083, 389.44018215523715, 868.0112233070232]
car [508.6268327837051, 530.3491562773169, 545.1549068387664, 557.7698302249506]
car [536.8367760361374, 536.0596100080224, 582.3162440694634, 566.9671201807132]
car [606.9421450218845, 532.94202897707, 650.8474591606039, 570.8736250530386]
car [444.00766196558203, 540.0522870502848, 543.9958258583048, 601.4670798160449]
car [841.1555605853861, 519.3882480032973, 916.257866884117, 556.7672643769322]
pedestrian [1010.0270378706743, 524.9747398655112, 1082.3965917075575, 611.8426061710743]
car [0.0, 547.1801209251174, 56.08668194242339, 646.5428215699857]
other_vehicle [270.37151725056054, 518.5760779118763, 346.4384709898582, 561.9451444823538]
car [372.3345197146518, 532.1256217907862, 425.6950288927763, 560.8267075945936]
