car [822.4266048999688, 495.9578476264456, 870.055659751399, 518.2542449882471]
bus [723.756796081254, 476.765142506238, 800.8885049455753, 513.9436026457131]
car [855.1376919148981, 491.3302153515913, 931.5434904234629, 528.5706727012849]
car [907.4883438134372, 492.9428546941009, 980.0033667140358, 527.2006901913834]
car [795.154850459591, 491.75867130798326, 852.5703622739704, 516.2127423482541]
car [966.0149188015823, 496.20140567935545, 1074.8637859454898, 539.820389214246]
pedestrian [456.30484956070785, 487.36713601466687, 473.4449298555074, 526.240965977591]
car [592.2409023770937, 494.16139718050084, 671.8414225689994, 554.3474678028631]
car [509.2914061416987, 493.7622290088974, 537.5321651792267, 516.6636917981762]
car [1169.6538748326896, 497.8606874691977, 1372.175021609915, 574.3690249504955]
car [0.0, 459.1189130067153, 129.89082726932043, 827.6170174955337]
car [748.3500341880225, 491.62475876291643, 804.9357558686156, 521.9056190110201]
pedestrian [365.2330321012062, 476.65534598720507, 399.8176152885409, 548.5546562442531]
car [160.54435199810467, 493.70685745469734, 479.4684792800954, 687.9348368955895]
car [1331.827118593431, 489.82279726657544, 1600.0, 625.7683443148144]
pedestrian [425.1037899299458, 483.8428720578759, 458.1989032083922, 540.5458504738754]
car [978.536708120068, 498.000653963983, 1059.8758380012043, 533.2405828421863]
car [557.582545846498, 493.84413373057953, 595.3528762813022, 523.3596058223274]
car [1059.0334862057775, 492.3297981375352, 1202.3523718369672, 548.8501841417404]
car [667.0563916523023, 493.62143912229334, 732.0156524164696, 532.1788376544577]
car [106.71648952375959, 476.7659749295827, 315.46754209443617, 539.7810598951002]
car [777.1843978786463, 495.67898285651046, 816.2694159675103, 514.4858445750984]
car [822.4476152753974, 487.2666167418481, 875.2893266951772, 516.8458906344557]
car [732.0660915005532, 498.27890488830013, 872.3197223961353, 581.8589402391211]
bus [727.998530147525, 486.4861222529669, 786.8745130579456, 513.6358591557484]
car [703.0613795148008, 494.6841623351491, 745.2994725403544, 513.0439208422661]
