car [939.3285032111696, 501.00371179252517, 978.4818243333531, 525.8858486093806]
car [1509.7130739320362, 507.3512900877988, 1600.0, 588.8468449540036]
car [951.5432204407253, 500.3576802422738, 989.2368943036852, 524.2477410450418]
car [803.579759034639, 499.181286173111, 845.964877539756, 534.9560822683055]
bus [632.9882450982662, 463.47557022955596, 743.2550780943654, 542.3679582876474]
car [771.9433133294531, 498.8598334410682, 802.0207452204953, 525.305440880846]
car [1005.8747936266758, 497.90777439579375, 1134.190007417479, 560.4487789732655]
car [1450.9353697878882, 513.0505253567371, 1590.6862365623676, 548.3567613268224]
car [334.2823415034038, 485.5805858438217, 479.676464435975, 540.9512521317334]
car [1195.5211323650838, 505.83340794264774, 1404.2692676097947, 579.0709220452948]
car [610.6964050248694, 497.99448996940527, 684.7323988470575, 563.2554432955648]
car [886.429421925723, 499.60319495004535, 1027.7527480525216, 572.4034514102166]
car [866.0223855923276, 495.3840025775743, 908.2799955652674, 529.8525640880325]
car [1318.076328871765, 511.9990718364345, 1452.4794901787116, 547.6420703681466]
