bicycle [737.6943983266427, 541.1345188274274, 759.8730042881225, 556.499362819659]
pedestrian [996.1853480930417, 494.09546521230186, 1108.076846534646, 702.1626756909669]
car [676.3668242842139, 532.9406269997075, 696.292539801745, 552.0724126705372]
car [388.68887252795696, 536.2406795591031, 427.0705384893772, 559.1182524386719]
car [149.53159157160005, 545.5284099134061, 262.36520545916113, 588.9427212046191]
other_vehicle [258.1899708095267, 521.7415248092062, 341.13270788447085, 571.6694902032368]
car [1127.2430272177003, 520.0882415772303, 1243.7445303960726, 555.1471695688213]
car [66.04629981654635, 548.9999964112031, 175.17398393667992, 592.5428703821675]
car [295.73576965186567, 530.6925653850195, 371.2334811732444, 567.7148288565983]
car [369.51859985082956, 542.0336404333474, 419.03316734565664, 566.7473133996232]
car [219.0779619888221, 541.3594899062849, 319.787519018911, 590.9810364483759]
car [1155.2015786438817, 523.1838198438807, 1280.1475377688844, 558.1407440270804]
car [156.4649621144091, 540.6237904284854, 251.92255807109694, 583.197857609869]
car [640.2907697941399, 533.7716111081313, 665.9905489005894, 554.1371374108924]
bicycle [760.0852302215611, 531.9042670440964, 782.0891770208164, 547.0610396197283]
car [100.71921281277253, 544.6382782861565, 191.29715430997325, 585.9575665815862]
car [315.285448700679, 542.2084125235949, 390.1798579442435, 575.1040042994571]
