car [194.32304651301857, 491.62367393605, 311.55093874942133, 535.9571726378946]
car [1182.1490344661051, 524.8109089770124, 1254.1417634699194, 556.4068645210168]
car [1264.180780138917, 524.4798642399472, 1370.0184826285458, 569.152885498442]
car [28.701085653618012, 494.94017912461373, 91.01295834151064, 515.5734023111337]
car [1061.0309947673693, 521.7338508918906, 1095.0737675776734, 540.6836766279704]
car [1321.8441163337739, 517.3123655337739, 1488.2851905404273, 579.117575837571]
car [957.7219760008749, 516.7887298275216, 1020.757981930414, 556.0865737980082]
car [0.0, 488.09370842124343, 56.0720690088508, 515.3356389375132]
car [1098.6978418988622, 522.8351362106083, 1142.404707013958, 545.7462965799765]
car [260.49657595202564, 305.3908308976722, 917.7527944494374, 734.9352511146969]
