car [679.0660599751565, 542.6942457668775, 741.5297491151214, 591.0533020131493]
car [642.6741068690382, 536.6375057865877, 668.5436751625733, 561.2181286689056]
pedestrian [732.0109233790043, 542.8522020110253, 751.0345295750241, 576.7786920850824]
car [531.933055223901, 541.2484245275526, 554.0019511448684, 561.4274894236515]
car [663.5063092555528, 536.4361871135999, 721.9276242302683, 583.3388779101028]
car [579.8762970914662, 535.8506287514758, 599.1195758719684, 556.5413493598942]
car [0.0, 557.1646327516788, 149.67885358792904, 618.7514286438511]
car [1335.4418493751944, 504.4563868223441, 1600.0, 900.0]
pedestrian [746.7519117856915, 536.3271276837252, 762.6018455443236, 572.63718291495]
car [87.26599913640973, 551.2493180105183, 186.5834438915514, 586.0478272274129]
car [1031.3273814021156, 507.232023319684, 1291.8352187937767, 624.9721541338139]
car [539.1445664578076, 535.4296767347466, 576.4851904201677, 568.5928758800469]
