car [0.0, 505.74373347971783, 21.932771213965964, 533.3846732415714]
car [714.4054313548014, 510.347732607284, 772.7074863220442, 555.5052854538146]
car [17.016605703006334, 506.70886179767217, 109.17600362618924, 537.8395627418931]
car [677.0437913277063, 516.1779778505257, 708.4136322613223, 533.6597037999518]
car [228.67886092480066, 509.13234020370714, 344.42287437484515, 547.5732538571597]
car [611.9889859940133, 514.8258230192897, 657.7692281668931, 538.4573555323042]
car [730.4118100803305, 513.927428670959, 779.8629083815589, 552.7434299110251]
car [157.03886366905095, 508.2384388469455, 247.69068346036195, 542.5343126765773]
car [389.1035569818802, 505.3166345355693, 490.5348485737958, 537.8753800338179]
car [950.8733150683148, 502.10226490538406, 1167.8551466637412, 582.3023387800154]
car [192.32769591221356, 488.9718403765197, 723.7823931713679, 700.4205812483984]
car [581.93916165683, 512.7266519178096, 638.4767606982172, 541.2309984314968]
