car [827.2585785579136, 443.4844723198039, 1350.0647193307645, 762.0384564054267]
car [1157.112063329192, 464.15827916031503, 1600.0, 757.0952275132379]
car [783.4286114621035, 508.63646296359184, 914.1815582071094, 577.1544962886636]
other_vehicle [372.06201309945453, 400.3279016878538, 549.9700304511272, 591.3523243296905]
car [33.66394541542164, 519.0476561866432, 416.2911597318029, 738.6125614216069]
car [573.1771628952971, 503.30865010411526, 661.1604977222138, 577.3993879205586]
car [728.6693681284762, 507.6119828486441, 757.3018566558294, 526.4488855095909]
car [687.9632846340395, 504.72748511317184, 727.907933302797, 529.9986218070783]
car [0.0, 532.3950341515995, 258.10248197354804, 900.0]
car [644.8645755939841, 496.07039758385747, 686.3876316106458, 537.0478959668467]
car [545.0129509311082, 508.1671655809537, 573.4770447817857, 532.7919392332974]
other_vehicle [466.84131194524934, 461.5598012107223, 561.8265147793991, 557.1445021470468]
car [744.1404554142857, 502.7593128284641, 769.7156482145161, 521.6717676819826]
car [707.5247663484924, 507.48582675405623, 731.1267392061529, 522.8299482534441]
