car [531.7149335385368, 497.1619618235084, 673.0256429692787, 613.5411036370084]
truck [662.2957851242878, 444.6395418780596, 766.9719654255473, 549.6166540708226]
bicycle [491.97358725947754, 485.67473010544103, 508.5564281819234, 520.6520817135765]
bicycle [752.1334732664911, 493.4148633708225, 788.0995599737454, 537.2061988384238]
pedestrian [461.7344481591082, 484.2930158285272, 472.23904346293887, 512.4827411804494]
car [844.8028430546946, 493.7858742415231, 926.5678457623931, 519.7629962074724]
car [736.3342627111383, 485.16548110293473, 962.1631562970973, 641.751916613521]
car [920.4767265037484, 494.4741299536642, 994.5368065689073, 518.6000203597968]
car [943.3027289185235, 514.1347907911717, 1600.0, 900.0]
car [706.3638927468394, 501.73659961566966, 817.3290722842077, 576.2318256502863]
bicycle [515.6013610097872, 486.7325601778956, 529.9345369867729, 517.6802764545515]
car [277.39366971845516, 483.907649449284, 366.0696545073055, 512.9781004038966]
