car [997.3946535708387, 553.9343145950345, 1074.695074542085, 592.1772556542759]
car [1256.7499390919377, 561.1251793128399, 1388.2747510281697, 605.1131863969896]
car [961.2165713109524, 550.1396345968762, 1049.3433944813607, 593.334596285892]
car [883.7856395533199, 544.5068956023835, 949.5943076010822, 578.9531213070054]
car [904.8090953227206, 553.3476644708096, 979.65501110419, 588.1580363092353]
car [814.1014829315461, 543.7427397270791, 865.7297331971113, 572.8222722392654]
car [1170.3523159899207, 558.5388557533003, 1292.7463005979655, 610.986944236279]
car [1297.9701837792695, 563.6836414916, 1460.9226943551976, 624.1616683028828]
car [1537.8229739689407, 566.2374187744297, 1600.0, 622.6413392330757]
car [839.2444421014752, 549.1013768343181, 901.8385040578262, 580.8370677635004]
car [1480.5264663474175, 559.3457077483164, 1600.0, 628.8096647524341]
car [1350.1714848178326, 553.6750086591885, 1557.17217260118, 636.1083609867064]
car [778.63432747486, 539.8552480874189, 838.9670667281715, 575.3283349513576]
car [1128.9571623125773, 555.6229112406786, 1227.0210456192237, 595.238319247787]
car [1041.0919927556388, 540.5310892344268, 1174.748951083055, 606.7157663442464]
bicycle [1238.3081141865312, 554.7398786184549, 1344.5260135939131, 652.6010647148307]
