car [1291.6797108553105, 448.2316292454437, 1600.0, 566.5904491114253]
car [858.3965553868736, 486.6651917000728, 936.1565023391352, 532.6248948442451]
car [0.0, 539.6987945123343, 55.84480313092954, 731.9349397646962]
pedestrian [49.610488353505275, 476.4876193601817, 171.87080729926538, 649.2352916614702]
pedestrian [1445.4718195975454, 460.3572297988327, 1600.0, 662.4304447857146]
car [547.7217350675945, 489.54911475406317, 711.4590584173121, 542.9432989254435]
car [0.0, 515.9599343834398, 24.856433101270945, 565.0998614055477]
car [0.0, 516.4604912990621, 77.45671236984732, 563.7772552925413]
pedestrian [136.7606785728678, 503.402680558437, 180.02908213686493, 557.7909267019269]
car [66.72032998197989, 506.3001540283973, 182.89475758041095, 549.0699376176466]
car [1160.5556712970895, 478.7775317240201, 1425.1691470444891, 553.8694313616373]
car [5.937958353590598, 514.1833251003518, 131.08111710988206, 557.590295359567]
pedestrian [440.83271191534817, 485.35679778293127, 476.76831216933215, 554.7426073716468]
car [118.37484771265397, 491.14947162003875, 328.2391986346051, 580.2962988126196]
car [955.8001826506411, 480.3671943053986, 1046.0435799449986, 534.2578938365427]
car [347.3204769733074, 466.7111374888801, 449.9826686208471, 502.8351826207923]
car [281.8652410100435, 495.86274101279884, 536.1685768238149, 586.8578752726023]
car [0.0, 509.20212177137773, 94.56688880713106, 549.4832824977781]
car [1322.4107239557104, 443.9707937404676, 1600.0, 584.4073573317949]
