car [148.71445822419582, 540.8267926691378, 226.07416537363466, 581.7990813865407]
car [504.7239665630734, 539.4594207174299, 547.0862364691508, 571.4954424483223]
car [574.8477307973241, 541.567095963339, 641.2538727847824, 600.1584648939169]
car [299.3646125877893, 548.320126869886, 343.2451365566073, 572.1680243107496]
car [249.97534702569598, 545.4406739874786, 301.3972729710718, 573.7575307785547]
car [303.4047010059471, 534.9994867898364, 350.11003042160274, 567.9277831919213]
car [0.0, 550.8377183556693, 23.512688548947473, 598.4450756978941]
car [1223.0395474370084, 530.0791464136666, 1600.0, 636.3751060074512]
bicycle [818.2269563289908, 552.755884817743, 865.3823220524372, 598.1265364171325]
bicycle [841.1661147711538, 539.0568434558007, 885.867630465904, 581.7739202366594]
bicycle [851.6797735951931, 537.4700742909424, 897.9169577751295, 581.5388681056447]
bicycle [852.9697536767771, 538.9846241782238, 899.7008634748026, 583.5099907031408]
bicycle [846.1478384641931, 537.8566650616816, 891.8393168593187, 581.4650964618946]
car [281.26000181729336, 547.4898003037645, 322.33425382688205, 570.6077449724991]
car [368.6399940319777, 546.5241848487195, 398.5385082843694, 564.4284756221327]
bicycle [822.1608414443584, 552.8958781063917, 869.9909148416923, 598.8716502108302]
car [1042.1764570636865, 512.2830764394262, 1453.6717053287139, 679.1316213479452]
car [1491.7756203390957, 511.0754779832195, 1600.0, 732.1438963709813]
car [311.32841622168314, 544.436789584525, 358.2257629267651, 570.9765679234848]
car [81.52921529647755, 538.3047442601586, 173.08313023540313, 583.6017873234549]
bicycle [843.9547618322549, 537.8594236457405, 889.1384864234312, 581.0069693137676]
bicycle [838.559285695814, 539.0690373561296, 882.7932229499974, 581.3668375364241]
car [211.60248934249483, 543.5262193726288, 283.4703205270381, 580.1625274303491]
bicycle [855.596684613458, 538.9804856816895, 902.8486705416383, 583.972655264977]
car [638.3386442914696, 544.7746292793702, 672.5036844759685, 570.9317080530732]
