car [702.8632629777006, 537.3817482295714, 829.9225739263447, 609.9495536158048]
car [182.37744788196994, 496.64819472482253, 467.05670058156136, 676.8053264636999]
truck [479.81316904178357, 502.9557371083812, 537.0920742574756, 558.5374925744842]
other_vehicle [653.5779383855173, 482.1917376576373, 747.1622301609399, 575.0425884255184]
car [553.9203997514895, 530.419661891032, 580.8012861416099, 553.3195449279739]
car [518.7661258472739, 527.4409713312276, 566.9917893121501, 565.7550611444447]
car [962.7533117516281, 555.0111142561587, 1600.0, 900.0]
car [679.0967680713055, 537.0234653547069, 749.1461812850657, 583.9326573985828]
car [790.2344494190492, 546.9847065962856, 1112.1057705916712, 731.5841996068924]
motorcycle [743.7334772479314, 540.6896282190966, 876.1447053493905, 620.1578842225507]
bus [639.2627438244604, 499.7267058591473, 697.0581751860639, 556.2972876408822]
