car [862.391938434229, 554.6172147648297, 889.6075704311668, 575.2043325130313]
car [1002.1155755350698, 543.8682797673266, 1046.0231644205392, 578.8845452489279]
other_vehicle [988.5572946303415, 526.2994470471355, 1032.3615980884533, 572.513472828474]
car [1065.8705977778855, 554.7388004986421, 1188.4457731512298, 640.1204297808425]
car [137.00752496698829, 552.6511365133924, 379.62289714915784, 639.0591247449928]
car [1013.5601879157763, 542.546636790733, 1056.3562863704199, 583.7203779232198]
car [1130.5293325110522, 527.2529796421098, 1416.382517298864, 716.1778216750924]
car [0.0, 526.5333616992122, 253.012566414086, 689.3530431847176]
car [876.8993079436518, 550.826770533701, 924.4576422440196, 592.346458154536]
car [411.93945714693507, 564.0210353234714, 497.7220547434916, 599.7627391295365]
car [542.7562195181611, 546.9399909788135, 643.5691560423338, 603.2018588107375]
car [531.0276822253601, 545.3118365232807, 606.0674561335178, 590.6128756431407]
car [0.0, 544.566188569094, 80.57919608639388, 667.2006805551832]
car [542.2469439932073, 558.9766959051643, 794.948121380118, 731.9449030580846]
other_vehicle [1029.560481424191, 461.6059795669501, 1166.8271860601367, 618.4944466437943]
car [476.48199349194834, 563.7524281127825, 542.9988661442942, 592.9720054362124]
car [40.781113794918184, 558.9718857264132, 506.5614967958706, 756.049017792095]
car [534.1311631487323, 547.3723995839956, 622.5988539943006, 591.4522263535536]
car [1027.5417324506825, 552.90710517063, 1089.695965753287, 597.9842729285558]
car [685.9023774894952, 547.7564265339669, 735.6589215056191, 582.0544585278038]
car [645.1079427754665, 550.5466772799305, 695.0218394770969, 580.6734460454896]
car [336.1684028705138, 556.1459584085142, 450.12445449814425, 611.0697836423011]
car [338.6059907274217, 552.9008951386472, 452.74293311268985, 604.4490482779246]
car [1278.1600815286527, 568.4479050623426, 1600.0, 900.0]
