car [588.8105095474308, 757.3105223299274, 831.4843303339094, 900.0]
other_vehicle [1150.9992896656104, 675.2141086848418, 1357.4149498747051, 893.9481955953559]
other_vehicle [1122.3134697794935, 714.7184077796618, 1289.9884327430648, 878.1025938327616]
car [1410.2985289431722, 712.3123476770679, 1600.0, 900.0]
car [933.7138419460102, 749.4068789417352, 1072.0816667394492, 888.4872064731288]
car [1269.070264440418, 811.3942155853285, 1537.1990855704305, 900.0]
car [380.4847737094996, 772.7339448993392, 599.312084312459, 900.0]
car [1329.064062113595, 808.3954509896946, 1600.0, 900.0]
car [1557.4885289218162, 823.957944302763, 1600.0, 900.0]
other_vehicle [1199.270886875051, 672.7681247624291, 1453.6470616188583, 900.0]
