car [1246.2654959975023, 560.3182567123353, 1313.90818370122, 591.2144438972356]
car [633.1289929218051, 551.0903067539418, 797.3902809014028, 618.4834389053037]
car [221.3523886787451, 575.91097178322, 413.5621247017447, 636.9072934238642]
car [1094.9595512000717, 537.5822155103092, 1226.3199116662126, 599.0753362201187]
car [764.4910303447103, 546.4810109375132, 911.3168934132597, 610.0471665446124]
other_vehicle [1343.6422011024697, 539.0804072534264, 1447.6155730334872, 587.5215984787332]
car [451.84532340490256, 574.3523700654581, 623.9035889024909, 626.1829484005203]
car [1298.2261543117718, 558.80043652034, 1382.1981028551706, 590.9763900812594]
car [0.0, 601.6460543426999, 496.4076300360359, 900.0]
car [0.0, 563.3612845713329, 151.2619512667518, 647.942234640128]
car [1008.5475917469697, 561.0033879214926, 1125.3905996984877, 603.914117862242]
car [1182.1627994507833, 556.1174925586066, 1286.9830558953618, 595.3181362058123]
car [920.4571199748183, 571.5246087310827, 1024.9467716808504, 608.4802463326412]
