car [948.9714986809925, 509.3645080796905, 999.1337247047707, 534.9751156870763]
car [800.2620242424906, 503.0942668944823, 903.1364608723513, 555.8498086079738]
other_vehicle [506.2861100632746, 474.23172355385884, 576.3086131903635, 539.3848469581723]
other_vehicle [537.7411473752092, 476.126815023875, 589.8097770795936, 528.731884381111]
other_vehicle [473.84773532316126, 459.58835024850924, 572.0069001468289, 551.7254915321694]
car [570.8633023890965, 487.94545679451875, 687.2794840155244, 593.1273474657925]
car [57.088963765411215, 376.3827225493298, 331.0491276907144, 687.4705135367733]
car [439.82051566492936, 490.47132862808377, 538.2372655442139, 566.3782867370819]
car [666.4009304148564, 503.955687739116, 705.911238263851, 532.7677717212719]
car [360.16507340540784, 484.61752571300417, 493.78982620572515, 596.1790713339198]
