bus [97.41015161154542, 490.0361377010033, 240.98989596335053, 555.4930990417223]
car [1286.210235560933, 551.8960733383152, 1347.8686152126904, 579.7858711666006]
car [427.6680511542535, 501.6575292161691, 644.9378232698585, 595.220432152639]
car [264.4551195828486, 494.7746783461121, 405.8018809253091, 559.6501318189352]
car [551.4413722274753, 504.72955859734293, 818.0469353363984, 600.0679923980914]
car [1259.9816136223599, 541.8944253593168, 1600.0, 655.2972950234836]
car [0.0, 509.94949410038504, 95.55934155996661, 552.5550631037576]
car [998.7064900896252, 527.3975326601798, 1344.8432725138248, 653.9572310601941]
car [1338.9544189226756, 533.1189015623968, 1600.0, 637.0394305549449]
car [263.0466678193518, 505.9872596527393, 1600.0, 900.0]
car [0.0, 512.0266680056965, 224.97787629268404, 742.7702475517401]
car [657.5872392639744, 503.9589712156166, 1086.242413664711, 679.1705774497443]
car [309.173697093147, 515.2327807066627, 445.57844749932036, 566.4591443116582]
car [1516.2353261520127, 558.4370208049555, 1600.0, 611.4261529739075]
bus [0.0, 467.81657400572817, 159.43990602050658, 549.6531494242626]
car [211.87434033365105, 518.3648993285311, 368.2153284360192, 569.585283400949]
