car [459.720373947325, 527.140550039765, 517.607241432447, 567.7211407398404]
car [763.2910783472377, 517.6084788201723, 851.1403751912839, 549.3772376401804]
bicycle [738.5772934949669, 520.7584835162551, 769.3495139771258, 547.8990030516431]
car [729.9540654552935, 521.6420234703187, 796.995103992225, 547.450915296721]
car [128.32676645131386, 531.7498716310849, 428.4235554883256, 713.4614420132459]
car [0.0, 548.2835254650962, 22.32519528044516, 582.2508261383119]
car [681.2638065829668, 528.1142769557562, 810.3698853975378, 591.3516562084878]
other_vehicle [851.418575664402, 320.4132634003541, 1162.051642241613, 711.4049356984773]
car [796.9512443412472, 478.64740601104245, 1124.5225559441806, 712.5599915282788]
car [447.75986748506415, 530.4062313131989, 482.0546183465921, 552.9403177461852]
car [325.1975759918132, 532.9205073898161, 370.7954290496192, 556.8740681015779]
car [601.325330932395, 527.5060319140889, 647.5704627356197, 549.2518260356143]
