car [517.9026209524834, 501.20954881991133, 779.3346556139372, 730.8389628229024]
car [244.213807315181, 531.7829522289418, 396.87008894353187, 581.8764011509138]
other_vehicle [284.1301298352913, 513.8011126441255, 364.56518674366447, 557.2519322662349]
car [177.36427325994399, 540.5183125916905, 244.65583536789944, 569.8296291968408]
car [823.0606265398761, 516.6945867151838, 880.0926407407131, 544.8754606171578]
car [466.6575708283096, 521.8398327353804, 561.1549351432049, 563.7216736786588]
car [211.70001353169414, 539.8144639632815, 273.05515001077055, 566.668011016248]
car [358.9683511611727, 534.3194086026668, 394.1306744934357, 552.9192864192567]
car [570.7184995341449, 520.0306911102425, 605.6809782150272, 549.0026568395199]
pedestrian [839.2948386516936, 510.5266686995925, 890.9345801848496, 587.5510563720895]
car [0.0, 505.8107287329251, 180.5966038200193, 721.6716984549959]
car [13.77209670504081, 537.1168902039624, 447.9224571427382, 769.0357334539385]
