car [409.18381335507524, 540.03092633343, 566.9424112478525, 604.6551115956481]
car [1583.516373289851, 580.8692342555157, 1600.0, 690.4076659041996]
car [236.63000881985587, 407.12553083538853, 1600.0, 900.0]
car [848.6268462429724, 548.6303595076627, 1142.3226318005534, 654.7849322875878]
car [420.41060613881234, 536.5471322439714, 551.9753448900949, 597.3485503624356]
truck [671.9762356408504, 511.2121629207235, 927.6734001154451, 622.5847116952805]
other_vehicle [1329.6887498454214, 485.2970621533247, 1600.0, 672.2170259638406]
car [280.614722911562, 541.553101694642, 402.88541641120383, 588.187945176628]
other_vehicle [148.87793711613543, 500.6733376772949, 326.6723860177401, 581.5898091231123]
truck [936.2898142268259, 506.67246685343645, 1230.1552509875116, 648.6471960174777]
