car [708.7061203349755, 504.6765232626961, 796.9153477885296, 568.6085336858313]
car [1147.088254773437, 432.4773735167863, 1600.0, 768.5136747349754]
car [978.5665986092785, 509.199525015873, 1061.3308577202029, 549.6321520950489]
car [582.2826342830602, 489.8810105201512, 611.1875854057034, 520.5476178483424]
car [589.990093377979, 504.63082836511074, 609.7677194601509, 522.1682901724455]
bicycle [6.339946917375955, 493.5600644331513, 136.83279206047447, 579.0648438325416]
car [869.9191842471798, 496.106676159563, 1497.2659581671346, 845.4183182320568]
car [742.8524750685287, 494.74478190141184, 797.0024463850086, 534.4497374116083]
bicycle [22.564280405385606, 491.3667199376919, 143.58913999883617, 573.466964320651]
car [903.2987604241554, 503.1321771820449, 979.4224797901906, 544.9577294106404]
bicycle [5.401213577686638, 491.04134876295205, 133.48986152256765, 576.9744505438143]
truck [656.6826482694287, 472.8415974874396, 714.035661223518, 535.5411937793253]
car [0.0, 457.0482027302954, 384.52063197657094, 833.340892392433]
car [585.5398267799119, 501.2927621343446, 684.6789108654847, 589.6539140925883]
