other_vehicle [1147.4283007080805, 635.413256620193, 1373.0088564976431, 859.7540603089476]
car [488.64807398493593, 758.0291595816482, 794.5882436899567, 900.0]
car [262.74908297062206, 759.8449630280712, 507.83678778983557, 900.0]
car [0.0, 707.0450535528678, 167.75237445163458, 900.0]
car [736.9485775886644, 757.6725202266174, 878.4853113009308, 866.9272215547048]
car [721.1356203638072, 740.8518832238263, 811.1495965416188, 810.5181005885615]
other_vehicle [1121.5704893876984, 686.8431900787151, 1243.1224831731818, 803.0293726022616]
car [1313.047510414685, 712.6406126070892, 1600.0, 900.0]
car [1279.0818574071043, 761.228619995879, 1539.4217933495522, 900.0]
truck [71.73147365740695, 688.6291640403741, 369.4860444298877, 827.4214663505975]
car [1216.5283150598161, 759.4457324032669, 1387.8037321648471, 885.4188056720217]
car [1252.2510700388334, 761.4851238198016, 1446.3318226391016, 900.0]
