other_vehicle [1205.3345202622754, 594.4254697640405, 1491.1368111425081, 893.2807498063247]
car [36.05804753713045, 766.1550955570856, 396.63174192974674, 900.0]
car [709.6607885152132, 746.9801889891512, 818.4520577088041, 830.4571328909698]
car [1322.3978527842696, 780.6290863512304, 1592.8958308718256, 900.0]
car [1504.9533379051486, 665.6296746329516, 1600.0, 900.0]
car [0.0, 760.0636943300428, 598.162600960812, 900.0]
other_vehicle [1332.9508516105918, 496.13295457130505, 1600.0, 900.0]
car [661.8482679484966, 761.8768552524283, 870.5652006274897, 900.0]
car [0.0, 777.2759723649009, 40.28653185342537, 850.7194376537725]
other_vehicle [1152.4358446212643, 682.6831691628479, 1277.742681579788, 811.6064779622764]
car [1280.5854762949803, 763.7760839433448, 1502.3190142585138, 900.0]
