car [1466.3803903860937, 556.9709138283629, 1600.0, 690.3379031070338]
car [1547.3781103571232, 550.4756437408302, 1600.0, 619.3180896610836]
car [909.8039980203521, 538.7798492175757, 1025.4513028215126, 588.8704054974091]
car [0.0, 341.83029877626484, 887.6359074906344, 900.0]
car [970.4069702828822, 536.126916574857, 1277.6359260821062, 666.8777757202686]
car [1058.5939702077753, 549.1602149365598, 1553.7113906122024, 811.4624450123383]
car [1224.4677177391525, 531.4652972601298, 1465.7128720476455, 645.0552764789003]
car [1353.7132715102668, 529.5418613061603, 1498.1785700461355, 599.1473790956464]
car [0.0, 477.03982715417305, 453.31360469562753, 679.5303836220351]
car [428.2579577700445, 489.3555936388892, 902.1314841209872, 717.6986897874127]
car [687.7737392273757, 511.9481697031479, 981.3336292457585, 641.7689247490448]
car [1172.8864735955488, 531.4045354473537, 1358.2543758183326, 610.8712397886413]
car [1412.4161833046478, 539.4941194957032, 1595.488730232893, 622.3031492557733]
