car [1211.4264910346112, 556.0080955211574, 1366.839678164415, 607.7401141384194]
car [0.0, 464.8183258887405, 525.4675802476596, 860.8152577782605]
car [862.6290655396955, 554.4842191848883, 997.8421523207442, 605.1632623130783]
car [989.6520263696306, 546.8537429537554, 1127.377395353174, 601.0214542731451]
car [942.1417924905609, 553.3140050647789, 1112.8585478128978, 610.0881151894592]
car [1012.0618685620082, 549.3434827508989, 1193.5486601674525, 622.6152114421791]
car [1226.1824698189282, 538.777130462404, 1366.7285187259486, 591.7622557145413]
car [1357.9624154038402, 558.7513879834121, 1466.1481241960134, 597.5110906349656]
car [935.9740669319508, 550.1607916064269, 1051.8684647882524, 598.8228660344885]
car [1427.361659973894, 551.2845047411747, 1509.8540533909754, 585.9210474361867]
other_vehicle [1175.4817419795502, 525.6175535508771, 1317.7339215621682, 593.5825600519422]
car [1465.0169134138266, 549.5922230200633, 1540.5156369595663, 585.8738094198856]
car [0.0, 554.5434208279105, 458.88700387950144, 900.0]
car [1143.7921641367573, 552.0847574063156, 1251.0842586074818, 596.10126639782]
car [1253.7841768319142, 544.8493570005759, 1396.9630878403807, 597.7308374383842]
