bicycle [791.4533714538435, 528.6383406962249, 818.2050493288422, 562.4759701916543]
car [575.5595138035593, 522.5452248837873, 628.3415265275919, 569.1700549211997]
truck [292.3119808695615, 513.2331279289909, 368.21984485864766, 566.9349108128864]
car [687.7026607803053, 530.0720538191767, 771.0424853792365, 587.9761802490337]
car [0.0, 506.303416986363, 63.88099486558865, 626.4773537296825]
bicycle [914.4540007264765, 521.1579592081159, 950.7390468471028, 563.9916433712871]
bicycle [891.1218345665744, 538.0644540358714, 963.6494602520498, 593.3520424327477]
bicycle [951.6891243594655, 516.3212091062472, 1029.0914353163423, 570.9036034785701]
bicycle [930.5757428320667, 517.4042258539084, 1005.0089968370879, 569.8759262108214]
bicycle [942.8098714379529, 516.7793909434002, 1018.942547340663, 570.4588873229238]
bicycle [884.4951261815895, 521.4233745627045, 919.7608794025533, 564.7810501314012]
car [279.5379393036765, 525.4659858951787, 338.487996651483, 561.7177470953125]
car [648.1371843580889, 528.9188566643797, 688.5239077429623, 557.9715514477322]
bicycle [810.4310531143803, 540.0827395852824, 840.3982216235918, 565.8385015121734]
car [220.9722367191663, 543.828025745786, 276.97600376103946, 568.4627370801583]
car [372.30113504479635, 535.6801565809019, 416.5949763296957, 561.4588252617292]
bicycle [924.8488284993869, 517.7413201919734, 998.1444214420898, 569.4023670005944]
car [0.0, 540.19337929735, 360.12824066117724, 867.5353630518479]
bicycle [956.7091475337211, 516.057978869557, 1034.8615180674717, 571.1741283327281]
car [638.1556901414335, 527.0954163454722, 673.0551918758232, 552.8372114135234]
bicycle [903.2163787945522, 523.5791534008913, 937.4914983779364, 561.4694799536101]
bicycle [911.4724817642854, 518.4370387562155, 982.8143704830557, 568.7098872470444]
car [1565.5516051181467, 476.9088994150488, 1600.0, 613.8007690131311]
car [164.92441688399092, 540.8322417444853, 235.284270065668, 574.5946566593158]
bicycle [935.9688990990486, 517.1248294735693, 1011.1815863461823, 570.1506393650292]
bicycle [914.673339477585, 518.2064787491071, 986.9743669870373, 569.1639375494092]
car [426.75552848805415, 521.6611319310066, 488.00711437087216, 564.4665859601171]
bicycle [894.0238187591391, 523.1804412575508, 929.5066701156018, 563.3379113381077]
car [0.0, 532.2718093585603, 122.54640413473675, 589.8274040298768]
bicycle [886.22655702566, 477.6785339808882, 910.0466762811194, 514.1616205760868]
car [262.63817158822263, 543.0800685423142, 306.4358718205925, 564.268524165921]
bicycle [877.2245932568242, 522.2698497980304, 911.2286077806111, 562.5256153078818]
car [88.28192645543399, 539.1984148427645, 186.79398131135056, 581.6113178122196]
