other_vehicle [860.0390540948339, 340.6540960414213, 1217.7945811185416, 759.5405473872909]
car [241.19921732273014, 550.0567201277931, 297.1345276221213, 576.6625653347796]
car [0.0, 551.4508413681835, 8.50753815204094, 600.5320883793338]
car [522.5442853660913, 542.0089303149344, 579.9291096988816, 585.9568820154083]
other_vehicle [677.0823614675951, 505.3310425656358, 746.3965263890135, 581.1608631980531]
car [625.201166019913, 541.6162012144075, 643.9940594977109, 557.2563187111134]
other_vehicle [714.0588202325833, 395.6942988291185, 1001.3921085370212, 685.6319718452364]
other_vehicle [667.0986835580358, 526.9043436424149, 701.7891011573957, 567.1307953172053]
car [697.8942182235869, 545.8336749098868, 758.9070077315336, 589.6943193928843]
car [559.5994430286452, 541.7439349163781, 582.2964932262282, 558.634567293652]
car [149.13204373366852, 551.6488136477741, 225.09974297347486, 584.5873284290849]
