car [769.1439733930042, 765.7389923359308, 896.0151768337316, 874.6113217787583]
car [1271.6870374261587, 770.4319158045342, 1519.4085057367913, 900.0]
other_vehicle [0.0, 768.7651140237087, 171.7430992409934, 883.5510151905653]
car [1201.6270200798212, 784.9191501689855, 1369.2295597566276, 900.0]
car [1235.5149984682535, 749.6258214711091, 1440.137056609499, 900.0]
car [490.9420938582855, 751.2607198753215, 791.4973851003889, 900.0]
car [1323.2344606465908, 787.9230670529878, 1600.0, 900.0]
car [1432.9171948532255, 808.8239667688171, 1600.0, 900.0]
car [1178.184124868224, 781.2480063610267, 1292.9795504903827, 890.097933061902]
car [986.4632467431157, 778.1631478423897, 1083.7795162665552, 867.171852032747]
