car [609.0679040647148, 518.1435603990901, 644.8875114354122, 553.8802585719314]
car [712.6791946730722, 509.3208834344123, 819.1366428384409, 591.5714309816739]
car [1316.40959402778, 514.251096546942, 1600.0, 900.0]
car [687.3297578929418, 532.3335075363229, 745.4264635696724, 571.6018162734733]
other_vehicle [656.6957700253479, 510.10750894816437, 696.520118669528, 549.1075462751265]
other_vehicle [673.0624642764549, 501.11785895780923, 730.0865806622365, 563.9104769158591]
car [698.4993095379505, 531.3300591217028, 767.8372923237988, 578.766042453189]
car [0.0, 548.5201170689601, 66.24578893731508, 593.2827820714715]
car [733.3499765412486, 531.0437125044007, 900.5851781566016, 626.0852899108199]
car [458.27089068615817, 524.9655094391366, 518.9488337349698, 564.3816093419005]
other_vehicle [663.1591364926954, 500.9008752128627, 711.3460723996418, 552.4140484379022]
car [517.2704668224991, 520.7377064473386, 582.4564264244524, 575.912002607966]
other_vehicle [799.5558367494278, 183.08210732309303, 1600.0, 853.398358369537]
