other_vehicle [534.7395452837674, 479.8774234629125, 577.8013061775686, 530.9613323906173]
car [507.9728521279339, 499.6000431915782, 560.3809726828143, 544.8410240627904]
car [722.7736577553709, 507.4343758087897, 775.3123235488013, 540.2663274642434]
other_vehicle [0.0, 179.02330757977523, 212.55532981624924, 856.2505156211288]
car [577.4747379452695, 498.9440907066491, 655.8304180629369, 578.5894816702047]
car [431.7041951436336, 500.62031236160794, 528.7994034126573, 574.2371527375568]
other_vehicle [451.1862849083102, 463.72162119609, 552.0979179203916, 557.717862288016]
car [656.4051246489304, 507.35460644279965, 696.1819583859251, 536.1226416006664]
car [386.02154137627946, 500.4897880058492, 506.6264927193083, 598.6137494186339]
car [539.8277676541546, 500.83133656574654, 572.7592382614303, 532.6192138548612]
car [265.1290663616562, 511.6407844040389, 471.90470657454966, 639.6651727924751]
car [0.0, 499.5322616131557, 384.36584430416036, 803.0370634338402]
car [955.3715310023521, 516.9893794813061, 1226.6648572370323, 633.9273187016277]
