car [1045.8420996919237, 516.3753559979414, 1090.6501870612342, 544.8250518099679]
car [377.9942016748775, 513.4647885146821, 446.5545840110517, 538.5158464517104]
car [0.0, 500.0916936640528, 152.66494461051136, 586.1917297173517]
car [1101.742490495331, 522.5660954326557, 1156.0854315715417, 551.6311035998284]
car [135.4739367098419, 474.9182674025692, 442.7145801951627, 613.0251661908699]
car [841.9526550228222, 518.0010535223726, 872.200990441677, 540.2383866195001]
car [1570.3680769076673, 500.10130247545726, 1600.0, 618.7574265104462]
car [762.2912734199108, 519.4965712871057, 797.8346643084678, 541.8100727916831]
bicycle [120.17736461460099, 521.6513174409234, 142.0018024665848, 540.5147410987304]
car [395.2467384563224, 505.7229419827634, 508.4972012646152, 548.2114716012042]
car [1013.2961509411166, 521.3190804106189, 1043.7835232972207, 538.8205729289895]
car [1265.035887208842, 520.0466214676153, 1397.9250327643012, 576.7136621504136]
car [723.8215435755131, 513.4962645902585, 777.9665358332533, 541.4489776325537]
car [496.46027901059074, 516.7440888493448, 621.807266531628, 551.5425886690967]
car [798.5061513698818, 519.5340029366446, 832.3970960411604, 540.1375926718937]
car [907.0325421555376, 507.9464911850747, 1600.0, 846.2189867225172]
