bicycle [52.48786772930356, 545.1469595321754, 178.74350858544943, 632.1250366003221]
bicycle [1325.2649822355252, 470.23916901080406, 1600.0, 661.6012096257077]
bicycle [1439.0374981215282, 539.8358746620175, 1600.0, 764.6935195169405]
car [132.70501968144856, 488.4845194188594, 359.11721766717375, 581.6917387062384]
bicycle [154.5493997359957, 536.060721337178, 264.5401910262211, 612.2208868515049]
bicycle [261.36316704264925, 526.667372620695, 355.10671753845946, 591.9286761437038]
bicycle [277.87514757836794, 525.2990109195559, 369.52568709071477, 589.1577839835425]
bicycle [199.10890573795143, 531.9984469579886, 301.60710959421016, 603.1280191692821]
bicycle [1406.066038811814, 467.0840147230268, 1600.0, 647.9400320063256]
bicycle [1241.5565728758047, 475.88087896585165, 1495.5742430184612, 663.1078221573821]
bicycle [304.8734214320966, 523.1103953676655, 393.3431705280698, 584.8398624061628]
bicycle [838.3071305649969, 499.020863907526, 1042.032573650863, 638.0691850167871]
bicycle [1006.1026153492219, 489.23811660446034, 1234.4912334761952, 633.2386032047402]
truck [0.0, 349.2666274081599, 48.67598291393795, 715.9479385680377]
bicycle [299.87951659989244, 561.4928576886914, 388.22355722797334, 639.5163019446179]
bicycle [239.92514412739487, 528.2858017020191, 335.6369932773704, 594.8413999535827]
bicycle [20.564253245682565, 548.109993607859, 152.5358070478626, 638.8839626851437]
bicycle [114.26643651503936, 539.577055744185, 230.3153101218403, 619.7690616636237]
bicycle [963.0207802586779, 491.8475312585325, 1184.764136581428, 634.8709428664856]
bicycle [226.38769238578226, 529.5326721776597, 324.4206249642514, 597.6564111562491]
bicycle [211.6861341547321, 530.8421982639148, 312.030935060262, 600.52091474016]
bicycle [317.45574845080466, 540.6006055390128, 441.62824169973715, 628.5119950814321]
bicycle [289.0020914352374, 524.347288921292, 379.10359472558645, 587.1625700309462]
bicycle [81.94097406685414, 542.4416059028099, 203.0800051476651, 626.015867656462]
bicycle [885.1581632514296, 496.1802590370307, 1094.7707811128828, 635.963366368802]
bicycle [702.3307077677835, 507.10012155476744, 888.2064797755872, 643.199357341171]
car [0.0, 507.748291699773, 234.30429512689443, 606.7732816639866]
bicycle [776.1926485092866, 502.815874146809, 972.4567214518654, 641.0800956886396]
bicycle [97.5045441069928, 541.0521399910688, 216.1406970761758, 622.9631409439905]
bicycle [1190.621532651538, 479.1982347553176, 1424.5629550301044, 662.6837717131438]
bicycle [1497.3410061990378, 533.8217194052157, 1600.0, 743.8369760849365]
bicycle [1377.204162118064, 468.2989414022048, 1600.0, 656.1014942517791]
bicycle [1444.4801690891884, 465.7407015165833, 1600.0, 638.8376180803249]
bicycle [926.006891007252, 493.95491918777935, 1141.3602026610913, 635.4719912360155]
bicycle [63.57961671447063, 544.1251017113082, 187.8914689148684, 629.8107653024598]
bicycle [183.48378310543453, 533.4309006132877, 288.64283778566266, 606.3503729618452]
bicycle [35.92903039435148, 546.6877619976624, 165.1654375064161, 635.6472664745413]
bicycle [1284.4585425654407, 472.9815939826835, 1555.026012360172, 662.7767996457961]
bicycle [168.99297128747614, 534.789040204816, 276.7668025923912, 609.4683897688293]
bicycle [1151.484183205515, 482.0136873242481, 1372.8534923504626, 664.6359119185116]
bicycle [128.2797063097105, 538.3312850518779, 242.1092338667204, 617.0448173282738]
bicycle [1576.0506393442222, 541.5221683226588, 1600.0, 733.2207554486913]
bicycle [140.65882041722514, 537.2813866440489, 252.7742952098706, 614.8585035509859]
