car [1057.0485669524012, 516.7132279134566, 1097.2249519412724, 548.0778693735284]
car [920.1878234679351, 474.6241319050453, 1016.5833814577883, 575.2867771263162]
car [534.7076410395792, 495.9896019536704, 809.1015142964493, 667.1635683292119]
car [1052.8337354818354, 512.0102600371262, 1149.6045623342557, 588.8391978113186]
car [901.6857364925478, 506.69623004344186, 1008.6059225417449, 605.1602333799982]
car [779.0251168949277, 517.6630078549475, 1160.4833986701287, 844.7625706290015]
car [840.2901889395667, 509.81081980703686, 905.349143076004, 561.6653825721743]
car [1245.0254862579498, 520.1025921735934, 1280.2467496401207, 542.0529810852222]
car [1164.4970460993288, 519.1614510860261, 1269.3314197704965, 586.2629836892368]
car [1004.082519737414, 515.0625522585541, 1041.12851576882, 547.7519368273386]
car [757.8235139501651, 521.8115368016809, 843.4694748517991, 589.95921418904]
