car [835.8080244492864, 746.3321505374092, 908.9734415108801, 802.0633228809052]
car [1207.5366194672542, 756.4741127289436, 1405.5794543459713, 900.0]
car [1320.6710953921836, 766.9738899804945, 1600.0, 900.0]
car [1108.1499890307516, 756.7742408740303, 1214.2217907204242, 829.5204153846374]
car [1166.0465140165297, 727.5076051905842, 1345.5770859434394, 876.4511637430375]
bus [915.8017624356148, 632.9101981010606, 1074.2546241505472, 833.4173727083223]
car [1554.844371536817, 769.2960744924068, 1600.0, 900.0]
other_vehicle [0.0, 725.8787760517023, 24.447604382966425, 855.8067224352959]
car [1087.8470373947393, 736.5603085206302, 1185.9777054112853, 824.0096544502732]
car [1415.8809354365706, 780.02375678474, 1600.0, 900.0]
