car [0.0, 508.59937261674986, 120.23931583477696, 692.6899497335152]
car [577.4627696403411, 495.9093408569946, 680.4233924125169, 596.7373270562263]
pedestrian [934.3313695161512, 491.23982776550423, 982.3956205589316, 571.3752307374112]
car [191.94709414564772, 525.0616510855309, 476.3921970313065, 691.673404308346]
car [229.79136514935865, 523.223771163546, 294.30642370886886, 552.7573890907695]
car [474.38987004317175, 517.2263552857341, 554.2084265618824, 553.3139748066131]
truck [0.0, 523.0794222755635, 42.995592167467066, 559.3471198291368]
car [1076.2602719522388, 493.35705578460556, 1172.4752175092788, 527.3945478244636]
car [302.1436101521277, 517.6998179518392, 428.6548611013999, 587.4655670600963]
car [881.2289632364898, 490.6694777538133, 1044.6390537806647, 551.48369188586]
car [551.0725183784853, 510.41620397224193, 745.9650201598641, 670.8478040815118]
car [1456.7135026107978, 478.77264887333354, 1600.0, 546.9645124169484]
car [313.3989425519266, 523.5200826731555, 361.05005273956715, 546.2002990860707]
car [1122.8577725337725, 482.9161002024653, 1342.6082528614402, 550.3001356220901]
car [265.5684359794376, 526.3209128492072, 333.00695494490066, 555.7796609131386]
other_vehicle [330.53805343308284, 503.9375639150795, 402.9968967402309, 553.5151070087102]
other_vehicle [353.5620129386454, 517.0333335873903, 407.3082413223703, 549.1072087204271]
car [1075.3970611671573, 497.88201736777415, 1272.193000238223, 554.7462930115763]
car [725.3448405661392, 508.0527368982118, 861.334879089488, 556.5405237170143]
car [400.4508435928593, 502.9164456651359, 527.2756913488186, 607.8314431254532]
