car [971.2607756442158, 502.5469773890065, 1042.9097342410962, 542.0628855035991]
car [1148.3926541560118, 515.9268027994291, 1277.4102670018997, 562.4493876334227]
car [939.25626539106, 506.64254131678706, 999.0473536636484, 537.7385938358813]
car [576.7179112639193, 508.60035260991475, 681.188297570707, 603.4654451741354]
car [959.7012743164861, 516.2518768963653, 1019.3026881571452, 544.5200099595796]
car [472.41285038385973, 494.035345312647, 554.287710694901, 563.0862598457027]
car [1360.4108202828002, 523.0121750533832, 1600.0, 604.9407100141271]
car [579.0751697703537, 501.7294824865904, 604.2942949772209, 523.118796983612]
car [0.0, 499.8627780182271, 379.51813100714594, 900.0]
car [1163.9514282247194, 537.5759856899293, 1568.4715052396725, 855.2964297162019]
car [980.2299758332183, 513.7624781916711, 1063.9444912150393, 550.7935525901732]
car [1015.2245972330211, 495.298834810682, 1123.0875656310157, 550.8966634498362]
car [252.88916103620244, 509.6473099599148, 467.0262301874946, 662.2209829363258]
