car [0.0, 726.8553194898899, 253.55562231251434, 900.0]
pedestrian [1472.2375694043606, 739.0857879524008, 1538.7239703027246, 879.7367594309364]
car [364.8062808912295, 727.9432651990311, 486.64272610475814, 810.5488790038596]
car [0.0, 738.6741651826304, 58.50593566538145, 847.8778365459698]
car [879.7073141725037, 745.4730577282606, 976.3516690865615, 816.1237318989894]
car [1122.8814140287118, 723.4741329589887, 1228.7491845290433, 818.7246391785038]
car [361.0971963551835, 698.1707223147594, 708.2746667080497, 900.0]
pedestrian [1517.897149855898, 719.133314116201, 1590.3345918880345, 855.3991482175752]
car [684.1513675475657, 714.3413533266231, 861.8212518452756, 867.8946284920117]
car [921.77112586447, 705.2363381882129, 1166.3115143805146, 900.0]
