car [0.0, 511.3341955169029, 13.540739956884202, 561.9291411295992]
car [0.0, 506.8970683094485, 150.050029892031, 585.2156460767447]
car [114.86473274101164, 514.0529053936345, 218.1460358670608, 552.3531574482521]
car [591.3674179134133, 508.91880200597416, 634.8441956915167, 528.7209857945435]
car [389.98637009187615, 510.827107075026, 457.84899306211224, 535.84392222485]
car [377.26988625839476, 503.08250936360935, 454.419815015038, 535.3297839286283]
car [248.40978596847444, 514.0252554334024, 332.4567875890156, 543.7616102403506]
bicycle [77.3879941952161, 519.1609507015846, 170.2880246172712, 589.0379404919969]
car [632.3323664592338, 502.9153822901043, 676.4956738232421, 521.3265276364089]
car [540.877072791251, 506.14703708530095, 593.9688936134967, 527.8839853001784]
car [248.5970533735765, 503.1309124030841, 368.7153748110949, 545.5462137635537]
car [475.2179123325829, 507.9471213870743, 540.1103587391782, 532.2121893876302]
