car [491.96722478269464, 501.072586203939, 553.0619952464596, 555.1091498282267]
car [513.3387616091828, 500.61086030378175, 564.2921193775562, 544.9953038516586]
car [405.59450578860043, 500.17403845811816, 457.72177665096575, 520.0786068047831]
car [962.7076573307917, 510.37988433243555, 1017.8174328204751, 535.7296767868842]
car [423.2794455104606, 502.36116792435, 472.9568572660833, 519.4186218654398]
car [734.0950021515455, 467.6329526033851, 863.0973473551769, 592.0806043706815]
car [1101.2690088359543, 514.3671180898197, 1201.5049470475885, 551.9038821252924]
car [537.6296462273078, 503.5968618155964, 574.7433194220408, 533.8575278273851]
car [671.8242556611874, 503.9829915465206, 693.409534865601, 521.9628770251423]
car [1176.34714980978, 510.73696164582674, 1313.1104123738883, 562.2831032595392]
other_vehicle [539.5318480173969, 479.4866130339939, 590.6866573080968, 531.8384583975416]
car [580.9491368993038, 492.571764915214, 675.141156705407, 587.3009360372383]
