car [1398.367947130971, 515.7878531932204, 1600.0, 587.5406065343707]
car [726.0929995519856, 480.97065887654526, 888.008211034974, 602.7878988751468]
car [553.8163007611201, 508.6873316033992, 660.3575369564868, 597.1936452633499]
car [1163.5978104652186, 518.0196405702987, 1273.0764001278974, 557.9197544479625]
car [1095.3928476011426, 512.3562146129694, 1183.8356560070836, 551.9030442630268]
car [1042.1841571247257, 512.9486768629528, 1121.030904637358, 547.6984082368737]
car [1259.8799980801182, 521.6794166498654, 1422.141253491264, 571.4630365392777]
car [659.3693171246891, 505.72960135661924, 707.7418129378983, 543.9591453441715]
car [1004.3408033393936, 515.8910834322261, 1069.8358862108257, 542.637924201216]
car [952.7110579535226, 508.6557912642807, 1015.4953380448818, 536.9117591029283]
car [805.1617618660487, 499.6234875195497, 917.4972992923618, 561.942167211549]
car [84.47234950770417, 489.8894119655963, 299.1220338077405, 558.8147125254567]
car [1241.0160929952006, 518.9275575542677, 1431.102814225203, 572.4303226533855]
car [282.20806069840756, 502.76452022180905, 398.0598581724887, 545.0102309741876]
car [694.785484685973, 501.6996388278467, 738.3804622553199, 535.9618629400927]
car [2.321700986028781, 488.36309899009416, 233.04706533942488, 565.5593204986626]
