other_vehicle [0.0, 485.28220111187954, 333.9491342927179, 623.6106190377008]
car [991.988184916814, 521.5790504259932, 1140.5581619390882, 592.7941762962741]
car [351.1430054441433, 477.0981114363992, 891.4924072087243, 733.2353121043878]
car [950.5409010785546, 522.2473690017957, 1148.7947447864524, 601.8410203555475]
bus [809.3523374744639, 508.62011981129297, 1051.1556374317183, 595.4496904611173]
car [1477.6377376231276, 546.0038176844913, 1558.5814793552001, 576.357781724274]
other_vehicle [1109.2505812907516, 515.5239334241573, 1254.7131729754178, 586.6635918482168]
car [1360.1385545246221, 541.9507239627815, 1463.4334427821718, 587.1898160584167]
other_vehicle [351.69528300750756, 495.3576708947049, 629.8219974062613, 610.1478080578291]
other_vehicle [1339.9256402711999, 529.2380464264004, 1433.4800954790753, 578.0396163171106]
car [1293.7116055080621, 538.43948125335, 1404.6858490707943, 581.3680248227187]
car [1230.637763453825, 543.9501697855975, 1318.929882794728, 581.3328009203102]
car [612.7188283418486, 540.2846027853783, 781.2607808792993, 601.819460812627]
