car [322.242858848121, 486.5403391464701, 430.36739067589247, 524.6267941477643]
car [1327.7727205144058, 527.9427378636201, 1470.6687990270032, 570.4782687143148]
car [667.368592527129, 505.21918670246134, 708.1852029812158, 536.3375699854871]
car [814.4612240751428, 506.9154622623946, 853.7052161655276, 528.4689999015378]
car [600.4033165049674, 502.30034404997434, 631.1734213374427, 526.7027045057166]
car [650.3553838000826, 511.23092150806184, 675.8500211284629, 532.9120328665566]
car [1406.6137120416374, 527.1984437032157, 1579.5816577541398, 577.2091855792559]
car [986.1441440788635, 457.4032466770451, 1600.0, 900.0]
car [906.6219808850278, 509.7886485091759, 965.5169127110713, 537.9494490329664]
pedestrian [455.90864527523513, 491.360290180744, 475.4381782633179, 528.9781600471415]
car [964.4278959791011, 507.17681586909663, 1092.98670135424, 565.3628051199017]
car [572.5969004365757, 501.254834785292, 596.8846560218883, 519.2516339363217]
car [180.04894435213362, 476.3449241469628, 295.89756108358836, 519.1654015982446]
car [839.8829537221851, 505.7089690698331, 960.2500212723621, 575.2500027789596]
pedestrian [475.04629208604666, 495.0881492588783, 498.0945591016943, 534.2280043773942]
car [1238.3493986748158, 528.5420556176234, 1367.417771508962, 566.0435490583315]
car [560.9112864869185, 504.74900669377934, 661.6370995771456, 587.9859283443717]
car [702.4219893881857, 506.46382828972605, 741.1333737195929, 531.7111510167707]
car [722.6019419556126, 511.865347747884, 845.9295300593282, 590.9905250702153]
car [278.58382993946975, 488.588663676398, 380.99448936442553, 527.3142671356089]
car [1493.3854530780152, 528.9250438859061, 1600.0, 576.8822410188601]
car [734.1985766194884, 503.98880978579473, 780.5321243263869, 539.8678190023855]
