car [1241.0276071614485, 713.4888778531025, 1503.7099727982968, 900.0]
car [1279.074522990631, 687.4536173364412, 1592.4636540817771, 900.0]
car [1215.5048051070085, 760.593885219144, 1426.0584766546085, 897.5062983139248]
car [52.723349321737224, 764.8453739736724, 291.12559439146287, 891.3684069611047]
car [1190.1399013891667, 752.1026219817579, 1365.6427839620533, 878.6175808380726]
car [816.9113251520182, 771.4663254883505, 910.3994498295789, 843.3389070682995]
car [1148.2097569837283, 752.3028824809106, 1282.9333530423153, 856.9370446417481]
car [0.0, 778.3245695902264, 227.56866093979895, 900.0]
car [1112.3101056844948, 749.5384341192744, 1238.8099404814932, 846.9106043738855]
car [1166.2169482551371, 739.1346106238259, 1326.6402067540148, 867.6644460635843]
car [695.8647897540203, 765.58511983262, 858.971435195645, 884.7197365306911]
bus [1324.2855992519762, 298.1269569573011, 1600.0, 900.0]
car [456.28583166790906, 765.9396951460725, 768.374225019452, 900.0]
car [365.31264475761293, 741.6356914028477, 577.0025467195696, 884.2925946926799]
