car [1204.6209639546094, 557.6780145572399, 1301.1702045801655, 588.7361070176973]
other_vehicle [825.1260888804119, 504.0308307170226, 1025.3679035329847, 594.5066261763292]
car [220.4484640610875, 543.0438462182441, 445.8289379234258, 610.5422447601812]
other_vehicle [470.97545961022615, 505.04337684905283, 685.9146726090129, 605.1751181793378]
car [1348.366122657535, 555.0236137362156, 1413.5591567026736, 583.6827259271471]
car [1008.7921656470444, 558.1430737259992, 1107.1192399572694, 591.0372228075125]
bus [1148.5148935857787, 526.022054991577, 1315.5049888864762, 586.8785375577862]
car [1411.1302891367873, 536.6178052379488, 1599.9295791545574, 628.3153519931183]
car [567.2261738375872, 539.9731246892267, 830.3297381693982, 632.2263415348085]
car [0.0, 553.6709111348605, 174.20076643506908, 620.5294042837626]
car [433.99742986695276, 541.0608771157439, 643.7394558556213, 614.2356179350304]
car [1074.5941183163807, 543.2467798923768, 1178.4230990325175, 587.5103341336794]
other_vehicle [1274.317144823046, 526.9816480726855, 1380.7630592971989, 584.6504124177916]
car [700.6810700170544, 554.5918136841457, 832.9598433255037, 599.7294610257868]
