car [813.2562497017183, 710.4099466145466, 1033.198813733213, 900.0]
car [0.0, 685.012171777882, 185.5565404027135, 900.0]
car [254.16033389742933, 719.766510922674, 500.77355640200057, 895.6386172316853]
car [719.7599248145076, 743.2614132934646, 820.5195579092277, 819.065941070777]
car [569.2998527361345, 723.4178807372962, 748.399962989417, 880.8109978745188]
car [509.92328700730565, 742.756301510268, 615.2702232112208, 827.2444317788617]
car [0.0, 722.8761903074652, 243.97161431342164, 900.0]
car [1201.6139769187275, 748.9784368869263, 1391.3447614473048, 827.7494070211278]
car [1357.7688038408019, 443.6757019906165, 1600.0, 900.0]
car [112.97269368190146, 748.764906145182, 226.21161750910377, 821.5148450865232]
car [1080.4445954633777, 714.3119943524383, 1310.0542053997428, 872.7239320307427]
