car [996.6906647054952, 695.6020091328245, 1149.949435283388, 796.0719011312883]
car [1263.1753256736044, 655.8385230107697, 1600.0, 900.0]
car [1465.8935570612782, 578.4130234831334, 1600.0, 900.0]
car [833.5049009763801, 689.3706797007933, 954.6592877970759, 790.8041427717968]
car [1132.9363394927075, 640.3777521458014, 1380.1737422722558, 845.0187221590228]
other_vehicle [978.3229800564012, 621.9673067390441, 1096.1631467474447, 758.05128162056]
car [366.18733323373203, 688.943989116646, 547.0031539219419, 829.6703669100601]
car [0.0, 700.3914207117514, 489.83735400383216, 900.0]
car [690.0430120505911, 701.6738848947119, 804.2774433022676, 781.3233250804573]
car [456.97196567285664, 680.722919814507, 553.7433898195345, 750.1484940882182]
car [542.1339583997445, 687.5884731688271, 657.6575013258773, 776.4506817975816]
other_vehicle [1148.2827568200062, 460.6671631259907, 1600.0, 900.0]
