car [498.61857600589, 529.6002385565732, 538.1395391383711, 558.1345762650456]
pedestrian [840.0003520615358, 527.2658122338036, 859.2073976234576, 558.0623707216935]
car [180.20141664383434, 521.3531363745382, 310.3158078017846, 570.014837178726]
bicycle [328.25432616904016, 530.8962348408023, 396.7513959066246, 636.1153888594572]
car [595.9366110906211, 530.7003547410685, 715.0878795565881, 634.097203289589]
pedestrian [422.9650640985375, 525.7057634170046, 441.6774310842952, 557.0194734827174]
car [950.8802835996546, 523.3634622686358, 1068.5868337506588, 562.7341106642126]
pedestrian [850.4570775603651, 528.6808553649882, 869.0959068099089, 559.0833621356071]
car [64.9577943292772, 521.1127677621598, 256.0851894206917, 581.1683842559496]
car [155.5956178899952, 528.3287409418009, 313.9784679095147, 574.7491585151336]
car [0.0, 524.0941868880826, 112.38697725931785, 569.8663204576254]
car [0.0, 517.230608417808, 60.97251166384976, 570.8173938807918]
car [1197.6319856465075, 530.815001138009, 1328.5189382948479, 564.6378283216354]
car [1066.1187084097573, 538.765220137825, 1157.301522996279, 565.8841612707386]
car [994.8823777887034, 527.4221047889414, 1121.3600483822859, 565.0143279727739]
car [915.2429799576728, 535.0377878029732, 1008.8495767097249, 562.9517700312712]
pedestrian [458.4830392890479, 528.6059467466172, 477.033666119892, 557.1755022434535]
