car [524.5671274034022, 747.8845538111075, 679.455880694458, 865.7870354711027]
car [134.03964224395872, 759.4264359165039, 363.107436060723, 900.0]
car [1239.1838101072453, 748.1177831275495, 1432.2990730936745, 900.0]
car [0.0, 764.4618059974862, 14.574287283553685, 900.0]
car [1192.5559811424016, 776.4828173009785, 1323.0835275544146, 885.9527217993193]
car [700.7478074310297, 764.1156403629838, 853.9724676819391, 886.305323061503]
car [1367.4434829995696, 707.278715410522, 1600.0, 900.0]
car [1252.9949084459718, 785.1501370675156, 1490.7118603896129, 900.0]
car [1304.6352404055392, 734.6203525299472, 1600.0, 900.0]
car [758.8963007188707, 772.9415564681084, 897.6923581143944, 874.8533381800931]
car [402.72274718527945, 768.330560422793, 607.036447924085, 900.0]
car [0.0, 738.0398025164882, 238.6196145097454, 900.0]
car [266.256086296821, 775.876036717213, 434.3008445900475, 881.8076996209221]
bus [1381.0922607263349, 225.0867933194188, 1600.0, 900.0]
