car [0.0, 531.6843410336749, 333.9857894807262, 900.0]
car [561.2245055533368, 491.06845466402046, 649.8639349464568, 575.2372676734404]
car [690.4270674064713, 470.3840988966128, 808.6213595729163, 571.4041139797944]
car [628.245229784981, 499.32203717236456, 656.8272766494914, 523.9061453959874]
car [442.35877384853916, 487.44507832565824, 533.3886223495357, 566.3452021817524]
car [221.36960665803838, 510.5196773143691, 461.9871095289954, 666.7248065672156]
car [874.5781726754701, 501.25827289642285, 926.7864503525093, 525.1767071240533]
car [646.2725267964847, 494.4421586455025, 689.677586873334, 530.9487749343189]
car [774.2631085024412, 502.33006022943414, 813.36771398959, 526.0360268239258]
car [1069.5925910188937, 509.7049076219033, 1156.1587414074277, 542.4256285544802]
car [1289.5553673448683, 505.0460240214264, 1600.0, 728.4047034546144]
car [803.8474787242027, 487.35468297487915, 917.7900315450778, 555.8576296644019]
car [1025.6064911143144, 506.1449239976741, 1091.3625439491154, 536.5593841600761]
pedestrian [415.43109447032884, 499.67176838360376, 432.8024057483254, 539.43633021005]
car [394.92210510515815, 509.12714948271844, 504.6452939298977, 586.3392172356588]
car [981.3614547252569, 505.2646701466317, 1043.0855347817796, 533.7023947468416]
car [1119.787309412463, 510.5764752997262, 1217.672800031997, 546.5566695105309]
car [910.4915795586827, 506.9058716071885, 975.9115342248674, 525.1733339183218]
