car [0.0, 521.4266872194431, 221.40710718986398, 761.8738110019651]
pedestrian [429.4929942351042, 516.1557961724274, 450.1737426221457, 552.636485920691]
car [1202.2236504266418, 536.8126918987191, 1270.491867025409, 565.9195422095902]
car [409.26629772203603, 516.7687479104106, 779.359979211686, 663.8531508245578]
car [0.0, 500.1353772211974, 125.29275534054936, 621.4319724565067]
car [647.7625810948471, 527.5872015655821, 1396.6633340792766, 854.8191137910596]
car [57.95386213705639, 521.0416446086396, 1205.2015469715868, 900.0]
truck [29.26974144727436, 461.83719729340095, 377.5958387220696, 621.1183414894882]
car [41.01369794504123, 508.52622907889236, 416.1681695465092, 675.3481598406992]
car [943.5746798482147, 523.5030598877318, 1595.6446486005939, 769.0050792146112]
