car [490.4122328039454, 523.7410947209607, 593.6840566639181, 614.7211145559611]
car [708.2242095927257, 524.0623445600118, 754.6912747781629, 559.2108056598701]
pedestrian [488.99554002512446, 523.7900176395501, 519.7766807210247, 572.445722509204]
car [471.81497181955893, 532.4670296215594, 636.0209941061212, 666.6142070980787]
car [731.4929522194653, 529.0690254406917, 790.054568248023, 568.4167726021474]
car [653.4400727812591, 528.0774024085749, 686.152014559916, 550.5052571413224]
car [685.2809349705831, 525.2816948029415, 726.2168625762966, 553.3657745225051]
car [599.1381837870198, 516.7865055184402, 632.3778226613559, 546.1794880505945]
car [633.8597293585367, 518.8783038331183, 668.1634001468603, 546.4014089071214]
pedestrian [336.9454511294281, 522.8028284452357, 362.93956552353853, 564.3829366906513]
car [663.4683464253723, 525.346036581101, 697.3527076519849, 549.2203844933372]
