car [327.0242284969397, 547.5523267306435, 397.85806884614595, 588.720728621703]
other_vehicle [1144.9661477983418, 501.9854953955189, 1284.0632338522255, 569.554271482383]
car [179.84948356725317, 554.1609304816924, 245.68908501079835, 600.1564438842324]
car [0.0, 527.0186862240439, 419.78237769180413, 804.9543879419643]
other_vehicle [1016.0275589977108, 504.5726935549809, 1162.3545694355928, 573.6734755606838]
bus [0.0, 475.27127317518205, 173.49182730264573, 628.5505555635281]
car [1343.8995518350348, 513.0203527615885, 1600.0, 744.8045806625006]
car [221.8206363676534, 551.9920181177305, 415.1752869452662, 622.6143899098164]
car [777.9199653743495, 528.5131413934781, 869.3558763022138, 565.0831980714471]
other_vehicle [898.9000524630274, 503.47689763150436, 1043.2016368053505, 580.2925116074633]
