car [982.8201038793503, 497.6897715497849, 1037.004031748847, 523.7541440157033]
car [492.37332307625934, 498.4362082075563, 556.405342002959, 543.8808341830375]
car [660.7368055551246, 488.0999985157948, 697.7075321026941, 521.409480345203]
car [768.5906842954488, 497.37126883407075, 845.5317182643374, 539.4588046412936]
car [1290.8085813609152, 498.1314472990815, 1600.0, 739.8324066520506]
car [920.0481694948336, 492.2185935902474, 1044.4239651880027, 549.8851390620563]
car [1241.4557885661545, 491.49599456596104, 1401.8396942505901, 545.6940858126054]
car [428.6557556142239, 456.95600962411993, 742.3840504406048, 709.6559100743785]
car [1153.2135237661662, 499.2222500990541, 1272.706327166326, 537.2434214013077]
bicycle [472.5546402174895, 500.73091306287773, 486.51543577079184, 534.2336554140683]
car [713.1621265900561, 486.291326951923, 832.101802914724, 574.555861875699]
car [1428.933411521245, 494.78761041872207, 1600.0, 564.0989231054693]
pedestrian [1060.8015814258604, 496.08737150628997, 1079.8968403412678, 523.1939645139639]
