car [826.2595551174835, 531.1970476681718, 918.978936624705, 592.5236666200699]
truck [1324.2514889917566, 55.33924824326918, 1600.0, 838.8701893983919]
car [733.4132205812879, 532.3222726241727, 757.2222452917033, 549.4353196145657]
car [476.85549762335825, 533.6932930946754, 526.1103798293559, 563.9622005593825]
car [0.0, 522.9779554509917, 211.5311864103178, 705.627215526391]
car [586.4471396212342, 531.1916940801516, 616.8461165979376, 553.4463376609868]
car [544.3209721850778, 531.1984204041185, 590.6693211475873, 565.8897280930952]
car [537.5898290037699, 530.8310453431791, 565.5143545234739, 552.1421848687093]
car [0.0, 561.1088227809977, 195.15309783425448, 881.5317441699561]
car [749.2719194136308, 534.8289730865017, 779.9248160039326, 553.0532654205589]
car [814.0197842185222, 523.2148585542361, 888.1625064774846, 581.8262981699353]
car [1006.7398687354462, 490.12180911934485, 1512.6228449857745, 742.716715243117]
