car [158.97330408629472, 508.03867542620355, 295.7860434205982, 571.6274091381447]
car [0.0, 501.6417185181318, 9.300386030020462, 607.7582223195196]
car [96.52138095525116, 503.7912846543427, 153.89116450972736, 529.9147004635226]
car [143.10187810603756, 501.9595071016317, 199.03036873011814, 531.3445362762623]
car [165.10784089284002, 507.3845273413042, 222.68032238286432, 532.5057383847712]
car [104.22216790087907, 511.5634655826691, 215.69744696437022, 563.1379977358314]
car [343.1132575089637, 499.89006878640134, 426.52999418038223, 528.1032382789249]
car [699.2693796857855, 496.6376407478144, 806.7849397094936, 559.5841811316767]
car [241.20189334840168, 496.51860635679026, 426.74241251309064, 582.2296005338368]
car [616.2693860694773, 492.560187256644, 686.3162764057985, 555.1947343095859]
car [528.0241106870201, 504.398364884659, 592.4886472452877, 548.9133550204454]
car [0.0, 503.84035213627493, 83.72735201867964, 627.803294650153]
car [67.73628039171847, 500.21936248768816, 134.52170818983856, 527.7900939258287]
car [116.67614061024405, 502.2273840520278, 172.35860317271278, 530.9021304569987]
car [393.32395286819235, 490.7546708358646, 475.7799401931197, 541.9660822040727]
car [454.6421380518251, 502.8689836696052, 532.3813461306776, 544.9142441826825]
