car [485.1308058770417, 490.46938203605663, 559.2834343924859, 553.1252064229776]
other_vehicle [1161.4728747435413, 477.3441733502738, 1386.9935387236524, 565.8792345484112]
other_vehicle [883.9860019410308, 493.42204525789595, 947.0582115037697, 527.9658865372725]
car [541.7292333610903, 499.28437139115584, 580.4831385506822, 532.28785864463]
car [702.4294660331599, 503.6075376257619, 777.0754218775508, 551.8639159169943]
car [594.334264019743, 487.55645141715326, 663.9940351303399, 552.5596306698103]
car [527.8681940372626, 501.5674590427788, 574.2535033206415, 535.0500192055886]
car [570.253670660306, 495.29661510676596, 599.2705349077066, 521.1537345194487]
other_vehicle [979.1485012158884, 482.9143343314261, 1113.7453024722113, 547.4693975368951]
car [511.9281429265191, 495.37325822337885, 568.2176317523018, 543.2382536984363]
car [666.3315903941453, 493.0554094205276, 699.0536519709591, 523.5912435719586]
car [280.82270879419394, 496.6370329830342, 492.9529172587639, 638.6499200508738]
car [426.6059602285218, 494.77553437981675, 539.2626865060643, 580.83975682781]
