car [1501.366387836894, 553.0651351751428, 1598.2651328760203, 593.3599723913335]
car [1047.7588803877868, 546.2712125548946, 1222.8893597529018, 608.1416014730032]
car [1444.2756284424665, 556.2917412247406, 1535.5851285321198, 592.3822211588447]
bus [1422.9175178604082, 530.9626576551577, 1525.8372521548977, 582.3368909292935]
car [0.0, 537.5188660846304, 273.68286866864617, 818.2625687488242]
car [1186.5695142621853, 545.4028221734964, 1448.7330887032767, 656.9114517634508]
car [1561.8818010478974, 553.5025273903958, 1600.0, 586.4510650247138]
car [178.78304115453125, 555.9588919837328, 399.6999347831978, 641.3841436529003]
bicycle [763.0781191362112, 558.4637100052722, 810.6505751289354, 601.6782092960823]
car [1340.8052023871358, 553.051697688051, 1410.502513961001, 584.4573799189948]
car [1388.7349796608717, 557.5860619480013, 1456.2910719644794, 582.4702890582088]
