car [0.0, 826.2848130166252, 113.01592601237002, 900.0]
car [0.0, 731.6539493938787, 130.29122106501617, 900.0]
car [874.8734939055092, 765.0992643448644, 1088.0842340596837, 900.0]
car [0.0, 806.9101785555918, 92.55220941707213, 900.0]
car [193.9824849505648, 832.3689670945022, 633.7136009046492, 900.0]
car [620.3093430019419, 819.3185536642554, 807.4490845873935, 900.0]
car [212.90378485070318, 812.7985666501896, 451.0510878124845, 900.0]
car [1119.4846296121239, 810.1336703631495, 1204.130639234451, 884.1492134663288]
car [763.2585811105405, 780.5059539323692, 1107.1927297440013, 900.0]
other_vehicle [0.0, 775.9031185640424, 30.744032067815738, 900.0]
car [143.61670329961186, 826.0105761586797, 272.82342367673317, 900.0]
