bicycle [884.8682248584014, 516.4566793310066, 952.7890329016825, 611.3161416028684]
bicycle [926.4002494492858, 517.8356570247921, 993.1335518051811, 616.5103160789878]
bicycle [952.4863106683196, 518.5947190858367, 1018.2031470819827, 619.4142234381027]
bicycle [968.3551120512215, 519.0468540324845, 1033.4002099274512, 621.152917487221]
bicycle [711.3055597920348, 510.86752926534047, 782.0834349902846, 590.6475265564883]
car [436.0007867516938, 482.4346680188497, 698.7567809073373, 648.3778152056528]
bicycle [930.9400366047045, 506.31531150204034, 967.7815855362317, 576.5063885797921]
bicycle [905.9408289243755, 517.1765477914122, 973.318546012648, 614.0173931407259]
bicycle [866.5643845909821, 515.8524484072946, 934.9399083616281, 609.05258947736]
bicycle [852.9380822968924, 515.3088772728141, 921.4734219116538, 607.0462585863938]
truck [934.4887627001583, 132.11090096055653, 1600.0, 900.0]
car [265.1592722672607, 461.8998877823059, 503.8075021689714, 599.5111111661984]
