car [511.0219355052771, 499.37895800609687, 575.3867996650171, 544.909886986957]
other_vehicle [546.793082501702, 473.60356690998753, 599.8516528153677, 528.2380004531677]
other_vehicle [519.191536339252, 475.15798472822564, 591.1874474721128, 535.7874856089746]
car [906.293984171519, 512.7325981246719, 1010.7944104692174, 561.1801869620983]
car [729.3584563307029, 505.44288366387053, 764.6010750462051, 525.4680845666525]
car [612.7435427918118, 492.12398275000834, 637.6296977417874, 513.4068853403248]
car [866.8776537996113, 503.60745566484917, 935.9126626006072, 527.5780519975638]
car [566.6539316673983, 495.3862546693522, 676.3560737567448, 591.1279459240071]
car [578.2201018356559, 499.08031841417346, 649.3454727011232, 561.1760781651608]
car [425.72508851676076, 492.96481559710605, 541.621960511585, 574.707519623021]
car [819.7791876471247, 507.0606144177339, 887.0798436199896, 540.8615391855856]
car [181.70148812293928, 508.11938754445026, 457.7332457594744, 662.5425034814106]
car [680.6600598750689, 500.17129398901585, 733.6309534331949, 541.3846901189204]
car [473.6151660870081, 503.9031816423205, 557.8995270217888, 557.8814383225812]
car [495.34614486078993, 493.64096229115324, 752.1117712583434, 717.627039353778]
car [0.0, 503.4582562722374, 345.5324215474713, 870.0688575301212]
car [657.6523353442791, 499.73823185989147, 692.4128684454703, 528.9886514403613]
other_vehicle [568.4073397372532, 484.5201436961053, 605.8644566201942, 523.751078591684]
car [897.2309070933754, 513.1592208505926, 1600.0, 874.3914536645912]
car [1257.7514424322194, 480.24170994429244, 1600.0, 657.5427390741972]
car [756.4360132793905, 496.5216106542122, 808.2908732366845, 529.4097704681915]
car [599.6287541894072, 498.9281508730833, 653.9041553110285, 548.5109316454277]
