car [297.7357180613146, 530.5678018213132, 369.40561532872664, 568.4517907439787]
car [1025.147465452418, 518.1828878792282, 1555.4668013793303, 657.3606290894214]
car [0.0, 546.3731883836534, 5.700864614098704, 601.649404517511]
car [206.71517716583634, 537.9022437648888, 303.63465450449513, 579.887895004265]
car [604.3452169276117, 533.0051745546864, 644.6801425275819, 565.7063155447337]
car [517.514554670372, 526.5215793964469, 559.0613138988424, 556.0376470981122]
car [264.48202521309224, 531.5319954362562, 329.5930178227237, 565.8640237516383]
car [1517.7512102392825, 497.3999624229246, 1600.0, 676.6893725561858]
car [399.46577129502555, 534.9170734426468, 445.70735498160695, 556.9086869125214]
car [427.5548916237613, 528.252337836096, 467.1755548622331, 553.7868245293794]
car [28.372725845408063, 539.2423367399523, 166.3104969164999, 594.8792591396972]
car [1537.661771736827, 472.40219555573697, 1600.0, 620.3431662794391]
car [0.0, 541.5734525813534, 65.36427394142142, 608.8293647997288]
car [62.50162599624824, 538.6239760484515, 195.6110451302655, 597.3971555172903]
car [349.9024409822964, 535.0622894305219, 407.0482449191058, 563.9026001996034]
car [456.94128615190095, 522.4887622913744, 559.4346002830628, 603.7299102700512]
car [156.93809443085175, 534.1770600734195, 259.5044012010237, 579.9335332624538]
