other_vehicle [705.0948744104583, 491.0119309673722, 735.2384362135194, 516.282290876361]
car [532.5348613029716, 493.43064584645094, 572.5739657468838, 530.7327414344024]
car [852.1707216568245, 507.4906958083539, 1274.4115700959042, 740.0611082669745]
car [649.3712647347612, 496.2798716051609, 694.5564043824353, 530.8154412058982]
car [822.5309989851868, 505.60837181524624, 888.5893699308014, 538.6704590645458]
car [767.8899578959688, 499.93037430660263, 812.8853014744026, 527.5566402391879]
car [552.6670649519048, 502.85364261915726, 660.7645601153316, 590.0505873485489]
other_vehicle [1087.4111139150787, 486.1740935563593, 1236.6462461997305, 563.1296453937068]
car [931.5700219215252, 510.7835039876741, 1056.5666358236924, 561.447958036751]
car [800.107146337498, 504.62299412450864, 852.7067440651098, 533.1195967561426]
car [319.61029762045456, 485.14561778958057, 491.81822895395976, 612.0002222960617]
car [872.0289762983687, 507.75570867714947, 963.8320947199855, 548.5584325508784]
car [745.2562763104011, 498.4701270784122, 803.7934844558376, 538.3250591825548]
car [0.48175764199978804, 456.05122780497624, 452.876350500527, 736.4056524053448]
car [729.1700026561368, 497.2256940545811, 762.193839125925, 520.1474703966053]
bus [958.9855947040957, 480.9775006228492, 1078.745849006925, 546.7627242620512]
