car [0.0, 532.6894603907682, 25.535467600430497, 645.3011541457004]
car [341.482275450102, 510.0107730426239, 459.48666425199775, 561.3202570039115]
car [0.0, 503.94924534740085, 246.14711421176472, 592.7666773119008]
car [302.2755343929085, 515.5148665016028, 442.4541339659644, 569.9336035701317]
car [127.40719803164585, 519.3460325046443, 346.3650902552627, 590.025530887472]
car [147.32040137868287, 513.9924632966648, 297.19719632590994, 568.2306398083253]
car [515.3871876860303, 511.28256639615876, 590.5941572772725, 547.3353881574178]
bicycle [392.73105782787644, 473.9775353557921, 817.1152995109962, 900.0]
car [604.3062634997341, 511.9057403809971, 686.2022449312906, 547.542812456721]
bus [551.1108465773067, 183.09511267231727, 1600.0, 900.0]
car [595.3943217324777, 511.6685022187161, 658.8204979755425, 543.9961832674148]
car [421.87806177113816, 522.6418571956684, 502.2620836718521, 553.4220081512088]
