car [448.5019121920085, 499.7323496515605, 644.0885872866235, 624.6104059501768]
car [328.05878705280537, 515.5557016966128, 413.11829447623273, 573.8505187140254]
car [199.28894548934664, 516.6343390999756, 239.97253742052703, 552.2184137802718]
car [373.4987215206699, 504.41577239177235, 506.195758641833, 593.2794261384358]
car [226.68837081672055, 518.7827448879665, 343.7733202595394, 599.8350692222602]
car [53.1774679173743, 522.9287589377611, 159.30720028640644, 599.4506002422017]
car [212.60251307610758, 520.123606778614, 306.1430317049397, 582.231952206684]
car [294.26156942074766, 515.991332330215, 358.90215924837366, 559.5937136243064]
car [0.0, 497.5662860585581, 155.18274710669849, 643.2191283841631]
car [247.17815753814057, 524.1286312372021, 439.51094262859215, 649.1883182514996]
car [207.48274663216577, 517.529937810511, 260.9235254273303, 557.6252836024549]
