car [751.9373442453989, 503.51018273912547, 785.6533296695055, 524.1435068120908]
car [1069.7599669538924, 501.9583342078057, 1125.72773031016, 524.7365671626247]
car [1209.9423067702367, 508.3045651644331, 1447.8267667748835, 593.6172222755459]
car [1276.3826201647191, 510.41298069195835, 1362.1013718576064, 535.7926295377923]
other_vehicle [812.55844816461, 487.57197410310977, 861.4333628987882, 521.442013169981]
bus [858.2097313289667, 487.47335412628945, 972.6434126132768, 530.7517375008133]
car [596.9054839353335, 499.9282065546963, 649.3418989330416, 542.6365819911637]
car [1577.1069977985926, 522.4189641724829, 1600.0, 588.4287063783743]
car [909.0285508097228, 506.7163074898871, 979.8817104570459, 538.8250242226941]
car [1007.3417929137146, 508.91067819980833, 1064.2902972190486, 530.28190771083]
car [1147.834927931255, 512.4024818599423, 1263.2816724180486, 553.4647880742442]
car [1448.094403372321, 527.9068995812102, 1600.0, 758.629477111275]
car [967.461141969643, 507.9556886903044, 993.1492141624246, 528.0102058075337]
car [671.9271340544901, 495.50982596983306, 763.4982110347859, 527.3947552586787]
other_vehicle [977.6618982804519, 487.8912839734525, 1034.3365684324158, 524.2320236526613]
car [927.661430603667, 508.4260455164185, 986.031285165118, 535.7994908740994]
car [1043.7586589933576, 507.8927666036079, 1144.1221778636755, 550.5144919598259]
car [806.9336716973465, 500.4819913627971, 842.3366619771801, 523.8814835923957]
car [508.11971521136775, 493.3736528571453, 570.4732489241591, 543.013589674723]
car [946.0855608761209, 497.0742401180774, 1000.14409742511, 522.7421227688313]
car [444.7881196209492, 499.3811978542549, 547.2637904575594, 572.6876574709055]
car [483.8011507241348, 500.82327857645646, 555.2950934393889, 557.2146931937145]
