other_vehicle [543.724198046978, 505.86758831420667, 790.7311904277286, 620.9271482511864]
car [865.3545352297677, 567.6046718223805, 975.1879915843541, 604.5791855859115]
car [657.6847795161384, 559.8129492442604, 933.7894154080643, 656.3340891772259]
car [250.2355069636315, 559.5981301528019, 637.1827627171083, 691.0298239755272]
car [1135.5020423039334, 554.5806895734481, 1275.5958957850871, 608.5740730477586]
car [1097.3481098443217, 559.1091615186485, 1192.1580525558968, 599.300519548996]
car [679.6036269675164, 564.288367428308, 845.5141821816208, 617.8187995397492]
other_vehicle [1471.2614223929802, 536.9991988706541, 1555.0724402914086, 569.0855739928601]
car [1217.3616781175488, 557.7312238387952, 1308.960055518725, 596.830715250576]
bus [0.0, 473.1726139308078, 128.99725997230706, 636.7559630696886]
car [355.5697655101487, 551.2899640340191, 528.4740827707163, 624.1985696758359]
motorcycle [1008.0482272968802, 566.0814203929833, 1033.6571354428736, 604.1227765083253]
car [0.0, 546.542213382079, 110.18970773234994, 825.3047801895906]
car [1317.000178579683, 559.7498463401524, 1397.84543419254, 591.8211821368988]
car [1269.084234055639, 563.5620476724351, 1349.0252325981464, 593.5574105866829]
car [0.0, 458.4647245919425, 444.1550817703758, 900.0]
car [769.0884949281779, 555.5628832292515, 968.2252150292728, 624.0317684475765]
