car [567.0495831670695, 536.1037235418898, 597.9501611563212, 559.9137476955681]
car [529.13234346233, 535.4245600062939, 588.6942522848318, 577.0025944206013]
car [149.11408151877504, 537.9677012675672, 456.33075435645526, 717.5151657002529]
car [681.4530022192957, 533.6496950696416, 725.4343480042227, 564.2180920738501]
car [874.8467217530176, 552.1647626335726, 1600.0, 900.0]
other_vehicle [664.6317700429767, 511.42256687442557, 711.0962193181302, 555.0030461311511]
car [1412.1712120025195, 470.53015566668256, 1600.0, 900.0]
car [776.8795368382036, 545.5175823945734, 987.6346977106066, 672.602396191876]
car [360.12913738152224, 529.6282011064184, 467.70602699662396, 594.5042743374715]
car [732.5367393480115, 542.0067163285453, 859.3434818944177, 626.5591668881659]
other_vehicle [683.2004736150534, 475.3155101990253, 809.3860267089339, 594.7457832457546]
car [432.30283321603224, 537.3113870198374, 483.3957884972163, 569.8818865688668]
bus [654.1657451962193, 507.35577612557177, 690.7748870952405, 551.1767096725679]
