car [119.95095190384377, 515.0498849679205, 214.45378090324735, 557.4119389206346]
car [218.00928866326853, 508.07268959136394, 464.75573930318996, 603.2447411317877]
car [352.60170461412844, 520.5746353143215, 480.6467877609551, 572.694185391079]
other_vehicle [990.9017948721721, 459.29729888489334, 1458.48530827186, 634.3889219571641]
car [757.9294786345391, 511.67565277297996, 1008.3862080579786, 612.5540421293979]
car [1496.7667556224499, 549.247184183837, 1600.0, 641.1196110485015]
car [744.4677960828562, 536.4381564830297, 923.6354135436842, 598.9481899402551]
other_vehicle [515.1846897991051, 488.68405518747977, 719.7433417225235, 585.6810272890081]
car [145.09544133728735, 506.9687146934081, 308.31252543977473, 573.2881405477777]
car [1128.4498748091714, 499.3384530565014, 1600.0, 872.8218376702364]
car [460.303722840782, 506.8389790451043, 826.2586131163199, 638.854598706967]
car [0.0, 505.088204231933, 194.33607315787327, 578.9739018721733]
car [370.26430949243866, 534.1715752228388, 1600.0, 900.0]
car [0.0, 505.6371339775318, 32.25319879700815, 547.2222179497401]
car [954.9037155145619, 518.3654348793257, 1547.6164578351602, 707.3017516112658]
