car [694.9770599643856, 496.75201718538176, 774.4780290730966, 541.019226993239]
car [255.65609880915744, 503.1105131813547, 379.27903918793305, 547.5793990889564]
car [501.8301320866484, 496.0693121371126, 596.382512373086, 574.3245459354332]
car [806.0226057321443, 493.7893395222943, 996.4605242401262, 575.6045783301037]
car [501.9084970712204, 494.68161744401203, 719.8738475976089, 679.7416628864146]
car [737.932260836024, 496.1528940114416, 865.5868390214115, 554.6409919688757]
car [197.97129988855298, 498.22047849120435, 359.99787444045614, 556.2181672802388]
car [681.7975310764091, 500.5159162330097, 872.6296795045658, 602.4786346516232]
car [290.56475284105164, 504.3157825984241, 397.0594299543825, 537.1570249505928]
car [32.79416534910699, 505.7064923191858, 271.7492923645382, 582.2520812073572]
car [517.4966288982257, 476.847525452803, 650.592300724847, 606.382002772191]
car [634.5418181746552, 488.7473355013972, 757.5506897054897, 566.9812592974616]
car [313.3149857203758, 495.37118130207256, 419.33250562069725, 531.803077693457]
