car [0.0, 801.227897541533, 86.14401909839931, 886.7113534499957]
other_vehicle [1163.4875133624214, 690.2350125147684, 1320.238550490734, 879.5460875205484]
car [1196.5089048295058, 789.9261581230248, 1332.9853753638495, 899.4195088375167]
car [836.856795424867, 781.04246087448, 944.8235187685, 871.6633885317228]
car [1557.8054952468992, 816.1581332453065, 1600.0, 900.0]
truck [1210.2565644522865, 549.1084660746568, 1600.0, 900.0]
car [695.7760738517509, 778.5483631158107, 804.9367833328121, 860.810033354192]
car [10.016021258452572, 655.8641586013226, 630.0742739370176, 900.0]
car [997.4493832514909, 790.0369494797897, 1100.6834197346554, 876.3685010757753]
car [1388.0551215857934, 753.7286905696892, 1600.0, 900.0]
