car [1488.1286148288007, 542.683550604099, 1591.1881120185312, 589.987437352721]
car [0.0, 550.2179402601276, 90.31798475706024, 624.8622220331171]
car [1326.6092299104705, 549.2572496427075, 1419.5421239936816, 586.7232882512086]
truck [331.3399378677243, 432.13395549467606, 800.3102401027426, 632.0815824187025]
car [821.7277072801783, 560.4328426453875, 947.2322114117884, 602.5705511087704]
other_vehicle [501.09028130730377, 495.0200748811898, 832.0219756973189, 611.8398784821662]
car [1411.720837485237, 554.5645508745589, 1489.7326625328108, 586.7415112644819]
car [1085.6411961109836, 555.8767175585132, 1175.8301053490459, 592.8630432335793]
car [1249.167854200219, 548.9747582828534, 1354.4084316618162, 592.1300788848278]
car [0.0, 561.4112280698072, 25.145314715947716, 646.5556205147914]
other_vehicle [915.7213590976211, 514.3497190523303, 1109.5307069384887, 597.6376742341384]
other_vehicle [1408.9821539823631, 535.4031918302004, 1507.1177659184095, 585.5076442722207]
car [1152.4428674674487, 549.7969175253552, 1246.9445214655605, 591.6146035663049]
car [318.4792513946296, 559.3400950771803, 491.93673798034035, 616.9728836811233]
car [1535.1783425178132, 531.6770195669618, 1600.0, 611.6774227716969]
car [457.1019181892012, 529.532447313644, 743.3471905953976, 623.5549840209464]
motorcycle [218.37790410876406, 560.9383817005228, 265.687409391852, 617.3159860195778]
