car [1212.0723159946203, 539.5909633436901, 1376.0720673827973, 604.70994961886]
bus [880.1038707417035, 450.21613534905106, 1221.1972663523334, 593.8438164562823]
car [1482.600711679387, 524.5907238213659, 1600.0, 580.3540111096353]
car [772.4603077892334, 522.1416954469986, 1038.0553207181763, 635.2241391963112]
bus [447.0070077906941, 472.6041683080552, 929.6704108169672, 607.3170952810493]
car [373.47037567710294, 544.5827150863613, 605.4821144641976, 621.9822424688288]
car [1364.7559472157702, 527.9459971838853, 1518.0667590487244, 594.7480306171436]
car [495.76931880913145, 518.9408224577638, 771.9044302554558, 626.7095225536535]
car [1001.7391170899749, 540.5202412876909, 1172.4352584702597, 600.8705117150174]
car [1052.9706479527185, 525.2371211905789, 1253.465731927688, 617.2679058408145]
other_vehicle [1405.6385266163643, 525.448766752716, 1496.4046863645983, 572.6811036042484]
car [490.862424403554, 500.2577001688981, 1136.6642353354582, 814.5195509982833]
car [1335.0162392504737, 538.5004307805232, 1426.330560064815, 573.3606102461827]
