car [211.0815271572673, 504.8039578567679, 430.4999763365349, 651.4602052291935]
car [445.35890191069984, 502.4614235614665, 532.9295612366352, 567.2407852626311]
car [546.1377588141763, 495.99813423315123, 593.3463645845657, 523.8343462947024]
other_vehicle [845.5907118735922, 488.75151135853406, 893.8480079866133, 523.2961610750606]
other_vehicle [1057.594369075491, 486.54125362382865, 1184.0336002792371, 552.3317684815776]
car [709.5627013418285, 496.9451695761433, 750.9810947550073, 527.4951824069611]
car [0.0, 446.54720326417447, 296.6796411569495, 900.0]
car [575.738719304839, 501.47895004312255, 648.8934052572012, 562.7546297954641]
car [479.2000429986082, 492.01075012826294, 551.2201812645461, 549.2968086322436]
car [556.0701047490286, 494.09097728289464, 586.9934370895221, 520.5080762935322]
car [379.89978447259756, 487.5721726418244, 517.762482628502, 594.7116130775979]
car [506.08791186656947, 490.121727226244, 563.9230210455705, 541.0527689143461]
