car [788.1123852811024, 559.7712838315033, 850.5973913142309, 611.6774468112445]
car [0.0, 584.4471321192756, 55.404292702709235, 724.0951747684048]
car [1012.5289626648442, 555.3116629866829, 1037.4083595991378, 580.4745681480023]
car [567.5583162712325, 565.5506002756495, 642.6592512338013, 607.9313796771112]
car [619.6430782240053, 558.1951087154979, 687.1398584295653, 599.9120378235718]
car [1595.4977367435567, 539.2295398376687, 1600.0, 587.2113955897232]
car [473.22489161123633, 568.414484759845, 687.1105292497402, 682.2921484846014]
car [674.6700431285349, 562.719382332081, 730.5721919397834, 593.83832608384]
car [0.0, 567.0403737037744, 237.52958955550963, 851.438674129139]
car [841.4464516254465, 559.2545264885746, 917.4989610650598, 621.8185017168274]
car [922.7766141572674, 563.4944362087579, 949.3442181653938, 585.1292942211011]
car [0.0, 500.54674658883494, 721.3999473531619, 900.0]
car [895.7263314269102, 565.1619496802863, 940.0702992623791, 598.6093639435211]
car [935.084311107225, 550.3690311987383, 1028.8067475975226, 640.4526263145724]
truck [333.7265378236597, 503.4096667754439, 608.1624961473634, 627.2210145415187]
truck [1303.2385205833896, 519.6469510430481, 1467.7852501286927, 580.5887948606719]
