car [257.58265016404926, 564.4541861862283, 311.3167524094428, 607.1578600706395]
car [750.2745386891203, 555.4001426167376, 884.914509203834, 622.7921728233138]
car [469.9396902377376, 561.8803464247341, 544.6781947093143, 590.5717691424018]
car [194.93670006718145, 565.516757963303, 268.54623158038623, 620.4826367061175]
car [183.7550658662851, 569.3248960938694, 273.8234447485829, 601.9977402170217]
car [298.0513863330349, 567.4873743505894, 339.7575846073642, 603.7251207498805]
car [4.109593392854762, 573.8289453198837, 117.85309752415965, 610.6579027431703]
car [194.73795345931012, 569.3445217383409, 250.80611751148373, 608.4867211481283]
car [191.43970109742224, 570.1063326658962, 304.5554333970137, 640.4612104317334]
bicycle [367.81920016059996, 561.0280109052112, 414.13731976798044, 595.4084048235093]
car [626.5389931537735, 559.2817533400005, 710.6471905806548, 609.2393870417707]
