car [137.30406364753676, 547.2458679120751, 327.12173272155235, 641.9467836546394]
car [719.6624467812087, 542.2177962327974, 897.6840993572013, 660.5010676538795]
car [173.4865994855697, 544.0047176659936, 327.69444309113226, 613.2489754602271]
car [310.56649216737856, 562.0928685603369, 380.68534169424623, 591.3888580576324]
car [480.9283449814303, 545.1982524770625, 547.1196545011379, 596.174277408948]
car [536.9843703547963, 529.5872561232059, 629.8022570444788, 618.2687444768554]
car [579.9212374007445, 528.32867904801, 635.3395295150341, 584.6522242555127]
car [685.963296233694, 511.22127115517395, 798.4172032299106, 614.9250302852545]
car [526.2455361038153, 541.7323988404091, 565.7848485431144, 574.929411483547]
car [364.8903856376362, 541.7005602728893, 416.0933164017428, 584.5078907113113]
car [464.5688131586016, 544.2896019416131, 505.57549912518556, 573.0022282649234]
other_vehicle [648.9701205115182, 495.66745573889074, 750.0274995942257, 592.6453388092199]
car [0.0, 520.2403138592189, 224.32398757525607, 900.0]
car [352.691231535997, 545.0243064292911, 443.95092173112977, 598.286244423109]
car [0.0, 528.5217910197426, 57.104961604557076, 642.396808388241]
other_vehicle [758.5680567001813, 352.3468073053067, 1106.8043616951456, 727.4514710633674]
