car [597.256158786008, 516.4035140476713, 647.7498747128707, 562.4943138770051]
car [682.4987923019056, 508.7838407027519, 730.2257849643233, 562.1522039750424]
truck [672.4446586308524, 485.05976908934707, 728.5526447778291, 554.2788517998431]
other_vehicle [688.4553172955121, 475.5006474454476, 784.00153848619, 579.7694616162291]
car [907.894504254318, 536.5088433848478, 1600.0, 900.0]
car [720.8613043576661, 532.6779081012337, 805.673693040999, 594.9219907139683]
car [765.6498696511558, 505.22984995592486, 1013.7798388325896, 675.8780911191484]
car [486.5198465230782, 529.113464968188, 534.3088084450159, 561.8817412605384]
car [676.5089241810908, 513.6451824780711, 717.9496702100947, 560.6392240548299]
car [734.455818078264, 502.09204622977245, 878.9549239705236, 617.7779350076863]
car [317.56144019518706, 525.6770240867047, 437.3533456246931, 592.5046432764169]
car [0.0, 544.9181889203305, 3.371103006513235, 572.8504026590506]
car [569.1482819377186, 515.8166346507296, 603.6716489949894, 548.0345969212865]
