car [1528.940896218265, 519.7123918941835, 1600.0, 553.4300441362475]
bicycle [1120.3523513383604, 526.0226879721461, 1217.0203487023598, 597.6335701337728]
car [501.61569835016275, 536.5164475238375, 749.8726284122993, 741.1069322355634]
car [127.94481895037623, 524.6708146684315, 258.1981997517889, 574.0456231759247]
car [1127.5049140253122, 524.9016855889046, 1258.782189857486, 557.9441842988913]
car [1303.141504654277, 507.68372780480007, 1489.4834042613518, 559.0187799793875]
car [929.9163589357113, 517.2344130669858, 1060.8566705891324, 564.6583373252133]
car [3.273076023156334, 527.1628275389735, 143.786536459975, 574.6841528738329]
car [858.2886798221462, 530.8986513826035, 969.9949392036659, 565.1843698676311]
car [17.227359592359978, 520.8717069223, 192.64904411391487, 577.7698123062221]
car [461.3220174551649, 543.10422917377, 524.1553750175904, 570.3755093723493]
car [559.8534999919136, 536.8485397114392, 701.0555249748053, 645.6140205255758]
car [993.6364627230012, 513.1076301185678, 1161.316200336146, 587.791859379214]
truck [0.0, 494.9444883428199, 46.312098339566234, 574.8017835742468]
car [1148.6375078138374, 521.028803645958, 1264.806981840046, 559.9823730754194]
car [906.0140809856764, 524.7091560181448, 1019.0590634182818, 562.0458521897959]
car [1504.3353865705067, 507.8531488756772, 1600.0, 552.0434933795563]
car [1301.943556219887, 521.9676088121615, 1426.3099585320742, 556.6078329622195]
