car [461.32304991492424, 535.965739915263, 514.7234447590338, 574.5557474066429]
car [139.44270813086246, 545.2010877747986, 211.87688737293945, 575.5390840387103]
car [496.41986333988257, 538.6056449296251, 533.5285954947892, 565.895517155527]
other_vehicle [644.6939362917088, 527.2481293398772, 671.6792529679417, 554.0350066878692]
car [336.6191630701545, 543.284707002376, 372.9077771897319, 560.0061815624268]
car [274.5774025649646, 544.7444340574289, 320.3199814276961, 566.5972470563465]
pedestrian [858.8509736791518, 520.0668331177669, 879.5524161288768, 560.519741939038]
other_vehicle [662.6040488225852, 486.7197310701968, 760.1394369697502, 590.0724238445423]
car [547.3993256945478, 535.709494922368, 569.2868088503513, 553.4775044952407]
car [236.8532314669771, 545.7094116284103, 290.52981080449337, 568.2362853930113]
other_vehicle [650.9076450666466, 502.0929413429759, 713.0940088642656, 571.8597962988417]
car [186.38656854980294, 547.2565263642213, 251.64959642511883, 573.4972902345912]
