car [1481.0130694746485, 551.046213310084, 1600.0, 613.0270445738557]
car [1408.6023695041463, 545.4045479261124, 1600.0, 618.5425573259379]
car [314.20451750734577, 487.8516008366362, 722.1937762822056, 649.6034157139512]
car [796.5874304808134, 517.6841222636001, 1434.4792223336426, 734.3524389113404]
car [0.0, 490.1747088032452, 94.82326222477764, 576.697354497689]
car [1555.4036379429558, 556.2787019286823, 1600.0, 599.2126929568311]
car [6.839338833013986, 501.95396813718594, 115.7005712401324, 547.9304679617826]
car [1350.1463726616075, 544.3178362968353, 1494.336324516783, 592.978167364281]
car [1246.7464230506553, 548.4685068463974, 1308.0110737680225, 573.6257162920093]
car [40.395888467733066, 499.7598702166871, 302.99032406837995, 602.7323037642013]
