bus [841.5645331627446, 555.7599182961353, 887.3275576765061, 601.3027007181375]
car [495.8749946653156, 565.5065005829628, 629.1344521969725, 633.8526045684141]
car [878.8355004222356, 569.2723447666107, 911.5357592005886, 599.676382746028]
car [894.1713085747389, 575.1180022695843, 921.1191309440806, 600.1989146789457]
other_vehicle [998.8312306470896, 518.6336679760354, 1096.4914022491912, 620.3178926345341]
car [812.398852492462, 568.9315545572167, 848.3284028039632, 597.4440562942132]
car [830.049129514187, 568.9257758588253, 886.1425225318427, 617.3684918891647]
car [1080.4175983962534, 569.9409088216936, 1214.3341944042813, 667.9687653838627]
car [700.7856722062032, 566.8231787567433, 761.3598267448082, 600.568431243737]
car [790.0855846292059, 575.1227488047188, 868.0615543418596, 632.4430677618668]
car [903.44684058317, 559.2868969433121, 1006.5684994911373, 652.7636152490894]
car [1050.0319924429402, 576.5956890111139, 1150.3899627856367, 654.4548404585839]
car [0.0, 568.6672957808714, 340.17245427146725, 706.7541469411315]
truck [980.5223829508328, 545.9544515355668, 1032.0489673061388, 599.601365144337]
car [0.0, 532.1659388489529, 70.49416280112489, 832.0172839347057]
car [35.333675114938615, 437.27711255956814, 712.1588943036952, 900.0]
car [694.390909698196, 570.117194465648, 835.127759382473, 672.7539887742271]
car [916.1229745166961, 572.584654919652, 965.0656663926296, 619.8502364861006]
car [860.3923789608599, 574.9731991594323, 904.6851769141065, 610.5835226595755]
car [1023.1192248281094, 575.131685836886, 1097.8709427986623, 636.1731882869947]
car [873.7313517494581, 578.2863222738227, 1041.959549397844, 733.9545453861816]
car [612.8322746686096, 576.3607670641629, 728.1705363824294, 644.6574114574485]
car [1280.7218162168663, 442.1832297508158, 1600.0, 900.0]
other_vehicle [1063.1298616459017, 367.6636843520677, 1501.4728279022345, 771.8124614174344]
