car [697.095115953847, 511.42522904274443, 723.128182180538, 533.8296234615068]
bicycle [965.2612583103315, 514.5703902479844, 990.2684018944055, 546.3503709494169]
car [411.6715011688747, 514.9989137634287, 438.28850659259587, 530.024382464787]
car [162.92059213289937, 490.91060817447124, 284.71664371637826, 555.8457871318429]
car [335.96853847758416, 515.9724658710792, 378.8571558733997, 536.209235691569]
car [0.0, 519.6502556760939, 47.77273621127916, 568.1969972439265]
car [375.3544921454508, 515.5461142295521, 407.4172428758812, 533.6565471641082]
car [280.2113914114785, 508.84110094666096, 363.8065593662482, 552.0281069720954]
bicycle [975.9980802428098, 516.2345900322683, 1004.275069896375, 548.3612921909618]
car [4.376135825695066, 505.13943945619724, 148.80636754319212, 562.6024139053054]
car [645.9869607533923, 510.0807500362888, 691.9388374524366, 552.1110680152685]
car [119.76500123332093, 517.3264707222198, 202.4396121069539, 550.5852297526]
car [0.0, 514.3595836410574, 136.9684927281698, 573.793482131143]
car [804.5560077118221, 511.42807073705745, 901.8476827531878, 541.0325744700962]
car [1297.247865843787, 512.2595553637434, 1600.0, 638.6086316819884]
car [423.49416001565925, 514.9439381734123, 511.9733691686261, 565.7178428001448]
