car [304.5364059732641, 472.7270549996383, 418.9776243042144, 507.5756548331134]
car [1422.8974412132497, 505.8757547173936, 1522.0886685921155, 541.043621120176]
car [631.083771268671, 480.5176077884567, 730.8484961929851, 519.8635784891956]
car [483.65677277002567, 468.8939680911249, 587.7812051666748, 512.2387666898801]
car [1195.287898259346, 503.63582936740363, 1293.2370293780878, 565.1778102704403]
car [1303.345289251544, 503.36537070489044, 1387.6718334736013, 536.2487677412556]
car [442.1226182144536, 473.70647718010656, 569.5798699385502, 514.6691271047301]
car [653.9847202886032, 482.4986675298491, 741.7394192110061, 516.4835478437873]
car [994.0340381848425, 488.60653987585005, 1051.536760594803, 534.3166759936248]
pedestrian [1509.2455512219594, 508.42148382711684, 1544.0336567917602, 558.7776274207977]
car [744.4076131371685, 490.48709866816654, 823.2422955569806, 523.5803951160015]
car [917.606514941558, 492.7444768531174, 985.0786448258945, 557.824416763902]
car [1241.6972091143969, 494.9288835191344, 1349.216089945866, 538.3693529415123]
car [1555.7480223714824, 506.65757674765393, 1600.0, 543.3611247164201]
