car [1034.6845799091384, 570.6964192483059, 1126.2523458599378, 603.0401336409552]
car [1233.0439526615428, 562.5531462887947, 1320.0179198589594, 598.0377483233498]
other_vehicle [220.14164067441652, 485.2726066604328, 593.2321051153634, 623.4100964339442]
car [1378.4862964941378, 570.2455332355393, 1438.7937844785283, 593.3074853997858]
other_vehicle [858.8103136328033, 530.7448872174482, 1046.1411522629162, 605.7187658779776]
car [1102.3586308340716, 559.3820052589215, 1207.6768914975096, 601.764985221713]
car [0.0, 569.736109781825, 209.5146284847464, 633.0344674596539]
car [1413.6257507706964, 547.4943728139946, 1600.0, 733.5373390745239]
car [1179.6248680063204, 569.174170479426, 1258.4839385687098, 600.8823739386524]
other_vehicle [1293.2612185684186, 537.898401348896, 1404.6330305182466, 595.6142496489548]
