car [706.0929391499177, 519.3051873971077, 799.6680827102737, 591.5290411921445]
other_vehicle [254.62563483686745, 522.6546506521345, 322.6090090650506, 568.1433959894266]
car [729.1381436668737, 532.8865109319346, 861.2053612250104, 616.1823823952893]
bus [0.0, 507.33830684440505, 6.843430843737252, 597.5941356918761]
car [620.117938671055, 523.4127050890298, 647.7515830773691, 548.5351005884922]
other_vehicle [340.1049549367235, 521.5182492705358, 397.2743533852828, 560.5225537005587]
car [0.0, 531.2828205016259, 405.1447969969259, 779.0884040742444]
car [842.8592198947251, 450.0580542246192, 1557.4105540017938, 895.4519883443378]
car [93.30248243094107, 539.3367952853246, 178.27421627271065, 568.6318691756647]
car [673.6544922582258, 523.3280547325754, 722.8152696675303, 561.6993296349676]
car [512.7796335327541, 527.6784974228249, 553.5189530211215, 554.5878238323647]
other_vehicle [294.4120571056331, 523.1103502150711, 358.73157413458625, 563.7766994064106]
car [392.90393524214517, 530.5457062558708, 469.1353017457602, 578.5289320433343]
car [755.062591081407, 497.18773738449454, 984.3280705151328, 668.892994946349]
car [1137.7549058087366, 470.4639845457534, 1600.0, 900.0]
car [549.9072830135674, 529.4072933624609, 588.1618665805175, 559.3127722885222]
car [684.2489482890172, 522.3119507158877, 741.7977249523366, 567.9768746813006]
