car [672.329854862936, 534.4253360024071, 719.7274691675847, 564.0781659717164]
car [205.67054669361724, 535.7354995004875, 287.05236788620715, 567.7878837512228]
car [28.69419476321617, 534.0973533816581, 179.5869110484197, 587.5696650435136]
car [379.11856890774783, 527.4242575489292, 508.91351258480665, 607.9381681686253]
car [733.7209101912769, 534.3292374150004, 878.0901862900491, 624.84780385235]
car [530.4693424521535, 525.7036492368994, 583.7436001607632, 562.4615562030816]
car [691.6407928873607, 526.4790133150368, 767.1951206329588, 579.4886343754024]
car [701.3677360822644, 533.6992162768722, 777.6112705361562, 587.6879231338348]
car [647.9728073539186, 530.8979812630826, 678.5450414093037, 551.9583264699997]
car [0.0, 538.8557631152446, 41.489593198157486, 577.3707908417588]
car [793.4651935738316, 539.164147196126, 1041.5424336287333, 683.4657816035285]
