car [999.829876728773, 778.4184448061957, 1138.3822933296624, 900.0]
bicycle [1385.9233303103613, 777.9186378495993, 1510.8454081295768, 900.0]
car [415.66611839792705, 725.9886937061023, 548.2570901479211, 857.683551631403]
car [825.7285462314909, 781.2154888571674, 910.9694891074382, 861.8014904893171]
car [923.4090760776002, 793.5673503425743, 1130.126075271519, 900.0]
bus [0.0, 699.2358786957843, 124.73415803953789, 884.5843894707408]
car [0.0, 660.5806816244659, 555.018707374103, 900.0]
car [717.4782775527169, 791.3590866220837, 843.18049631711, 893.1327034546852]
car [525.7980814669974, 793.4058733281761, 752.8293151273458, 900.0]
car [591.8129869827638, 776.1989273954499, 712.020579024425, 873.6854669543421]
