bicycle [313.98603069860263, 525.2968044763697, 351.69211293141876, 551.6421634047392]
car [881.3133826058138, 524.2851198142592, 910.454848631169, 545.3607422389449]
bicycle [1226.6898926985577, 505.14592816249916, 1284.5915834159696, 578.085770541429]
car [1124.0736510150616, 523.4118509144068, 1168.2323218648605, 544.7481408854593]
car [847.6890377718564, 524.878059967584, 877.3134307813316, 545.8313315823235]
car [0.0, 513.748856533509, 2.919511660117983, 547.0656799999988]
car [1092.1236700078498, 523.3654308237644, 1127.9826376954654, 540.7575035805736]
bicycle [164.38585450973306, 524.8317070707228, 186.43570851013507, 546.0622890001454]
bicycle [157.66495285878602, 526.6575799319476, 177.92230200710128, 547.4398938040642]
car [919.7892744729581, 519.2545854005265, 951.2443043386711, 542.8657952329069]
pedestrian [202.94325306920948, 514.2947527210674, 219.78500337771726, 542.9248431490732]
car [1144.7899361315867, 523.1154511641287, 1195.0793303601047, 546.3060444409115]
