car [0.0, 715.6006264491658, 149.68269457313704, 842.3186514737308]
car [83.30744970276233, 754.6881251391785, 260.4798588355589, 852.2699080011284]
car [1484.4066730992163, 711.3037723510533, 1600.0, 900.0]
car [1231.294185262422, 733.5430397426703, 1353.4543936536315, 844.8230956863054]
car [0.0, 755.4820797783289, 7.100348929755296, 874.8280136816406]
car [1028.8511813857117, 736.1417192352883, 1173.2459677683182, 871.8214120328108]
car [1196.126558319171, 720.5909380725878, 1334.7896038384883, 830.8109465676811]
car [586.2943392932717, 733.4485860846395, 719.9769086365898, 827.177305096071]
car [256.1597773487742, 739.9968235179706, 396.26522866755863, 824.3523287292362]
car [351.1050061908767, 749.0912087780422, 718.9060242529614, 900.0]
