car [1372.881637586922, 761.3532305905104, 1600.0, 900.0]
bus [1056.7124375569758, 621.4103373406687, 1243.4635135237108, 804.0506889554437]
other_vehicle [1101.65070256711, 581.7534162872903, 1372.6018281027482, 852.0767517820993]
car [1229.0003623245484, 741.9900119329244, 1534.1764484550256, 900.0]
car [1461.7048443042067, 765.4039237537387, 1600.0, 900.0]
car [748.4335800472611, 719.0452984754473, 847.8918936417, 805.701097135291]
car [1173.1398429123003, 741.2938346653334, 1362.8384265443121, 871.0407422445114]
car [614.2530563921864, 708.8521058548888, 799.0084381178664, 855.2863087987668]
motorcycle [1311.706051387578, 749.4314696856786, 1600.0, 900.0]
car [0.0, 580.9665792425197, 378.27723752813694, 900.0]
truck [497.1590744365656, 617.5517531362831, 694.9570113359903, 817.5870637037225]
