car [300.2941338962552, 527.7219747931001, 364.6100930054859, 566.8237045006628]
car [569.5290693911489, 525.7042716819295, 590.3454466163926, 542.7598594811706]
car [959.8788074358642, 509.35239074818435, 1046.9566881769645, 547.4651789128599]
car [646.7940964611746, 527.8680813344212, 678.3850935382278, 552.6880568059078]
car [781.348751931963, 510.8343344474534, 826.8129255251316, 543.1096130118925]
car [633.3262863775655, 522.6449395714526, 654.063415188046, 541.2318229667851]
car [715.705739425419, 522.1938105422446, 746.770679896676, 545.8017801222402]
car [1286.16357631173, 511.9609778010034, 1499.9217636873454, 569.1172194010245]
car [529.399518827653, 528.9005370189544, 551.9251087372662, 547.8156498391911]
car [391.0214552040369, 521.910545503348, 466.91580238402713, 576.6313265556485]
car [1204.003885533492, 505.72786937315647, 1431.5900529987587, 569.3563392855923]
car [930.3495852759817, 511.66270815905176, 980.4487681467199, 536.4897715059527]
car [598.4429978304667, 526.4913994244882, 621.8011134803246, 548.3731454675082]
car [502.0431250707496, 528.2539700798965, 533.0774931292391, 551.7285640839613]
car [555.9712518240982, 527.5968730905571, 581.6271913794014, 549.6835375984466]
car [690.1053554515366, 523.2275198429006, 714.5371986048476, 539.943531892434]
car [232.55935693384404, 524.9535004377644, 293.16783549079844, 557.2951787476395]
car [891.4954483852352, 511.1550023832333, 937.1812717225948, 538.4100358223768]
