car [405.19318305311253, 504.9593293706664, 508.787645907577, 583.9853139877597]
truck [659.3568536076214, 438.5602467971358, 746.8403015988879, 542.5929352378407]
car [837.6047141199356, 442.79254182438797, 1514.0582810739281, 821.9329082037146]
car [490.560735281345, 492.12988358615775, 560.831134141677, 550.6233550588144]
car [291.13505889714816, 511.0627208503591, 468.6435230618466, 632.1187633347279]
car [1528.7832947680604, 509.61402900533506, 1600.0, 584.380964475234]
car [583.1690049200075, 496.9950667295366, 654.7260808867902, 555.7679012147812]
other_vehicle [503.41284370388405, 456.1258083707245, 587.8486129517387, 540.6290996208629]
other_vehicle [557.5798631463754, 477.1032748019202, 594.3471904459099, 517.2473735784935]
car [645.3505076537127, 499.0246416348003, 668.8244841404925, 519.3464540351939]
car [1205.3858904335038, 510.69185287044104, 1324.0433361072176, 557.3680905227922]
car [786.2846244631844, 498.2983190147747, 866.7415025455989, 549.2991386612451]
car [450.6414277791319, 504.98121270216757, 533.1943534390098, 563.6485306918133]
car [388.526022241853, 491.6685289347883, 455.9894176034879, 514.0534909316148]
