car [815.1193593464104, 524.3692392775613, 907.1135514937437, 578.6699600496958]
car [499.9773019952397, 547.2473418665679, 648.5406202660678, 617.9552036483152]
car [719.9129611241506, 537.5678535736957, 845.3544583543487, 597.20853924]
car [619.9759146454464, 548.2934698774218, 769.4884864038089, 614.0796764195369]
car [876.8329135729076, 520.4215199458599, 959.2350276228614, 568.1494496169651]
car [941.8767786152533, 518.9490699117387, 996.3420634612634, 557.1086813794307]
car [985.2776731676412, 521.2927180810517, 1025.1261150809446, 549.0836641148721]
car [389.0339294036838, 551.5170729841373, 633.7364006508417, 656.1606717050824]
car [651.7578578730738, 547.3447916624394, 753.3661220391555, 594.8415400232489]
car [165.34871844179509, 562.0611412357847, 415.83847844237073, 667.6773164017569]
