car [0.0, 556.9614547595219, 133.33482014409685, 626.9643613706407]
car [275.0756019570775, 549.054889809077, 337.6911215165739, 581.7155379639432]
car [345.9826963196903, 550.0620317593335, 410.9243227520025, 579.0572227758105]
car [2.472435010374121, 556.4732166879146, 138.64943604703294, 609.3067758665712]
car [318.66231404907296, 546.0580000406017, 379.8116567207129, 578.6157651592716]
car [596.8602161869261, 537.7345555481235, 615.367678753585, 555.1224230100767]
car [392.298236175131, 541.6589083741296, 445.04548655640997, 573.7207871967026]
car [257.1089312865991, 550.775698017991, 346.5979305585657, 591.3669634828517]
car [0.0, 551.5684869313496, 96.25371143367384, 619.0121059981723]
car [443.06255263675024, 540.9531052272924, 484.57770354856706, 567.2860741739612]
car [501.61090522425786, 533.5463268018292, 584.9078094648474, 600.5172469756976]
car [621.51706595774, 543.3025330587802, 659.2304040254496, 573.9689800206912]
car [0.0, 528.4436997431775, 370.15536823578117, 853.4117230453611]
car [152.00266817193292, 545.2529121511141, 276.18856735420064, 601.8207581245181]
