car [930.1834717150388, 531.1951019770597, 1147.3133871268685, 612.568488562054]
car [0.0, 513.880202543164, 183.87930152882026, 639.5480335102498]
other_vehicle [1258.338126563896, 538.5018369282398, 1341.3349405359063, 576.0008197427334]
car [1313.1300765652445, 435.5462456130078, 1600.0, 732.2285198941587]
car [1104.8385957637088, 528.3144369832288, 1254.6659203701838, 590.4783610904133]
car [501.82677597398424, 523.8992854690474, 704.2516435234883, 608.0201898832506]
car [1160.0137384876202, 536.2188097237481, 1325.0063147137998, 599.5031013707984]
car [0.0, 459.70664564278513, 387.41502280005375, 679.8855470289433]
other_vehicle [890.7972711656158, 513.4652548561477, 1040.3467386577072, 586.2611428015146]
car [320.64874915012535, 540.3676943397141, 492.4845004726372, 607.6308019356765]
car [745.2914833499278, 542.6702253840187, 874.1304186049601, 592.3937367826918]
car [1303.0806361933107, 537.9968741743337, 1438.4264516202277, 592.1987058805731]
bus [1311.47065239346, 523.3662180269047, 1436.3118376588307, 575.6145779660618]
car [828.5628516392709, 533.8930975150207, 1011.207348700921, 606.887813694861]
car [620.7392777432522, 523.8157222173886, 898.6680652672296, 628.3385769160357]
other_vehicle [1100.0260169706655, 507.53078282723664, 1244.2545231000438, 581.1761748005879]
