car [402.6070857177858, 528.3149121114537, 451.25105058013224, 548.5529648956735]
car [533.4517499747632, 528.1127901793361, 555.1186187755122, 544.5116732443674]
bus [647.2451322633704, 480.93956998177424, 721.4451357389466, 564.314924360631]
car [528.9265001434724, 530.7431561529049, 594.7082452270492, 577.7523774094292]
other_vehicle [670.9675746580223, 435.7224416450029, 841.1947334676286, 610.5641907857596]
car [723.0167042686617, 534.0826058666772, 904.0702509364983, 651.0249067193809]
motorcycle [1420.356888969555, 580.2302172036517, 1600.0, 900.0]
car [667.7629690755351, 522.858708154378, 727.0034151526357, 571.1475180669049]
car [482.93368197334974, 525.1220669053398, 523.1757096523437, 556.1156736514025]
car [806.2423001414215, 537.1776190051348, 1511.738343513048, 861.0399565782475]
