car [1235.6471239454972, 541.9154459729341, 1372.856268116897, 598.3935260261541]
car [1160.4896420852378, 539.2078553691151, 1273.0906644221454, 584.0615950351607]
car [1364.7885015172276, 546.0881678173557, 1489.413494518977, 587.246492970606]
car [0.0, 541.2534136700314, 45.10577868725666, 743.2079987253418]
car [1449.7358037000088, 547.275012687971, 1541.1947197162592, 579.9817731177552]
other_vehicle [1279.610328063214, 519.0211830742857, 1400.3309867548153, 578.0098315020415]
car [432.8877265825144, 547.1090026626403, 568.1174993881476, 598.4948714544314]
car [1103.1892864713077, 542.1374520170785, 1197.7983953112291, 582.9826810805697]
car [1072.497507536956, 546.5422548511523, 1181.2505401702235, 587.5695804733008]
car [1332.3266386014764, 530.4599074285273, 1451.8181256312764, 575.8624789766588]
car [1480.9152108914802, 539.6525514573301, 1554.2965028630078, 570.6409172220483]
car [0.0, 485.37678297165127, 470.15776178727646, 850.791895487532]
car [0.0, 543.5802883913615, 957.9347677453898, 900.0]
car [1154.9641857113352, 545.2748194311101, 1288.8437549267956, 590.2441072899603]
car [202.41139822357235, 539.7265370861545, 283.12884348568525, 585.2355276127886]
