car [745.4578253952502, 515.7137281329583, 925.3236359739932, 649.2185951267704]
car [308.21836866517947, 529.6359375517546, 397.1680850441461, 574.2154713946125]
truck [389.6778111084224, 513.1164600902321, 484.3377792771353, 552.7876349882398]
car [0.0, 532.0342628305386, 220.3925143850051, 621.5565053835988]
car [716.3146812672229, 540.3620264776077, 814.4210879381535, 608.0550802040549]
car [115.38261531044468, 531.9645287787213, 208.44565979089708, 566.638429589095]
car [671.5329071518404, 529.0506080377979, 730.9050470160271, 572.8227528059007]
car [551.7781295534802, 517.1347643833986, 669.7743137710846, 624.4496183580184]
car [680.3753716786904, 521.3487698521412, 746.2833344107544, 580.0326787578114]
car [956.7095937598331, 551.5211167788457, 1600.0, 900.0]
truck [596.5959995240349, 499.89186470465285, 646.3857627135643, 545.0251010425301]
car [386.09984322344724, 526.9694222372124, 416.86096809950254, 545.7072919951178]
car [413.2040268913969, 528.4231402353705, 466.66149501368506, 556.9650354491828]
