car [929.4051320775785, 489.2207026451154, 995.546942297716, 522.5492828899813]
car [593.7727040851729, 497.545030072312, 706.5831438180837, 536.005327415185]
car [1073.5113221840118, 496.9245685224173, 1140.3844341107388, 522.9526259686829]
car [485.91690787396976, 499.43513138565135, 594.9523432222329, 536.4682918859144]
car [1454.3030786527597, 480.89411637918965, 1600.0, 535.4524192734438]
truck [1120.7764426138697, 463.2379867514974, 1213.2769059874834, 514.2896216276456]
car [1005.7780058561648, 497.6061051977674, 1079.549823503568, 523.7699764725669]
car [958.6562984899781, 493.8221039603, 1027.9151679999359, 520.5954380554014]
car [836.3642857252393, 492.06336140366386, 894.822523055729, 510.68515515012007]
car [1121.3233487689668, 493.63343856607315, 1181.9557528733478, 517.6912318199767]
car [24.93987226556487, 499.94867862709395, 124.17249215435334, 533.417036605249]
car [647.1156666782186, 480.8739960555104, 746.6788688791596, 530.5771458018692]
car [332.08297379983367, 493.9340897338415, 475.4886830223449, 544.1816430975615]
truck [1253.4892974487357, 480.43658236172723, 1309.750250892827, 508.44498446762134]
car [71.47882739592976, 493.78123051571777, 258.48612036169135, 556.4834604636657]
car [779.7280904394671, 494.4808273990024, 864.4818581555746, 528.8144138503761]
car [914.2101627633167, 490.34244739434797, 967.0662568303267, 507.4408471319125]
car [17.817518123772366, 505.43316233899293, 204.46110297685928, 563.152709104735]
