motorcycle [761.3973653862071, 548.7314512590383, 956.4626350271722, 675.6664055341367]
car [668.48627592205, 543.3263325175218, 757.8978251927145, 606.6791570324593]
car [541.0606257615724, 536.7567400740473, 565.095902367461, 555.9198980277133]
car [387.9939142620519, 538.0412040364104, 434.9063926875072, 566.7306210728892]
car [801.8266905261347, 551.0949240144554, 1508.3949978118098, 900.0]
car [432.84616291276274, 536.7368591248655, 471.9008926733115, 559.6540143986205]
car [701.6743456354754, 544.7990606724782, 861.2312188919883, 643.5603659451237]
other_vehicle [639.9269134031033, 477.3230868701578, 746.7424984040011, 590.3227430486293]
bus [625.4719959094349, 498.9475151389328, 684.8895513559028, 568.339449184139]
car [491.01521389264764, 537.1857123501201, 521.6442841174429, 558.8206350294308]
car [514.0889180173023, 534.0422799996846, 536.9796386969674, 552.691774126742]
car [1538.5830736393889, 426.65588071842245, 1600.0, 900.0]
car [455.70248887847754, 533.9444406533134, 489.3107737854103, 558.7990428586543]
car [0.0, 550.7342350958845, 82.29698855750387, 589.074888948167]
