car [1479.3415346707798, 550.7422259465004, 1544.1506783766629, 592.9098259442973]
car [953.3257791177601, 556.5741699009541, 1010.9499513218805, 572.816198096259]
car [706.503060657557, 553.3970884932165, 852.2261621888296, 630.6187533330395]
car [0.0, 558.9895749649733, 149.1724232317212, 653.3426198834393]
car [0.0, 530.6676898846356, 37.159741431317116, 633.5476004122867]
car [5.9242447563561615, 523.2915985541372, 435.1068703781678, 712.5606027818958]
car [1255.4068348417813, 551.5945058460528, 1306.7889315236991, 577.7930110007225]
car [392.8066266255526, 563.0469895527817, 535.7903796428086, 619.0969385413622]
car [1502.8118909222665, 554.6826477867822, 1600.0, 610.4289606032993]
car [0.0, 552.2145694403341, 272.427866149263, 667.5158356444521]
car [1348.2246142626698, 531.3295510064573, 1428.3271613310133, 594.6848093373496]
car [916.8164091051202, 557.3646396983139, 970.1942783455804, 581.964796834233]
car [478.8094523666356, 548.5072959097294, 720.3316576665854, 640.6846159239769]
