car [901.8581165477079, 554.3692547700259, 1045.3887412935271, 605.016822334188]
car [1328.3407984691642, 550.4141356455021, 1435.8226047169405, 596.6728413891217]
car [0.0, 556.4647689471497, 110.59487495698063, 900.0]
car [801.7498075663202, 544.9525864191288, 991.3909002160906, 622.0825349103077]
car [1118.7545815684593, 554.372228482627, 1247.8474550899318, 606.2174634792198]
car [0.0, 545.5602452958104, 127.57126996447317, 620.5538916626575]
car [405.3225157377447, 546.353404108616, 672.8653772928824, 643.8293706780657]
car [1333.3504451244582, 544.280452028153, 1417.7438040973875, 583.3306771077393]
car [0.0, 531.0180442873614, 63.66044224691308, 630.1290145074247]
car [1054.404323348054, 544.3783670244951, 1130.0693131290648, 569.8552508220024]
car [1417.9929665274242, 549.4755302550126, 1511.6012769899728, 587.8249548469554]
car [977.0942749146159, 546.9642763594943, 1094.5269330474475, 594.3191238890797]
car [557.9440090455805, 557.2118391274154, 721.4433974270112, 610.3709267786681]
car [89.35866279080483, 544.2098237361631, 344.90618183933816, 639.0701469741216]
