bus [0.0, 467.48440846553603, 137.82803025741177, 544.5585598285502]
car [511.4645334717373, 516.6251312117636, 715.3064377181422, 591.534396487776]
car [292.12524978205425, 505.6356640287823, 497.04463939121445, 583.387524470978]
car [394.05762926344875, 506.0449393631388, 703.447722784286, 626.4419524934268]
car [1418.5570550094697, 553.4755725922205, 1600.0, 648.3761908255732]
car [136.50357769527076, 485.0334239078538, 379.31114939310646, 592.8939250024276]
car [0.0, 484.287530139837, 141.0356620278433, 566.6438917171454]
car [1200.4384825604843, 532.3323221358114, 1600.0, 674.1365674719859]
car [920.3704962285658, 489.8792741015735, 1555.1343416439054, 722.002250782006]
bus [6.584483424493162, 421.17065559220373, 338.29379181923446, 559.5349558463519]
car [1269.899468494935, 534.1996075744189, 1600.0, 653.80567466527]
car [873.413548514009, 526.0069712436997, 1102.254962975312, 614.7306196295552]
