car [1037.0620450211832, 426.96468448048637, 1410.335050632928, 781.2443309193002]
car [671.9048326642112, 496.0976195524101, 695.2820216571357, 516.9758413016442]
truck [573.966365528694, 478.3599054808428, 600.8612552752472, 517.6188034394315]
car [419.235643981136, 505.12462281272917, 504.88060507784945, 531.1731454650964]
car [713.5787707239521, 499.24282682228136, 738.4037903949306, 516.8682424763872]
car [373.1041787791054, 503.2207055501356, 451.05752268518944, 527.301195699709]
car [0.0, 500.12659236746316, 189.07183959614977, 575.2144608289327]
car [562.8211624893062, 498.2360062575975, 670.5802817463015, 593.4010579405974]
car [891.3794669435523, 497.4805229994424, 976.7522635585387, 539.3933307525245]
pedestrian [1134.639084569225, 491.6098079032954, 1160.297449886469, 530.2793669632654]
car [308.02764437137336, 497.8806455336228, 398.47157598549694, 528.5295290703275]
car [733.3176955035469, 498.83584770951506, 796.0897296646921, 539.2298015760424]
car [1122.4760154755572, 496.1871858234228, 1386.197763310976, 581.031154142505]
car [993.2404527115602, 488.13244184929175, 1143.1289568701518, 557.2600867591448]
car [834.9947405488365, 500.0627421117569, 900.767156845534, 531.2347838247713]
