pedestrian [384.10245129824807, 501.0209867275603, 411.7471764787947, 537.5018776590309]
car [1085.0404573736619, 506.5908725309325, 1221.3768523134077, 603.3824812118753]
car [0.0, 507.9407175923657, 5.072193524892591, 575.3380258916178]
pedestrian [407.2188868914617, 505.54062402152925, 433.8991746287353, 537.2077916671083]
car [287.056862971431, 490.56027987179493, 374.18575249921366, 531.9954205173437]
car [50.60111844647102, 493.04248352367375, 197.67838518781693, 542.6593488757445]
car [1097.6527524728815, 499.29763704766, 1165.6291222663162, 558.7864212058184]
car [1224.7094220508561, 520.3236183724971, 1287.8713482440203, 552.4419461075045]
car [473.4003178825902, 495.5346059130831, 571.118438555472, 540.4048136460888]
car [0.0, 490.7229428118261, 233.42466045451715, 650.2461667264942]
car [1351.210321263998, 532.4920233345349, 1416.043095282352, 563.8049790138335]
other_vehicle [1599.4491942455202, 572.0436576909337, 1600.0, 582.5920775752224]
car [66.23376203103219, 507.2517779909907, 351.34576634280586, 608.434620890445]
pedestrian [432.62839228803506, 494.3724462411351, 453.63705406034825, 533.5821192919162]
car [913.1277899718604, 512.9021348668065, 958.9356103743719, 551.7091800577889]
car [1389.6111216570505, 533.6481584282191, 1468.2159420917221, 567.2896076252314]
car [1244.7344072356675, 523.2066236583776, 1293.9310664067687, 550.5342541436114]
car [1046.5288617926738, 509.15611199928196, 1087.4695465910222, 547.4695983774408]
bicycle [458.9226798308427, 509.1186447135135, 481.8453095942938, 536.9583984021164]
car [1256.1008145943952, 527.4832290327978, 1304.8648283756297, 552.5698381722646]
car [390.4526203057825, 503.31266986096324, 490.6360734953436, 540.1622374803109]
car [0.0, 506.94998753263263, 159.7464042650756, 594.0261905422346]
car [548.841485105364, 506.18916637594316, 640.7753821279475, 540.724644305068]
bus [1286.9906449845887, 505.36101129391875, 1398.599158526351, 560.2250047315065]
car [896.0494111081096, 517.3274041938141, 1038.3509247910545, 629.3781399120852]
