car [954.0524536698202, 501.11748522986034, 1228.3848298213175, 629.2131537205604]
car [581.3885217279668, 488.8204060289744, 665.1626435314558, 560.3865069796253]
car [922.5695185933214, 516.1532912815906, 967.831391331268, 536.4768418497302]
other_vehicle [0.0, 71.23735268754062, 528.6385856498239, 896.9501760865754]
car [490.4183030973358, 508.2954997828955, 560.243725415734, 559.2888117263959]
car [382.23751315180414, 490.65499908875574, 531.5510566005453, 606.8154165067357]
car [672.1982360702257, 504.62398537634493, 715.9616321374818, 539.4097882998203]
car [1179.470563963687, 517.8988389338207, 1307.848948885881, 567.3739136312502]
car [797.9816214894522, 503.94558285074476, 896.2627272827954, 561.0346255661742]
car [705.3651614665537, 507.91142876873124, 788.1716829982087, 562.8583439321948]
car [535.6990139803627, 507.98800504914124, 578.7105500592546, 538.5721762084223]
car [1520.9180044862442, 437.452538527162, 1600.0, 766.0278326828237]
car [647.9378238453219, 502.99186513035096, 668.8531329897661, 521.6441162808683]
