car [552.9478818863907, 501.2558719606758, 585.4221421244274, 525.3898804725436]
car [909.1573271837733, 511.10319936439714, 949.9683417787165, 532.1399194493353]
car [846.354596823042, 509.28437128873617, 874.2614944106662, 525.2183484759674]
car [684.5473617961494, 503.8273340778832, 745.653734870544, 543.7012381914615]
car [0.0, 444.1995029426224, 436.36254698112907, 798.0473990219962]
car [655.090131087527, 494.48712694870267, 684.9782079964216, 523.1141284930874]
other_vehicle [958.4848087543078, 486.489109130687, 1071.8507964481093, 541.3469356035024]
car [885.8971183343288, 507.2589008401708, 926.2222558163216, 529.9053290733812]
other_vehicle [1056.5270535040986, 485.6497226972652, 1228.0853205666115, 556.5820372404085]
car [578.494034402209, 489.19122415115345, 659.1847199797954, 564.5221985080234]
