car [166.00722293728523, 486.4254469208689, 576.0768227890762, 679.4476564044656]
car [1563.7641745725648, 540.6142693297969, 1600.0, 627.8909589931657]
car [84.03590798605326, 509.32761563053043, 185.61362399008758, 547.4517056377398]
car [685.0342475551331, 523.4134980380445, 898.574743019515, 592.3982756643644]
car [0.0, 507.5774367700483, 57.811804028517976, 552.6008678920908]
car [673.2981495705442, 527.2313994881739, 840.7398375610513, 586.3341435147573]
car [0.0, 497.68724192616736, 73.65935135023811, 548.1645182088043]
car [82.50439773124049, 421.0446778373596, 1481.2423502528643, 900.0]
car [1078.4117024215147, 515.5098532426406, 1372.0109201886646, 617.1994164184022]
car [151.55087049706975, 509.30376869068186, 277.1979934653673, 559.9084832225421]
car [1223.7195179724663, 529.9344312285974, 1524.7033559329855, 625.5982208050218]
