bicycle [777.2237933813044, 532.8024693946932, 810.7228509047968, 560.3832833542988]
car [321.230270288498, 541.6244641431028, 383.865179917262, 573.1488372088423]
car [71.86903751014124, 548.4283390607859, 149.70453768623722, 571.2274089229837]
car [612.674119395841, 533.7076385281075, 673.0948545553778, 589.9446557663002]
car [389.7768398384728, 521.2863032896319, 529.0756521853713, 634.3844863297147]
car [720.46954316018, 528.9296880038528, 792.9416020121907, 583.4288453514463]
car [383.285119945793, 530.0805304480299, 453.7772585926789, 571.17165717226]
car [736.3229895746279, 540.7537820637465, 822.836119196948, 598.8507235785974]
car [279.1799057720686, 540.753880320416, 378.0733718999107, 589.1523439085486]
car [567.1202828819364, 531.4843720945541, 604.8732422390862, 560.5689344067291]
car [497.5738036355239, 529.638787773477, 567.7075832962187, 585.4569201514719]
car [0.0, 548.8386649223767, 63.299545317900716, 603.587247315686]
car [593.2574739798586, 540.0842612325868, 721.9623939458248, 657.6905652875113]
