car [806.0492367866512, 508.8310412543014, 894.7403541182196, 538.2919621479647]
car [531.5661933045556, 516.8223161916171, 614.7323041459781, 543.9689577475854]
car [694.1042830033571, 504.83670306839883, 804.8768483572925, 540.7382812633116]
car [266.6054241293115, 511.4837178355734, 355.60930153637236, 544.2306856914468]
car [852.4750355591918, 510.816562825944, 926.20196469192, 534.655136356409]
truck [1560.2479950165718, 370.4457461026443, 1600.0, 853.5165416474001]
car [53.46596964122538, 527.0511962411603, 160.12798395642892, 555.4974984314573]
bicycle [790.860691000285, 514.1926627024325, 834.1309252859297, 578.5917005569316]
bicycle [718.158432606922, 507.2225605692005, 746.3799308173172, 557.1377115184561]
truck [1354.0696722323746, 486.15252923081334, 1458.0055426350743, 524.3066536918501]
car [367.7250170074869, 519.6152124572336, 463.4887049705746, 551.0700253025751]
car [329.2778427974161, 519.8400661030374, 410.562090394663, 547.44172485338]
car [0.0, 528.6044005668169, 74.13365274316727, 553.9952803164006]
