car [369.9463737543304, 540.7110623991581, 457.08984974496883, 584.5967736059163]
bus [593.4535106621637, 482.62823167983106, 726.6529464823489, 610.8200399896832]
car [291.25175607208365, 538.8668069746934, 374.88886484083196, 577.2959919592882]
car [0.0, 545.493342168513, 79.44533202295054, 586.8413211349883]
car [786.9059390603983, 544.527111431202, 1414.8132524015261, 759.6335428591652]
car [0.0, 539.0744792262417, 45.798061973536655, 583.1515117900033]
car [461.9039444395164, 536.9968509078734, 501.5553032807961, 564.4325371234307]
pedestrian [756.675270064475, 531.176855731046, 803.4937101864882, 641.3685575091256]
car [0.0, 505.76893443684844, 205.6888522542219, 595.320608582699]
car [1534.3405255285563, 545.0359528981576, 1600.0, 775.4314875015265]
truck [337.84092337982497, 500.1994288193619, 447.78115554785415, 572.1079454147152]
car [594.3228919878555, 544.221696874959, 619.9876788818888, 559.4663390371738]
car [182.50367453751613, 536.2280973085183, 296.43715240368897, 583.5721404181786]
car [434.0888518945834, 536.3418280708863, 482.2457357834672, 567.3984267158488]
