car [149.7293429602918, 545.9428428677807, 262.4369661002068, 589.2036103764619]
car [100.92499935218488, 545.0177002765998, 191.386202640094, 586.2256484343715]
pedestrian [989.3480277686333, 491.75038129192717, 1110.5733963791383, 719.0703051306668]
car [156.65321229662362, 540.97138662796, 251.99434235454495, 583.4557888756965]
car [1155.1484568780297, 523.5698631907412, 1280.034788190309, 558.3401182235136]
bicycle [736.256767354156, 541.4580576635285, 758.2669789101323, 556.688156580471]
bicycle [760.1122802339947, 532.2091015392477, 782.0889893348962, 547.325313279753]
car [295.87029845757917, 531.002560721923, 371.2828273134591, 567.9469850354254]
car [676.4301158843373, 533.2090401677369, 696.3193147088824, 552.3055484783238]
car [369.62326334904105, 542.3684449064414, 419.08380940816073, 566.993594542991]
car [1127.2033094934254, 520.4649726178643, 1243.6463640934007, 555.3480343400977]
car [203.96384982338407, 539.4624987943557, 429.1453180510299, 614.5990600964842]
car [388.791903732512, 536.5204411260097, 427.1260420109202, 559.3529746708216]
bicycle [737.7244848380212, 541.4397775473859, 759.8751830927926, 556.7636471163592]
car [66.27777479981532, 549.4103414572126, 175.27254413377804, 592.8153309424841]
other_vehicle [258.34792041488896, 522.0525348037685, 341.1770587396898, 571.8980050527539]
car [219.32941921876568, 541.7281296029366, 319.88539820818824, 591.2403810002435]
