other_vehicle [105.00896138828843, 486.2106351181682, 249.0191913081919, 556.2015159902772]
car [426.5812947026937, 492.15453807973165, 738.8098925164502, 618.115627050114]
car [781.4971892539822, 516.1148084386988, 1171.0935345273529, 643.1230020294176]
truck [0.0, 274.44421939942583, 65.80522911452009, 690.5543880797894]
car [140.90216663057822, 487.85677490071265, 414.06106485243316, 593.9551823595734]
bus [1017.5153423761903, 481.5023036223116, 1600.0, 643.7329961172139]
car [319.42793807416297, 512.6015489483183, 499.28623079723866, 580.6867951991607]
other_vehicle [344.7077698529657, 469.9213323424299, 587.0356017733702, 578.1402014095708]
car [1354.5672129926973, 519.2031967757473, 1600.0, 705.6928017168816]
other_vehicle [753.052902015993, 515.567081776344, 955.2899754254207, 600.3490297148147]
car [1274.274784081227, 524.0898464426683, 1600.0, 679.7223246125247]
car [0.0, 500.6505814878854, 185.26407031868663, 578.3614694497976]
car [969.7564918242599, 538.6120509666871, 1247.85746438705, 629.1901735020467]
