bicycle [1215.5942718086123, 543.7381216485346, 1284.5287534225606, 576.4895293630016]
car [596.304585032305, 533.2426674650001, 614.6564219304499, 548.7833336006644]
car [98.54349812202081, 536.5889994118443, 196.32769333242095, 576.5484814007407]
car [626.6436797122365, 534.0271836462849, 645.9843198635139, 549.4221745975025]
car [430.895908510977, 534.8881366503574, 481.14579591091837, 562.0314773872603]
car [314.9036876307258, 533.8067984792841, 360.6324238817716, 558.317351818452]
car [391.2322125311889, 534.6748015407157, 451.67682765925144, 566.7705442480951]
car [275.49142512969445, 539.8821050121883, 327.0132864297096, 562.1537713983869]
car [234.3115564970456, 532.6486269348568, 294.69182241251644, 563.6869490333186]
car [497.91755135392515, 533.9717446658227, 531.3935046163756, 553.6125160254104]
truck [452.89091279546403, 508.26356452948335, 513.0293597608945, 557.8054331897644]
car [168.820235634138, 513.0391094299513, 258.65974980275934, 570.9852848116376]
car [691.3420982829604, 536.1224486564655, 712.1734669328147, 552.9337924130333]
car [1407.3865452533328, 529.6887245105063, 1534.3615371622634, 561.7932908933692]
car [551.5038215737393, 537.0265719803594, 605.5421996872783, 579.7057589710324]
car [517.5308771502965, 536.9794677733458, 565.0417024583729, 567.3915738268382]
car [343.4294019908572, 534.6903156613931, 421.81959485431565, 574.9747784153004]
bicycle [823.8024969596333, 540.4794355119877, 866.042085025407, 566.8494644808163]
bicycle [819.9629552857341, 539.6294519437394, 865.9910092051367, 564.9991811961144]
car [1260.144540593584, 530.2619894475147, 1448.8193028916303, 588.3160786462055]
car [972.8643567974734, 511.2013863463688, 1215.3156952640427, 599.7000625862836]
