car [1151.9698259766285, 514.2290742350533, 1296.7220470198015, 568.4834601288336]
car [674.2081001523572, 503.3215204701626, 731.4959768390632, 548.5199435273324]
bicycle [350.9658525650627, 517.0109790408563, 407.04163091793487, 556.0637988446558]
bicycle [0.0, 518.5563782175855, 52.36844888387528, 594.7810400584483]
car [901.7785688802263, 509.79372436521703, 982.7802172029689, 548.2073673473203]
bicycle [60.92530198281752, 524.9116188855653, 132.80407653014404, 599.8547205038467]
car [754.7415493255406, 495.9173033695971, 833.6832219092423, 549.0112613047177]
other_vehicle [1405.1676832159017, 474.10130726560436, 1600.0, 609.3872137639705]
car [1217.0937953034704, 522.8015714245232, 1442.9969632919062, 602.7374328489439]
bicycle [272.69850249324384, 498.5986239689571, 334.624501584662, 540.3018636167099]
bicycle [0.0, 518.0672862608654, 21.042513757356282, 589.239829274355]
bicycle [134.34960338966434, 531.5587969805167, 198.26948399469595, 599.715418662157]
bicycle [0.0, 535.2004781844381, 52.94035760920262, 631.1199754574941]
bicycle [19.883997774589968, 519.1805279332862, 96.13204020931018, 594.326018335651]
car [1130.9579230834315, 513.6958836004654, 1259.4791763519497, 568.6856690820204]
car [1016.1286867158839, 508.19720091988245, 1111.61514514498, 553.1778073339461]
car [567.7901558859813, 499.387652608887, 655.2242181962541, 574.7877872448993]
car [646.8984134041232, 499.309226720935, 679.0579423860112, 526.1658967451439]
car [966.9936030754484, 512.4568160103272, 1033.4747413369391, 544.9778366965215]
car [1366.4037708241317, 459.39187216895937, 1600.0, 776.1126120333969]
bicycle [221.43820734984965, 493.76649126611517, 287.61119437926686, 537.4231862777115]
car [639.9342515380996, 500.85895721896514, 660.9830805776551, 518.5745433477972]
bicycle [0.0, 535.1107069118835, 8.623515988745268, 617.9408848356884]
bicycle [276.7647103663847, 496.93355239095104, 337.4863442832523, 537.8750445407236]
car [807.5742428510212, 507.48952127264295, 1281.2266590963022, 773.2004672686083]
bicycle [352.4025253928133, 516.571336822357, 407.59658824874265, 555.0232796574733]
pedestrian [564.2376117544962, 495.8391910534768, 575.871808990849, 518.8389328593828]
bicycle [206.41390762120102, 503.7181702552683, 281.8313857147212, 554.1377470136733]
bicycle [278.6486080267727, 497.6567689406267, 338.3582958829436, 537.9407292393172]
bicycle [99.3083704744273, 530.9907214436147, 167.0024065867114, 599.8299969007907]
car [1251.7438746175706, 497.06088329525437, 1553.0105780621598, 596.7080058448463]
bicycle [206.02801347193446, 503.09098884061683, 279.5870420896716, 552.1798272522191]
bicycle [208.82268707706717, 502.4870074585954, 279.9005508709443, 549.5756184325401]
car [1053.6673078065535, 503.3007922508167, 1211.648858341956, 569.1477055423511]
