car [772.2713109513478, 498.3553681155767, 988.1017737620109, 622.7888792984018]
car [425.21536958861293, 487.86746125739745, 530.4017243694167, 571.7959261826971]
car [723.5844802584129, 495.4001935351229, 835.188033003845, 567.998967048422]
car [798.2572165813108, 466.95688988623806, 921.6785362276896, 553.1604544004749]
car [901.4554436309716, 476.69578573937036, 1106.3708624110266, 585.3299242925814]
car [601.4947463907989, 449.07936334415757, 647.3686829581206, 492.3615713722017]
car [699.3287790473845, 479.5328856540896, 772.4444026564472, 544.6036912551127]
car [1129.4964588787705, 432.89076807725047, 1600.0, 746.802945194935]
other_vehicle [469.7493876351652, 444.15806382617217, 571.4235356787553, 550.4487283608836]
car [1591.0468472648274, 495.92398373771283, 1600.0, 569.3941084095773]
car [523.3995310928865, 468.2677983280454, 720.131049732505, 656.6191242058836]
car [892.4576706290962, 494.8249536160165, 957.1896044940993, 523.3148117450577]
bus [558.252795435463, 423.7643986406148, 699.894308474779, 572.3632422399094]
