other_vehicle [567.4438184666175, 477.50943481134493, 604.9803013843921, 513.2624988758146]
car [1036.4667326442616, 487.7022492995068, 1474.078216503971, 658.513143581597]
other_vehicle [0.0, 0.0, 480.69275373100425, 900.0]
car [672.3410696185962, 497.0563277156573, 692.4416830043714, 511.80196856735733]
car [1092.1968367960583, 488.7051740647457, 1208.866646355996, 532.9006376892904]
car [580.1858461631005, 501.0182112412906, 648.8203591406692, 559.9986974347461]
car [715.5840483220821, 494.08983181837954, 756.9215189022636, 520.2838199243888]
car [601.1124619286217, 494.081715891323, 639.2849836004632, 526.2358437911909]
car [556.6156049238589, 498.75673188415715, 584.4935986679162, 521.7719407567665]
car [572.0191733301543, 493.6350433318507, 595.2722793615387, 515.8538811783416]
motorcycle [851.3937184088647, 482.15323233582, 963.6980466135075, 610.8746837084889]
