car [1049.3862140498443, 518.1045333545202, 1127.8512696517244, 554.122858959321]
car [742.7213736761637, 505.7987360958175, 800.5665980551818, 543.1116932923424]
other_vehicle [509.46890584052625, 467.7308501560926, 585.6767830845943, 547.3062077647969]
car [671.7028496869248, 507.9836550895208, 712.6707809598163, 541.3482289460592]
car [836.3555085581986, 505.85308452242504, 968.265114207536, 578.7198945102791]
car [590.0496934648235, 492.4715254430637, 666.2328187425744, 557.5497474505199]
car [771.7869266943892, 495.3580802159904, 852.780764984828, 555.9078772276546]
car [1216.475128846012, 524.2846845576634, 1381.0418740596326, 576.6286137040876]
car [495.5560537585635, 485.56317266167736, 572.0257897762797, 559.7829984730579]
car [439.2002612942881, 494.5469398189151, 542.5198767077505, 579.2575408857674]
other_vehicle [538.0096379938906, 475.22392258542254, 599.2961740972787, 538.9745071707931]
car [647.8938244597779, 506.8417122903266, 668.5094223237137, 524.8745634659714]
other_vehicle [77.98995954404494, 382.5875763650467, 403.31451948556327, 717.9582991499386]
car [1487.0502680775116, 495.1948668043473, 1600.0, 741.2423810037735]
car [711.4469004832147, 512.2764731608225, 799.759501579563, 569.7267064359052]
