car [1558.6625847720143, 465.2577522945788, 1600.0, 656.9931779606377]
car [0.0, 437.7155335093835, 258.28572717987566, 789.8294096104853]
car [767.2145563693173, 496.7145832274875, 946.4626683009113, 605.8683446988806]
car [1275.6467739509235, 500.4334838971726, 1448.1774515836032, 560.9044377268222]
car [1165.5021412300664, 501.25989423982236, 1498.873570608297, 621.4109671933395]
motorcycle [562.1938386446842, 499.3316638276539, 590.5859864752431, 524.1558439036396]
truck [700.0289787052229, 452.4463435895681, 781.5980397193578, 526.260697965153]
bus [314.9769997585151, 376.73393088823775, 573.8713494513198, 606.726269738584]
car [575.828827752976, 498.50857066744874, 674.6632166409423, 580.692677315501]
car [52.8795151435421, 421.73273632993306, 463.8200383594111, 753.7772260578456]
car [1082.9690608297715, 506.08801775552485, 1167.5976660734893, 537.5915548378395]
other_vehicle [567.0107963844019, 475.06195481558115, 613.8079262428763, 523.0366028022403]
other_vehicle [486.4808338688988, 452.4363737763526, 580.8245901884247, 548.5177578257224]
car [982.934336266696, 498.1083045983006, 1160.1077888865073, 574.6125261343585]
car [902.4944446971408, 493.6113888516256, 1024.9549715992623, 551.9229564765866]
