car [0.0, 556.0755883688556, 75.61509326865556, 851.8769979638691]
car [695.973051370002, 531.8504453281301, 761.3603753177247, 579.0364934961809]
car [602.8288299942683, 526.8249365925432, 650.3920828643887, 568.790936782337]
pedestrian [923.9343100833962, 512.5209515879659, 995.4202358277596, 610.0454849682569]
pedestrian [906.3062796359264, 510.77540028812194, 972.0788338851407, 606.1536441133846]
car [0.0, 555.5896000856411, 74.847493283018, 597.0842699648434]
car [515.7540106371727, 529.9261334924428, 551.4945867974828, 556.030186154222]
other_vehicle [182.9154411746242, 522.2183193611987, 288.88825462103046, 578.2879251347309]
car [1148.7310788288526, 560.7815799708371, 1573.2312819196866, 900.0]
car [653.1936447433264, 526.4758668799878, 691.9230562930128, 555.5071720287957]
other_vehicle [247.28447137701605, 522.2006075440478, 327.2356891394197, 569.778669099618]
other_vehicle [310.3017217131373, 522.2142344106447, 371.1007421601726, 563.7840472708314]
car [43.834600684092365, 547.4304257734406, 133.1512634613614, 590.4281430764987]
car [664.5431407570039, 531.2640757013802, 698.5526242447384, 558.2599269937314]
car [766.1274547688072, 527.2480816377631, 1068.8277536136343, 704.4060000968534]
car [720.2606353356683, 512.7629816892, 869.8499372702223, 621.5939410467356]
