car [64.22516818460082, 551.1408976348944, 201.86041762614397, 611.3140159442715]
pedestrian [795.553144348759, 533.075485333274, 817.046634685659, 583.624192361448]
car [1560.2606079471057, 484.4290181778446, 1600.0, 690.3953862303949]
car [0.0, 551.431569642752, 81.63600133586861, 593.6295585562682]
car [706.659551922045, 541.4078313778676, 809.8433867746028, 616.5737755917496]
car [670.7363198115128, 541.4967986393414, 723.151650418836, 581.5229956546714]
car [679.9322787201598, 532.5495037081183, 766.2084912148497, 599.4833150431542]
pedestrian [772.1542473256228, 540.2535790747604, 797.7840237298066, 587.8978855850444]
car [576.3732517750992, 534.5375571101905, 595.2321261316742, 554.8154330378358]
car [536.6129212911653, 533.759693061202, 574.8686968842595, 567.5102503323991]
car [647.3241258510773, 534.4950663551258, 678.0498906087222, 563.4068991759216]
pedestrian [813.4268936591072, 522.8315490122646, 838.890190864967, 578.4855984474291]
