car [1367.3052899487227, 555.8572788157983, 1461.8916796945991, 578.809070423287]
bicycle [687.746602179587, 556.1353689431338, 721.0948579726269, 583.5755306111264]
bicycle [868.4303535552227, 550.2258091678044, 899.4178911121168, 575.0077233459994]
bicycle [697.5401635701729, 556.3539256714319, 731.072286072796, 584.0640282821697]
car [429.1970143015406, 544.0686384649263, 530.1443208206147, 593.2157751818526]
car [993.6002988721823, 546.2389674712184, 1083.1491007190739, 581.5737017813257]
bicycle [716.5706626464948, 556.9065704067319, 750.5660572397956, 585.2429718015997]
bicycle [643.8538635847558, 554.9398737458642, 676.1540544786361, 581.004915941942]
bicycle [676.4761552316925, 555.9912610819405, 709.7059297982337, 583.2054326251756]
bicycle [650.1626037009381, 560.1276608053156, 684.6519055028398, 590.4843206808928]
car [1226.5770292262525, 549.2932780012375, 1310.176212613167, 575.9158636104269]
car [8.859207476966164, 551.0171159888557, 242.15045918909868, 627.3955956778328]
bicycle [706.8799203899948, 556.5999147440435, 740.6184069058667, 584.5973037706307]
car [1467.3463569450885, 545.917378774916, 1600.0, 629.4577023310869]
car [926.3669478120985, 549.5474485138338, 1005.7411664983377, 584.903480516994]
car [1514.0541850369818, 550.6514225002264, 1600.0, 684.6790316726156]
bicycle [667.803397455697, 555.7351440125997, 700.8102227744276, 582.6616193147964]
