car [508.937522578592, 543.6825516585087, 548.0680475540981, 569.9731263590706]
car [185.16381336776686, 549.3699160696167, 373.5112755569387, 646.9823105797904]
pedestrian [1059.355345317223, 488.5158858368679, 1134.4978816234834, 632.4009285462236]
car [550.088359462103, 546.6873578300665, 591.967452017126, 579.9404117550451]
car [531.6619168250398, 538.9481344822871, 554.5314482118413, 561.8937045215838]
pedestrian [1067.4351662198335, 503.78987154102674, 1138.733389448725, 626.5654005006952]
car [143.89513532807524, 553.413995161041, 212.93547545794522, 582.7321673250963]
pedestrian [1024.0153688143703, 504.8937546708715, 1085.7010727058137, 618.9505528405545]
car [188.7495120777035, 551.4432120383714, 253.19129809529667, 578.4111175059387]
car [847.0711104586072, 545.6957066363985, 1280.0028100875918, 765.8402105255536]
