car [0.0, 469.62547625214415, 152.09006879119107, 679.8170972530856]
car [1300.2228617812311, 499.3848027751077, 1475.732406286319, 553.8669664167583]
car [494.3059617843016, 477.32676374446464, 691.6336791169964, 636.6809597626457]
car [807.9074451244807, 498.88698430289753, 924.0217825020519, 556.2786926212974]
car [519.6888619722081, 499.14521155459414, 565.607729165857, 532.7821718448856]
car [857.1108946805725, 458.557809806879, 1476.6979542711429, 797.8484311992077]
car [861.6061798944864, 494.76764004557225, 951.9874372256794, 540.4993842620246]
car [670.5379812850489, 486.9679494334857, 728.7495370838883, 537.1870182857479]
car [1092.8714885148584, 496.23575153267984, 1194.4032491978082, 536.579032129451]
car [1196.6811611424325, 499.156087272857, 1331.9495791846653, 546.7838699835943]
