car [959.8534160294034, 771.56247806506, 1080.9429283824347, 889.6062691264455]
car [0.0, 752.1293422116615, 95.36988670398651, 832.7676720321209]
car [0.0, 759.3435685649654, 428.347655446586, 900.0]
car [589.7289894098905, 749.7486089110552, 716.7461821592583, 856.5516294088994]
car [401.0682526407252, 767.9568333015859, 608.6389306208667, 900.0]
car [827.1925210382891, 757.5436997928664, 914.1922636156227, 842.8740747033954]
car [1186.309206302882, 615.9124513276065, 1455.4975692563821, 900.0]
car [1267.677534484637, 762.0590441241774, 1531.8140805798596, 900.0]
car [718.5372666562182, 740.4007976677993, 804.7330764350584, 815.695768971054]
car [1317.8957883719042, 757.5653669496024, 1600.0, 900.0]
