car [627.3045793614945, 534.4614417278625, 658.9031364915629, 561.2138516700369]
other_vehicle [364.1715431338569, 532.3821804500705, 414.03633883104055, 564.925915782637]
car [599.8763679764124, 533.8560030374819, 620.2888358611161, 552.0314853298601]
pedestrian [750.3958902424416, 531.8450587470315, 772.8234753708668, 566.4900034251851]
car [350.38425856465693, 535.5912067988058, 453.2861483787886, 596.4871152931979]
car [673.7108929108995, 534.7878501622565, 704.7311607707428, 556.1178163960184]
car [733.5545864184123, 516.8474209959048, 876.3301804418492, 625.7103645306835]
car [540.7992501361341, 536.2652156046499, 567.6766771651169, 556.2610267535779]
other_vehicle [258.75530650029276, 525.8869895245857, 345.3558399754749, 576.6733361656802]
car [573.807053771615, 535.0362779589623, 601.8406542966993, 558.9520616179644]
car [804.5238099387172, 514.4836867175857, 1067.7449611285099, 699.1545419333218]
car [462.54276790009897, 532.7390429923546, 561.424695915692, 605.4188751947117]
