car [731.1612258420762, 514.977455611388, 799.4642728858049, 573.8056767769019]
car [986.5016256060604, 500.878465592286, 1090.8701947247223, 572.4183102457177]
car [1203.1994839847703, 503.98236334333365, 1336.2070814798426, 565.0371799633867]
car [934.7557489501747, 504.8138595525815, 970.4417466716471, 531.0900872495635]
car [692.6461657454294, 519.7928354238225, 782.5700851850481, 592.4917001539396]
car [1282.0318810609733, 496.53602219849137, 1429.6613628843263, 558.5205622513054]
bicycle [88.50013562641915, 546.6678525038701, 178.83190363621807, 590.8147235832506]
car [780.6490527383203, 517.3916719325464, 825.8527096299797, 553.1595469482472]
car [963.003254130837, 507.8424494354096, 1027.6250408597919, 551.6230846173455]
car [687.7410218552409, 516.9491103546055, 803.488662512476, 563.0763675667681]
