car [524.1084164618661, 522.9546948626728, 609.7709491070998, 596.4400189270938]
car [723.3529069707168, 527.7153940153742, 829.8749666922166, 604.6585337996482]
car [0.0, 539.0158022897268, 156.9164125237843, 740.8142245295905]
car [570.6772329175432, 524.3590908471423, 601.8329432362517, 552.7256160324699]
car [520.924138120189, 528.0168137860181, 555.0755797511002, 556.2116953394008]
car [0.728185335339492, 534.3464896590738, 65.8797167967842, 567.0941148530994]
car [358.67505329579285, 530.6348268062408, 397.1484930964833, 549.9251642872591]
car [413.1588302590506, 525.5860922328795, 490.6224495799374, 580.3265981483955]
car [146.26856039681905, 532.5772511443151, 221.55311862504874, 563.9327009959156]
car [232.5775196026235, 524.1300775968581, 327.9292374573782, 574.2012815044227]
car [684.6621151262683, 527.380223779091, 732.790048947015, 562.0167343073091]
car [692.8192647453831, 523.1564098032532, 750.0499551201096, 570.4693452103033]
car [711.342461455266, 530.1013536932381, 788.0710558808796, 583.3161273214041]
car [313.86061219014, 533.0692484894764, 355.0255007966765, 553.3885070771706]
car [62.95460576785458, 530.9262897872651, 168.49514453301583, 570.5133151759868]
