car [498.58263859104187, 534.7819976563593, 596.6227089071332, 612.8567486433468]
car [1444.6033584991103, 523.6759025364803, 1600.0, 742.7411595989191]
bicycle [960.0623652757843, 550.7217779517717, 1040.2041208684318, 601.9923999644582]
car [0.0, 533.9892489183637, 111.92001098487955, 627.7915601678695]
car [99.37433280015895, 525.9214265882757, 269.17548969535363, 602.5370876297974]
car [614.2470308722178, 538.5099777346975, 632.414298916726, 557.3266491159942]
truck [244.04614132557683, 462.2235642675074, 485.03076689023345, 630.5010773303352]
car [684.086924035378, 540.996191408492, 714.7426147534846, 564.3238689352175]
bicycle [1050.706267310113, 545.0722839688331, 1088.562799458154, 591.9098461949886]
car [597.7269786315017, 539.5425997795645, 621.0102856640618, 560.6648462494605]
bicycle [1078.7070751625004, 548.871476687716, 1113.1167261357573, 594.2183583865841]
pedestrian [1139.61291523148, 519.3692178060659, 1207.7640169624424, 635.6892179942204]
car [629.8982639097954, 537.7605233539126, 698.1655393239809, 595.8739858539458]
car [568.4934108087132, 539.6757016549752, 609.375704069417, 574.1853828144174]
car [44.3435177541555, 541.4361649636782, 151.32560149364528, 577.6270572760509]
bus [290.7137598672579, 504.9003493360775, 429.2327411899732, 571.5601167310703]
