car [1148.6908652991344, 515.0209992601165, 1292.073599135168, 569.9752522360269]
car [1394.9491282092517, 517.3596793295862, 1600.0, 606.5099917666442]
car [495.623759811058, 502.434473541708, 557.285510252797, 527.5839481042296]
car [754.0536394437792, 504.7982784149319, 784.480271257495, 525.3408639659432]
car [786.1687724409043, 478.5837384286071, 1090.483903780697, 671.2854765379952]
car [1061.7621600657212, 522.9395655823442, 1152.8262025068368, 558.5284628882293]
car [945.9743759126665, 508.22743721252243, 1007.1874642652987, 542.7358020348613]
car [897.7143305603764, 507.54502824467295, 977.2157874974308, 547.2377819142636]
car [23.5878308055806, 502.42068266085215, 126.62565494451982, 530.9455424781688]
car [1255.7781488519652, 528.0320056931364, 1441.5542502074045, 584.0399903942189]
car [123.8718650204976, 497.6682488196652, 210.41301061942013, 530.7735253895971]
car [223.6387776990123, 505.3863661158797, 284.9096276325619, 530.2331274894121]
car [415.6704988524817, 507.6785400729913, 485.8555316573234, 532.77500968495]
car [640.7226874580937, 505.64846831572004, 677.6257377986692, 532.3758371724334]
car [557.1626264791228, 504.71824387228, 643.0804945605652, 577.0272143206897]
car [663.2549858079451, 492.14611307018174, 732.5837021594826, 550.3511186266066]
car [471.8975842717837, 505.22243177911315, 503.0246874443073, 528.1790902893854]
car [972.8225995454987, 517.9783953598453, 1041.2370025933626, 546.1821338997751]
car [178.17905020264348, 496.24127952167987, 268.0834253139127, 532.6933476130768]
car [1012.1922828321825, 517.3327935344165, 1093.0365158972395, 552.0054130256723]
car [316.48330615564635, 507.7673600414618, 392.79018999918264, 533.3750724367158]
