car [282.257160594028, 516.0579994134542, 380.31166972341714, 550.4118476329053]
pedestrian [800.3165832641323, 508.94069512910295, 823.008396004703, 562.7739076086856]
pedestrian [936.0335387976644, 514.634597339102, 955.8137112060326, 556.7035414426553]
pedestrian [354.91124494963145, 523.3589163134853, 375.7817843914739, 556.1531775648351]
car [801.6275051360669, 517.5434773574729, 933.4798849829751, 556.4219514927884]
truck [451.4663800130294, 506.70836352401847, 557.0057237306634, 545.9178575066973]
car [585.0925280544328, 516.6514372400801, 643.8093055039657, 543.313358666217]
car [708.1888345510476, 512.5207010135572, 889.4627552889078, 572.7495800286506]
car [0.0, 513.1591862862597, 95.85296891331112, 552.5190142300786]
car [1042.0800514315147, 529.8878434229953, 1227.8406052897512, 592.7974024613004]
car [1188.3488531356659, 517.506020106469, 1505.0457042288574, 630.0518873543556]
other_vehicle [741.2760138971412, 477.464137987768, 907.9697109366955, 562.8048327071947]
car [356.86512285877495, 514.5681554153215, 450.22424380824776, 547.4516458351026]
car [1527.7132886401444, 541.1588460637928, 1600.0, 590.256234017031]
car [57.16340844554707, 515.3359818731625, 489.81253580754503, 692.0991570862651]
car [336.2372035346425, 507.7928218439625, 415.16964264091473, 550.0835858302443]
car [710.7690959782217, 522.7478750249311, 898.4114177563118, 592.604502823926]
car [403.97243762744523, 510.39663250629087, 479.86358902949246, 541.026469086661]
car [160.2570952121569, 518.2345279045226, 251.02317042302695, 552.0506638878403]
car [570.6578196217292, 526.6721608986275, 989.4541587327707, 682.175039078427]
pedestrian [459.6352261416136, 512.4493822817125, 478.1754496619982, 548.866131721546]
car [1442.2335761741392, 539.1915080378301, 1572.4729936554136, 584.1712417385585]
car [553.0132592347059, 522.0261623543846, 701.9861752187911, 581.8574084202929]
car [822.9022122247599, 521.5237520303297, 1146.2874541537483, 637.9319920087021]
pedestrian [338.7051053915756, 516.4887386938914, 360.86031239356794, 558.3014586915733]
car [417.30345504721896, 520.8422574393154, 588.3803830820344, 581.8644842110448]
car [1059.3046440757653, 525.6352137055028, 1388.475130023376, 630.8675264354582]
car [843.7458711685031, 510.1090474550611, 978.8539803945773, 554.7158844608304]
car [171.4776218091742, 519.6787987222965, 289.45046436009557, 560.4642252589778]
car [36.60591099626052, 514.5417999862805, 179.65100704190436, 568.1654187519334]
car [424.8918005746066, 521.3920649147736, 559.0225604274764, 574.0753000396414]
car [733.0844335641925, 493.4375249272471, 782.1598621583101, 519.3968104174701]
car [511.70970319750114, 517.267699474159, 586.2446973088556, 547.6907858134326]
car [1135.7109823910273, 514.4402999197374, 1249.1147619072465, 552.0821005108713]
car [589.7859923300018, 498.64882392211746, 754.1630443025969, 558.3215950487407]
