pedestrian [913.7314769270215, 527.1619977597196, 935.2819884116196, 561.7515537232388]
car [0.0, 535.8737487806908, 305.066121830057, 900.0]
car [463.8999488105516, 541.881155416525, 492.75486443401377, 559.3945189029165]
car [52.143529977221405, 534.1543161268179, 324.96884239866114, 661.5941868825819]
car [1157.7079172725444, 496.90527962627687, 1377.4327137818373, 567.0983806747533]
car [309.7019850586353, 544.4025767107843, 375.59545615402277, 581.0924760597895]
car [0.0, 547.1040057811663, 166.48715804587542, 660.9443105758568]
car [334.7883738708623, 538.6310337580754, 528.869520836825, 671.0829379129003]
car [951.1162642542158, 523.2427789275376, 1080.5216882089262, 571.290872112874]
car [0.0, 544.1491656863577, 21.665648055218302, 694.4351320450822]
car [560.7296683088578, 481.8279401231799, 782.0356598684532, 727.9119304843916]
car [926.8114619620637, 517.1630492819664, 1087.6850412235901, 572.5342721912198]
