car [600.4283464668438, 528.1573632614754, 717.7346275258864, 569.883471113412]
car [917.429608847253, 520.8871205298867, 997.2169927748658, 548.4330966914285]
car [828.5639243890088, 518.1510875013837, 896.3358039800592, 543.3608874905026]
car [847.3671508602499, 522.1886816188569, 931.9730033762221, 555.120528068967]
car [0.0, 547.6489014969873, 149.58255834900518, 612.9309097615352]
car [672.5743310189183, 530.4656548565054, 764.7227691034516, 571.7979310741657]
truck [0.0, 497.2602331868096, 218.2260495281805, 610.0321110998078]
car [1346.720155385161, 505.0686382392286, 1391.1801050163904, 528.7497327670342]
car [181.43496596993526, 539.8669191178464, 355.86361497648056, 597.6693107307563]
car [984.3875303690008, 513.9524015470441, 1061.702715379415, 544.2206482194235]
truck [0.0, 490.0241140482234, 121.98875905508459, 605.7577680598795]
car [717.5024088956878, 517.695285528483, 826.9132905296601, 562.7592477737678]
car [331.58723303852713, 540.7823898822834, 462.48026817177464, 586.1868764367016]
car [1077.5379596009466, 517.0504649927663, 1129.0837173882558, 542.731854877004]
car [448.7824324933872, 535.2388640395421, 584.4939478340507, 579.6134821800921]
car [513.0593282954603, 527.4117694369645, 629.305405897706, 573.8633029304654]
