car [820.5618830863766, 521.7202676327312, 1044.8343411039164, 611.6720779063158]
car [387.4293643222441, 505.5262442363225, 528.7198260603278, 573.6792137638746]
car [282.68401061997656, 516.5980622443433, 444.7680763188577, 573.3617031378799]
car [0.0, 494.4034920721784, 120.60453917010408, 546.9059165082515]
car [1593.4727926610065, 563.6603710482632, 1600.0, 724.1032019796746]
bus [15.475643268904346, 475.81761054910424, 179.8280373170639, 549.5384182622059]
car [525.8244144525354, 524.234717764722, 628.6867131532259, 564.816593357378]
car [791.8356769064427, 526.6792640834329, 935.7071513202312, 585.3928128569661]
car [1064.0641882093319, 552.4014506357255, 1278.30777215267, 629.4273432435123]
car [425.6986301117977, 522.7835639346057, 619.8330643344972, 590.2332700588902]
car [1224.789999107628, 529.8928243148608, 1600.0, 694.3799941969438]
car [91.62722037934464, 502.5265151025742, 292.84535277881156, 577.0307087975921]
car [152.4758646580669, 506.9560675107878, 292.1259081938085, 557.7250897737538]
