car [648.3694568413406, 805.8572991496902, 809.9690510520398, 900.0]
car [243.01887226482185, 804.9878980488309, 459.9220800827532, 900.0]
car [0.0, 722.1139045931607, 106.9417740288065, 900.0]
car [1117.1835679535113, 797.6417877600135, 1207.6147691714687, 877.3614446729352]
car [0.0, 818.6938634465646, 115.39461753690999, 900.0]
car [779.2967832763875, 773.7726903589868, 1096.1481673907092, 900.0]
bicycle [1367.2902694054683, 795.223297158268, 1423.9791660685576, 850.0217296440632]
car [267.779675263153, 813.2024901312144, 650.1491994880013, 900.0]
car [0.0, 810.2066555675082, 114.9137239272902, 900.0]
car [871.9381381592895, 758.8282428431188, 1071.13247862277, 900.0]
