bicycle [1166.2879085143331, 519.1729308559833, 1235.2428516230243, 599.4375033948244]
bicycle [1401.56327084323, 523.6384062884488, 1503.4783724346137, 672.0218303390081]
bicycle [1150.9945813458244, 516.6902625613748, 1217.5510559739319, 595.2545818808577]
car [577.5754273046446, 486.4752522895573, 882.5840950835917, 655.8728644541854]
bicycle [1203.1271379754035, 518.7088732782214, 1273.4146463559211, 601.6268488912643]
bicycle [1432.1716728116987, 532.1358259810701, 1536.6308733393694, 677.086419787713]
bicycle [1482.754264503151, 534.2117224024832, 1551.8945039728144, 622.7966463658842]
car [458.811357500222, 485.2483822000475, 735.2148840047867, 614.1779897313106]
car [786.8979658160424, 461.4629518592643, 1137.61244673289, 716.7741469874759]
bicycle [1439.137567372956, 539.5152390296983, 1509.3703354829552, 618.3238843036618]
bicycle [1457.7673306257166, 539.9561744648406, 1525.5735801132337, 615.8591794586716]
bicycle [1383.5585868539545, 517.9354182155342, 1454.8070771698965, 613.7916058447033]
