car [552.5896308350361, 501.158109298598, 587.5326565597811, 531.3866310920675]
car [760.781013449271, 504.66728098722473, 789.0833534562117, 522.1343602442169]
car [518.9551653699598, 496.96827126469356, 573.4624293967902, 543.7216941468475]
car [662.5251299700187, 502.0796755243721, 703.07234071952, 535.0374774349651]
other_vehicle [862.5548485218576, 492.0297924142788, 920.3212569532935, 527.554435520549]
car [1019.763243978727, 486.88298180944923, 1388.8059889522092, 656.5960613792663]
car [734.1161508099639, 498.9285551369291, 792.0803309788024, 537.8990208784325]
car [607.7370163680469, 497.37038309284833, 638.9268712683617, 524.6414481024584]
car [785.8843920100469, 505.2511720861047, 818.7452059068745, 524.817930644598]
car [0.0, 527.1178551545514, 98.6799111317637, 845.8302956560093]
car [470.1174732506373, 505.44452154044336, 540.8559819752383, 561.578960211617]
car [1328.3034236741503, 477.14855052170515, 1600.0, 592.5548898478664]
car [824.4903811049649, 503.7014509672489, 868.9932228695078, 528.2776453891039]
car [705.0563866558034, 498.64431353852376, 736.0411722060263, 525.4725018374975]
car [817.2268174243635, 505.06455361762585, 846.1905406291464, 523.0751149936401]
car [587.5940066583048, 501.7175132187487, 647.9467706640511, 555.6569870735426]
