car [1019.2202490017371, 551.4839278669914, 1062.3270245340218, 593.1636374453284]
car [998.191065685393, 552.8761342666758, 1037.2338288680835, 587.6660791507298]
car [544.1073450314844, 552.5342618755179, 618.5960590826377, 603.9656675859259]
car [937.0918474902898, 553.4853316976391, 1003.2440103709556, 617.1464408429113]
car [160.77227773141075, 578.4434547634838, 319.99780458731647, 638.7527627911237]
motorcycle [598.0305974914854, 574.0851473228694, 635.5139145352491, 599.4803652103226]
car [838.187266267336, 561.0655790607677, 876.5170500621912, 594.2035080027196]
car [0.0, 585.2404420255201, 178.54330366741445, 658.2129068344088]
car [497.611870066067, 564.4783390323904, 569.1114191889441, 606.5687164528301]
car [0.0, 580.1038474309222, 152.90379423651677, 671.4183174665008]
other_vehicle [599.5129602771402, 548.1566619609328, 693.8411679952611, 596.077277052074]
car [308.4219312539939, 580.1814834356495, 442.39175672312103, 637.4095170149202]
car [156.3837793791192, 574.1296579479114, 383.588201320156, 658.266789933737]
car [901.0885864507371, 554.2592235769549, 946.0110829538667, 592.7312179919038]
car [131.02043219943178, 583.3885199555774, 263.3726763780452, 636.6391687064155]
car [715.6988525193864, 561.9706380065646, 803.678044036651, 617.5394270542747]
other_vehicle [417.97532519139537, 542.5682433337221, 535.9021016621429, 612.7080946225726]
car [582.3341564545422, 541.8350183243228, 817.965446128614, 714.0002025300707]
car [435.2399973849944, 557.6181121532235, 650.0405353080744, 672.0993627130688]
car [344.2478302871169, 566.8107519167675, 457.8770257091419, 619.4551522398177]
car [0.0, 566.8621331194296, 101.33961026837835, 690.4972417875007]
other_vehicle [0.0, 524.2263720393033, 176.40804871479335, 659.2081962116447]
