car [1460.7631639786018, 559.686979860685, 1600.0, 900.0]
car [1124.1212079681234, 517.6970226875253, 1227.567354738906, 555.9542758401236]
car [944.0387117603993, 512.4056692884278, 1223.0968761747758, 630.2252932777604]
car [745.250439039615, 500.22812332277834, 817.1291194146659, 545.294170338553]
car [691.2357131253488, 507.05080077325835, 790.0878460222344, 572.1758734305829]
car [657.4449264196752, 505.08668227138224, 699.3030865119878, 536.1515913617466]
car [643.2164548480806, 509.3417708897877, 669.4897381916993, 528.4989969887579]
car [1339.7175105440544, 522.5232909201193, 1546.9815361682424, 581.8854803663095]
car [539.378350123954, 500.2594995651663, 581.6212252615818, 535.7309846563579]
other_vehicle [490.75505808245407, 474.88959180124095, 563.8285598382876, 547.9273147958904]
car [926.4985829356685, 506.72129798316064, 991.9431009200072, 539.6205859358614]
car [570.1180075416206, 508.2008794044187, 652.3153065923361, 570.4371322092206]
car [1198.1422215484245, 518.4334346027789, 1326.5793250734805, 563.6817133505253]
other_vehicle [539.9201198373075, 482.20686462975164, 593.1115928559967, 531.8146989929526]
