other_vehicle [543.5580000030162, 470.1257345540586, 591.8532516677769, 525.388620983868]
car [456.64339673218336, 486.1627347286259, 549.9633261362159, 558.9858986383285]
car [669.2109256952529, 502.17738204657365, 720.9788217842522, 537.7292337735905]
car [155.96630874786683, 480.32195883255156, 474.76971091812374, 665.9466936998448]
car [797.6065021318034, 503.7478020415182, 902.8104329874859, 556.9055932379864]
car [537.4991588824635, 492.3100752193487, 573.4529385000424, 529.5533722170853]
other_vehicle [324.188620201296, 443.6069305100158, 534.2204339756419, 601.7280668437012]
car [441.1377041085529, 506.94514780513794, 534.811783319444, 571.162368274411]
car [1342.0972029020943, 507.93304395900526, 1562.6871041400393, 584.0209645106587]
car [642.0032577843021, 499.44702488132987, 672.6098639920799, 521.8956771341246]
car [526.5971069801564, 498.59276534940005, 569.3849998098024, 535.1117200896477]
car [0.0, 451.04137598752277, 363.3279329048843, 900.0]
car [717.4378002527069, 502.8805334120539, 760.3776784336522, 532.2180402053866]
car [581.0117026051776, 499.6091547992976, 671.5928591773308, 567.8136084097818]
car [1229.5772532519304, 517.4662906014129, 1361.0932376781739, 565.5475522435833]
car [734.0240079285059, 496.6713164795815, 876.8081042013746, 586.2441027468234]
pedestrian [536.845491780909, 490.1406566430312, 564.8050220790584, 552.229226545368]
