car [0.0, 799.3989290293179, 141.18135833752234, 900.0]
car [1340.1297124599785, 816.0122860320316, 1600.0, 900.0]
pedestrian [1196.3791401787907, 787.1504567201039, 1234.177420540038, 872.5902940429855]
car [207.7216667049673, 796.3800615017702, 591.9845108595118, 900.0]
truck [528.1635451560196, 721.4095335945697, 779.7609904599076, 900.0]
car [377.953461360126, 782.2781598654027, 501.48816624962865, 885.7446834805145]
pedestrian [1312.2263142204024, 805.9002550424035, 1364.2986337641562, 900.0]
pedestrian [1131.849819055636, 803.9781750276663, 1174.801069813397, 900.0]
car [246.21800483599208, 815.4082218635161, 373.2774782024824, 888.3298897705529]
car [815.5163731719354, 815.8601810549607, 1020.9228403419669, 900.0]
car [667.5169509001927, 777.5188882365509, 796.0267007408908, 895.4192923331532]
