car [549.6833818857052, 503.3581403328846, 580.1961349337436, 526.0316937163574]
other_vehicle [840.6116873367163, 494.76251797653805, 900.0822078190592, 526.219680194267]
car [890.5896217881314, 506.24711576875586, 931.341726023476, 530.6808395466763]
car [1080.8154305230091, 513.4045891705287, 1168.0175119955252, 549.4383131963699]
car [838.2244485565243, 503.3869554331164, 942.4691881015323, 564.1188437549421]
car [710.171425701748, 478.58424743102313, 818.8566321711572, 568.0846878640401]
car [1155.094509481636, 490.0814214246746, 1504.802272082555, 620.3711345439318]
car [564.7145589497758, 499.9790339507962, 638.6292239499937, 563.3790794840235]
car [675.6995552939537, 494.32229793411597, 698.1350272293729, 519.6912065397776]
car [989.221833770127, 509.130224311432, 1054.0939266453233, 538.9027038463021]
car [1030.7581944547633, 510.38913858324156, 1116.8101072414215, 545.0847042274715]
car [954.9189860451116, 513.6327051431504, 1005.9445685674425, 536.1815563924832]
car [921.8624322347016, 504.11453376052293, 972.6151534955706, 533.0827940777366]
car [690.050899810925, 485.46374920647656, 728.5800546369726, 525.9857621804874]
truck [638.3401059557151, 471.0629427221512, 690.7321301199067, 526.4068635003947]
