car [1413.9662995768545, 495.69541478684494, 1600.0, 683.756607933902]
car [1325.2538472704116, 540.1661935511619, 1428.757927044699, 580.7831595703258]
car [655.2863147717113, 537.8719651283748, 829.6228566978392, 603.7199484470618]
bus [1297.5271173127883, 518.9903460641534, 1484.795956275824, 574.7610570042085]
car [680.8231256693003, 549.3468848746336, 715.3142055008516, 570.1593466002533]
car [0.0, 543.7285012900253, 79.60317548578688, 619.2857267613648]
car [656.4242617364798, 548.3528205004316, 686.5294116532978, 567.0954924377425]
car [1258.7788274891739, 548.995286506971, 1326.4818058283192, 575.3195956922162]
car [1136.2036516054184, 539.5598978108383, 1228.8202493187393, 579.6050205436985]
car [1203.3404814800708, 545.0828653022734, 1275.4164550663893, 576.5193058825563]
