car [54.87276349805512, 520.4667952665434, 114.42093684642265, 544.5970191042895]
car [95.79750684493206, 510.5834076880959, 147.4149405767236, 538.3276412139707]
car [174.03145980748454, 519.9724853526161, 227.50207156342503, 545.8237723094354]
car [205.91771648653028, 510.92661323673514, 263.4623543356255, 540.1865358411129]
car [26.91668807072454, 514.9910917997802, 87.5133094136974, 539.4225525580274]
car [0.0, 496.70465376526937, 39.63140153224964, 532.2657745192186]
car [116.18794621212697, 520.3547484453388, 181.0393735318515, 548.9411806667459]
car [51.866978644545156, 509.20489826155, 116.33982566147739, 540.7247800455604]
car [314.16084059011524, 516.2005524139945, 338.7561603525672, 531.0525234691164]
car [0.0, 519.84255392221, 51.398306984910455, 550.1795965327291]
bus [257.7774635851466, 496.7943892803165, 310.20678835159305, 534.896312098747]
