car [1521.2661024127729, 489.7283084691542, 1600.0, 591.5998170292834]
car [704.5574377304712, 530.7145363249625, 788.7340893473472, 564.13395355958]
car [1482.633970012245, 492.4528276236455, 1600.0, 566.6207413640228]
car [0.0, 582.4406898375861, 295.13490146178674, 817.5274796263586]
car [779.5788471572621, 541.3160872404891, 905.7430557435541, 588.8158239103215]
car [83.57731088750342, 553.7544052168422, 678.2952259375797, 847.7930896564561]
car [394.28003790050195, 547.302533052681, 678.1586750579664, 668.346029527916]
car [639.3860502852697, 538.661812307426, 728.1988556327212, 571.156155723689]
car [818.0643299047973, 521.9126866430481, 978.6622357305281, 611.4445302005688]
car [768.3682607925465, 528.7841177193634, 840.5649765577317, 556.740845628131]
car [1063.4086514409294, 521.3924659432951, 1096.3524962012582, 540.9080549136423]
