car [0.0, 539.2484700336531, 160.37693554086957, 599.3654816023125]
car [539.6691190873279, 548.1723916045561, 616.655085028319, 575.7263903278191]
car [1583.297789978139, 543.0391478761186, 1600.0, 579.7768912997911]
car [606.292561505446, 543.3637474614253, 688.7972790142695, 583.2402228719114]
car [1389.618669747833, 542.7079416532099, 1453.3130074795333, 569.1395558009835]
car [804.2894913201776, 532.6523994091124, 1204.6700558443345, 698.6610207625502]
car [83.05317433848023, 543.9024902329141, 131.1656384545232, 567.1580865628645]
car [1445.1628063499895, 542.5158514487582, 1566.277999690044, 589.0274951635705]
car [108.82604183378831, 542.9180273791902, 153.44252799885223, 565.3100792505227]
car [1241.2514414182829, 543.7574849568289, 1346.752152632378, 580.7304406345606]
pedestrian [995.6099399284449, 536.0955559838047, 1022.5504120404819, 579.0887525094058]
car [1221.0065730644833, 533.7022497249111, 1321.5233946068067, 573.4731267973438]
car [258.73125679063855, 490.347467946475, 726.3084692092546, 700.3019723809363]
car [1345.567681982278, 543.110703257137, 1410.3798938490054, 570.6724806035671]
car [1516.3696834811885, 534.4006263779283, 1600.0, 586.3980436579826]
car [1172.8338664868074, 541.7967698083683, 1256.4837122446363, 577.1709898768654]
