car [628.4254298531015, 559.6158298016368, 654.7261805726492, 580.7745175697481]
car [1365.9279285832208, 590.9926854367552, 1600.0, 900.0]
car [253.14453581052885, 567.7680643781131, 313.54691761126924, 591.6657666572876]
pedestrian [756.8497728819522, 552.965211625157, 782.4532781036535, 614.7757642535112]
car [590.5185266094509, 566.1154332711616, 630.4058580726111, 592.8818436755809]
pedestrian [867.6442992289086, 563.4774669288128, 932.9158824428421, 699.8510031386203]
car [586.2196103855408, 565.0520867615598, 619.3899204820002, 588.7555414745253]
pedestrian [634.9615611451129, 550.0361095684036, 680.5451553511664, 660.7701031447451]
car [906.6764488201693, 587.2787773849544, 1600.0, 808.581978018144]
car [486.0482476607734, 554.66821192753, 557.9618504468368, 600.9541042860527]
car [421.1193107998929, 567.3594252439862, 458.78288823191264, 583.028605434158]
car [0.0, 564.6405447742189, 25.689702388687625, 600.898398163379]
car [131.33390135927985, 538.7478250135744, 295.2604901327536, 605.3716894572484]
car [288.9507045258241, 538.1022829721734, 393.765477951098, 597.557425018594]
truck [577.6984592007364, 552.2227004716863, 619.069725468499, 581.7228375319127]
pedestrian [764.8090840793476, 565.6085767335762, 833.3928585197328, 684.6862779874473]
car [0.0, 557.2587551517775, 125.35659373593995, 616.0769976204353]
