car [1298.515040454526, 568.7945704793831, 1357.5152294231752, 597.0738096100213]
car [0.0, 558.0449524744023, 177.7880594475021, 622.5406218847218]
truck [1162.6764926662393, 531.8851526989639, 1298.763203351728, 601.1575955889009]
car [588.4899703439561, 561.8549542519193, 731.99163789589, 611.3915362144903]
other_vehicle [1424.010863667478, 551.5428276490768, 1507.1554931047947, 593.7493888728294]
other_vehicle [981.7171664418937, 533.5911588822556, 1124.5995001517717, 605.151838982402]
car [0.0, 526.7255959414762, 682.5398603562522, 815.3148117511879]
car [1389.134423947714, 563.9810650913196, 1577.857031243492, 646.24968520113]
car [887.5317295388418, 558.5756426221366, 1009.5109846854489, 606.9515791267221]
car [1069.2285942343483, 561.5119217098365, 1186.775709739276, 604.1362011542042]
bus [1344.3829259097242, 547.0552340953514, 1468.3362316325988, 598.1464378042226]
car [733.2053849589387, 561.8606622894746, 865.8919684064095, 607.3945485204189]
car [431.59775972462666, 563.7964568333522, 590.4538826835701, 614.5428816474767]
truck [1310.1239309751072, 559.7792707100479, 1392.2318775320084, 597.5822071339581]
car [1505.7823223573287, 550.8361564940504, 1600.0, 689.1124462026609]
