car [1055.8352625138355, 556.254688379542, 1157.7108203974974, 595.0494199104668]
car [1136.7179923451656, 558.7185155024716, 1224.3760285366282, 591.5992179009529]
other_vehicle [563.5888089074991, 502.0674117666993, 815.5134284145564, 605.4546679018962]
other_vehicle [1369.9589352201028, 531.0005095686806, 1483.5769571781855, 585.8514640242661]
other_vehicle [1442.3692652793995, 541.6625499388882, 1527.847439959474, 583.4100757227318]
car [1243.324690003058, 553.2486047585422, 1332.538349441913, 589.9654989568086]
car [976.0309708763613, 548.5707759288088, 1116.3180488092087, 605.4566211830941]
car [0.0, 437.0125834800425, 753.8330355530094, 795.7679216274036]
other_vehicle [163.87743998800136, 487.6468494277915, 452.8151607062938, 618.1889071376272]
car [878.0838329811714, 560.7331951246357, 992.0623380206553, 599.1857543818538]
car [792.2888138297797, 564.0013081751113, 906.4247551457606, 602.2628914331301]
other_vehicle [0.0, 487.8251769673405, 163.7797607042592, 625.7548232820908]
car [1278.338133054025, 540.9254312901807, 1525.5184497178177, 653.8513677119221]
