car [241.15118735239125, 527.2123524764241, 1570.479333371902, 900.0]
car [1336.8625909636523, 557.6186362403264, 1435.621514781239, 598.4339879060993]
car [440.7459145534036, 487.22844262570413, 960.349633705351, 762.8520038160259]
car [282.3859210592373, 512.0089410301662, 433.4533426442765, 568.9363707629741]
car [1469.7862792533938, 551.1376538776509, 1541.6348386369873, 585.9004215213829]
car [795.1036938974886, 525.6832195946179, 1049.5953863189925, 617.3795053358791]
car [1144.3996846375783, 551.2807463382441, 1242.3670924483322, 608.0406400384094]
car [1374.0907353719672, 554.6634640993449, 1457.7406866399092, 587.1849983473288]
car [991.2673523235812, 543.7905144757297, 1220.0717463720937, 620.7363143867724]
car [334.31339094896185, 509.5884339671816, 517.1180224581378, 581.9479168369623]
car [0.0, 498.16351845723216, 143.15336182359545, 569.0528254464775]
car [729.8548312029667, 528.2871157305278, 1043.8721653656257, 635.6871894019006]
car [1175.1707844777386, 552.5236690742796, 1258.5160991193284, 580.1753361732469]
car [104.41585976142579, 487.73061331195106, 261.7032847382989, 558.448983014207]
car [1488.5243459443118, 555.9729419059904, 1600.0, 624.389765577733]
car [1295.9805963941524, 548.8924502341415, 1371.4308318400715, 586.9882096607062]
car [1413.8447320927073, 562.8420515273365, 1544.6799332225094, 611.1034007522933]
