car [1506.6348929544936, 522.2299243705818, 1600.0, 590.0818688124953]
car [1098.0099076373542, 516.4586314155916, 1192.480639075045, 552.7859133216879]
car [722.1782405850706, 502.3867423384199, 770.0504247212897, 538.1146529209199]
car [1016.1094397445158, 509.71031046081123, 1092.5213955275944, 542.4943128476094]
other_vehicle [546.992868231342, 483.80358784520894, 586.3745523931342, 529.0207639033455]
car [422.2885481782393, 513.3792486846603, 531.9966953261747, 579.4860324753502]
car [661.6382788507466, 507.44121305187, 706.6336729911258, 543.1949303634528]
car [837.7378637675685, 509.089985268765, 870.4977074401284, 527.2054001559771]
other_vehicle [524.0988674617637, 479.4727294811289, 584.6586068789414, 537.2410841690554]
bus [901.9030762146488, 479.881440855595, 1023.5552192291482, 537.1759789439216]
car [476.3894741999424, 514.6413782416762, 547.6173193212845, 562.8404175149658]
car [572.9263937758119, 495.963385746505, 663.7812282075031, 587.3806221771086]
other_vehicle [56.258303696498956, 277.25250016514457, 517.5749986476999, 713.8292718906241]
other_vehicle [479.51373166398275, 467.0825947552026, 570.7969940769932, 554.2547084566924]
car [850.6250491178155, 506.07563719370967, 1008.1855335350142, 587.6837642506121]
