other_vehicle [1094.4236378583971, 474.5649683578062, 1272.26929100235, 555.9687757314626]
car [674.1830678767144, 492.6988885360825, 740.646933714669, 541.0048708670108]
car [738.0096768632608, 499.88784698031606, 765.8912227548961, 516.6661245001993]
pedestrian [390.665455554148, 495.68825401393116, 432.77501083542484, 557.848191516452]
car [573.6799953691423, 495.11866048723766, 595.7628979764394, 516.6475384078888]
car [722.9193798818407, 497.2981795747105, 748.9216450601488, 514.7013796390125]
car [745.6905522239449, 500.08254620886555, 778.313352359304, 518.3822742068495]
car [1219.3001953585167, 521.7526079614956, 1353.1145913503929, 566.8482160872343]
car [797.4477065272072, 495.7868588505265, 879.7375079680122, 548.1207966241419]
other_vehicle [903.0685247179912, 486.4840427902985, 965.864365434606, 528.7235376244656]
car [566.960567614718, 500.20509554446636, 665.794840959674, 578.81186516713]
car [763.932903725529, 500.5692450490463, 804.238548012649, 521.0772923342597]
car [1378.0542143581965, 506.66238815474304, 1600.0, 623.2479333828874]
car [1111.8158122959194, 505.71464726754635, 1275.0291695218302, 567.9733504575734]
car [523.5578364585057, 490.5873809865389, 580.8908850820906, 534.9790120889222]
bus [850.0350478421502, 483.34638190714963, 909.1074227097558, 523.8127047851466]
