car [130.4057779276054, 513.6898039257637, 193.8647684915426, 534.4844280584424]
truck [174.29998255688687, 489.48170511086937, 292.5093781371177, 540.44668627011]
car [241.6877956371485, 503.9405054640533, 434.7701341368929, 580.3404911663669]
car [190.82651513894413, 515.2105963512995, 255.44966358792507, 536.8287942209699]
car [0.0, 494.6101195879479, 30.251236130345394, 541.973366098143]
car [954.8734972128133, 531.6795783463423, 1265.0934261830191, 634.2189789383782]
car [218.83734656775007, 512.2356557285466, 342.41994238332455, 557.5799096788257]
car [112.84290191212877, 471.6323931363538, 1326.544425119006, 900.0]
car [0.0, 503.24239495976684, 62.72649076609898, 529.1684034888299]
car [81.64304381619277, 512.7788884787957, 145.91472917390365, 531.4748847181405]
car [47.4333660994319, 504.6206037888794, 120.44155260242665, 530.4472753125331]
car [1236.3025607867673, 472.242995441067, 1600.0, 884.3991073264851]
