truck [299.022702519967, 496.29840098409437, 385.29935686640977, 575.8441620363118]
car [975.9828578927805, 550.5934759806208, 1084.2026197383907, 592.4831257270012]
car [218.57101768862253, 532.683265824563, 294.89136179933365, 581.4456838695846]
car [492.3203797833567, 544.527122475583, 523.2979338114129, 566.6108914131872]
car [1576.5032808468336, 554.098875734061, 1600.0, 582.7830078590366]
car [1362.1790380862, 554.2756010979176, 1459.6294762778439, 592.3567627472908]
car [652.620620502356, 534.8249963468288, 828.0178618522907, 597.7135823325323]
car [252.67516506092434, 527.7765753908434, 320.9426671487733, 574.0035550947304]
car [136.3645584460898, 535.3181230100386, 228.28050268888177, 581.6415703399578]
car [556.1345479005686, 533.7281975493378, 796.426077827597, 618.0728521833104]
car [378.17690045576626, 538.4732554254665, 418.0859402869355, 570.5328414573412]
car [1174.572765227839, 538.2511072840383, 1600.0, 823.47554128607]
car [396.6136748706833, 537.449563467074, 434.8531204476165, 567.144804892952]
car [350.144047255583, 541.6166354493109, 395.9788227624809, 572.6967183849813]
car [0.0, 531.6465419048794, 241.1411560516313, 612.6754469080486]
car [1028.0404836539099, 542.5918264694467, 1221.3349682431847, 616.5885231453591]
car [913.4201778135156, 541.2836782654572, 1227.1160050894716, 681.7098829704108]
car [321.16543504439835, 530.9993379068007, 382.61230935470945, 579.4134252258079]
