car [430.4723400234855, 501.8277454666559, 535.885278351882, 579.118400249484]
car [685.4399607786576, 485.7168570636436, 774.7404748906533, 561.4786312902407]
car [577.3780192272915, 505.49827537847864, 730.264830545464, 624.4686150168026]
car [779.4776856477497, 506.1354242792996, 883.6501247942793, 562.0564540265348]
car [509.70808588043786, 504.90414425882796, 559.1709577220867, 539.5373694648495]
truck [589.7540643880226, 455.6525750986994, 656.7280270631385, 536.5974516373074]
car [467.25724956116545, 496.64550963616153, 547.5241133748837, 558.4272648117851]
car [652.913524872383, 502.83509464603486, 683.6334393399075, 525.4311554201171]
car [853.7151492265118, 466.2609237241887, 1534.0344431874769, 846.5479857802035]
car [1030.6748801910726, 499.5040923590625, 1294.752448734198, 608.8402029254362]
car [535.1026224680847, 495.6320771472205, 577.4852412727645, 530.6430106351495]
car [583.7744748543265, 505.2765369341245, 653.8866967692715, 563.3480120057818]
car [0.0, 418.2347575202898, 446.8172424946588, 795.5172059960818]
