car [529.1567864924124, 536.6717757925329, 594.5100736353031, 579.8431322473201]
car [742.9016536406764, 540.3763637872875, 872.8944519227432, 631.7083998428408]
car [1100.501046664296, 569.1710691663397, 1450.8719507410713, 883.9959957064899]
car [687.0452185872874, 535.2204696179333, 732.7781688167969, 572.1098774005317]
car [582.4822470029493, 540.5954034253781, 611.1878227477533, 562.1623278747536]
other_vehicle [766.7612225790239, 391.71657557982934, 1175.241429180938, 748.8750664622884]
car [682.2823022787973, 534.9398377219615, 721.5404060740867, 567.5077977412766]
car [481.53045441916294, 534.8714455478325, 539.9117475418551, 575.6419421958832]
other_vehicle [695.4041081591583, 476.21080118137127, 814.7637200040527, 593.1391208876263]
other_vehicle [668.3607673915204, 508.46608948038494, 711.96521753594, 556.2659663179852]
car [145.3391078964048, 542.2919733550597, 353.343459159984, 639.3230468707058]
