car [338.5268717089075, 537.7087364865523, 486.6653893629911, 600.5878049029253]
car [946.1978069075655, 514.4187362694258, 1020.0017808536018, 548.9671389796896]
truck [0.0, 476.8616926230705, 277.44875262344846, 624.1198420970995]
car [900.8341473240557, 510.38057636491203, 1016.6580477712271, 560.3597712923722]
car [787.5492584723803, 521.5279547015394, 913.1361073397791, 568.2954046626281]
car [1231.9649194086815, 506.9413012334521, 1280.2237075038804, 532.9668282837364]
car [643.4392748273825, 528.8061144510201, 788.6592718815666, 579.375777832388]
car [1082.4792867019187, 515.0986176062116, 1165.0261614220433, 545.1390043986497]
car [111.58771493868086, 541.4892968676024, 356.2691741043741, 626.7625869584721]
car [1021.541496358946, 516.0457148223137, 1109.9190183156957, 552.1171675430948]
car [727.5393853102903, 524.0369945291421, 827.8855096879466, 568.8637689503323]
truck [65.13820165325069, 483.80171466973803, 403.363489925536, 624.3503005212036]
car [1142.6739512052297, 507.9588412261086, 1221.5055581685222, 540.7393998546984]
car [373.37617272753226, 533.0116385010729, 566.7997550198477, 600.9751385969928]
car [664.5399210892103, 522.0650717284034, 792.0574398414719, 574.9932704845552]
car [507.3881154009652, 535.3418209962189, 649.1376202241969, 587.1068975303244]
