pedestrian [270.67264348140156, 535.0750289888448, 298.5522307486658, 592.8827108994146]
car [566.4799086899418, 536.4870866778065, 714.167286215559, 592.4364970357401]
pedestrian [245.63515395153047, 531.9876131708678, 275.3763145202136, 595.7277047439321]
car [396.9311744442957, 543.1716383792541, 578.3757080268776, 602.6313468583687]
car [0.0, 533.7238689144261, 291.0906278042819, 825.4694771878817]
car [1155.6523569862711, 538.2341652753197, 1234.4257055045648, 572.9829261009055]
pedestrian [321.0524819345685, 532.4865732261314, 349.3049683810071, 592.433045065637]
car [1102.0139393002141, 539.0779596151243, 1184.0006992120802, 575.4853208214389]
pedestrian [233.23930349208092, 533.8157784588849, 262.2332035495898, 597.7569474160875]
pedestrian [345.36833764829953, 531.3241102564857, 372.20832560956524, 592.0003817684427]
car [970.9659994299394, 544.0343744082705, 1069.254190361983, 579.6704638583992]
car [730.8415214149957, 542.91197875095, 855.2280502287914, 588.8195737496508]
