car [359.594395843986, 498.2442805292625, 477.576630287165, 571.3946716780266]
car [677.6229241095457, 495.30759843913273, 725.7167315335887, 518.0679547422357]
car [990.9755426079772, 503.1520824056288, 1116.2039469161132, 549.4464103942847]
pedestrian [161.85823528536588, 471.20558308673486, 222.06128183246122, 599.9178313656116]
car [767.3241815239573, 501.4297020877207, 1055.799307634093, 661.6453083487202]
pedestrian [99.07973658270214, 469.10575754583397, 163.8604763366306, 597.1133459469977]
car [764.4401233772535, 497.67255583281684, 807.9693828816305, 519.5427659015219]
car [592.3038586828027, 496.22214351321685, 648.1795579407825, 516.3161750899159]
car [499.06926381619587, 497.9009882972021, 719.7402752262454, 672.7497301396544]
car [396.783903246508, 496.73725051857264, 481.64755787448155, 553.1788146052388]
car [884.1329120518949, 497.6313433684895, 964.7640051731053, 534.038570413819]
car [70.4552135203067, 498.2229329870095, 398.66308346358784, 696.3019258262738]
car [959.9072268514738, 496.5356310066598, 1096.9222875544658, 547.9775892398885]
truck [848.3575565661798, 479.06335290458736, 987.6407903873646, 516.571475964252]
car [1104.0068761585553, 504.1616177992917, 1236.906653775203, 554.5824315153599]
car [504.80500885336534, 495.9666804935351, 604.2009475692978, 575.986038059046]
car [1157.3041684862546, 497.37003622618664, 1600.0, 900.0]
car [1380.9678085315586, 503.10169361477205, 1600.0, 589.6964096682042]
car [415.4455843260503, 491.5012609498184, 469.2888423694437, 510.04872586701424]
car [281.76247130191325, 496.33910507353016, 460.12883524812503, 609.959125637408]
truck [650.0314942947068, 486.29898987853784, 687.2834853416124, 512.0355364140495]
car [709.6369394275345, 496.01473334947934, 743.0406540373622, 517.7898041796178]
car [745.8617726966324, 496.9514979688725, 794.5415775830742, 521.7506276085861]
car [1314.5660685983764, 498.9030011207467, 1600.0, 608.2714575245817]
truck [561.7720182686827, 478.926360203751, 603.6404144589505, 510.9642821111057]
car [807.4221638498187, 498.0238890814599, 876.0443923251302, 530.1257349724489]
