car [1532.4148938002877, 514.2366590856421, 1600.0, 616.2720761589164]
car [57.70271387038442, 511.13032676126545, 151.5339830811062, 544.9947123796765]
car [585.503729987783, 519.2568762270392, 643.9476512572768, 551.2360048376255]
car [771.8966153742722, 462.24287471559836, 1600.0, 868.1618588309589]
car [0.0, 506.7809421179648, 55.16668737889068, 554.3153449364]
pedestrian [372.61605920572674, 483.4458572283933, 427.59808104433324, 591.7734342031581]
car [458.25896485822244, 517.1573633362594, 518.6399224117314, 544.6609664288613]
pedestrian [134.08876431280413, 507.9131163595633, 154.28191090099241, 543.5678632992278]
car [550.3952409089856, 514.1833838331041, 622.4967955241166, 555.8986602323979]
car [510.0480556214701, 515.2580350139141, 557.5062153442476, 539.1768876185841]
car [0.0, 502.25303648295113, 10.77188476977944, 600.5778955361267]
