bus [1025.8230797524775, 480.08138424067727, 1600.0, 617.1719301520724]
pedestrian [541.6402831209401, 522.1933917333525, 572.3080234480343, 571.0689342898366]
bicycle [282.01054073167165, 522.7448021431208, 304.3633430764753, 548.9181624333474]
car [442.9778636501194, 523.3045373826151, 562.0682027380187, 571.4162599205398]
car [0.0, 508.14907456622666, 130.39537043836225, 558.751163300745]
car [320.848815555832, 519.2950718716202, 441.19031932502827, 564.9668339656037]
car [622.2123797077797, 514.054896068308, 756.9753815258251, 563.8223794979589]
car [668.160395559382, 521.4525368714532, 786.6402853300409, 558.811344866882]
car [523.2986277724827, 510.34349883200866, 779.076948473911, 604.7584005050456]
car [24.581957143847387, 507.70452345335025, 143.08435021454522, 554.5575876453061]
car [0.0, 504.8652909954705, 217.84767151171366, 635.1432365895597]
bicycle [257.9042485683258, 522.3632939635311, 277.1284402396899, 547.9805243610633]
