car [464.0668376962283, 524.7063211512515, 668.7421967790932, 617.2238447865219]
car [227.6044849966944, 537.7096299665336, 384.8543757504514, 603.0436661494987]
car [3.487140211975018, 530.5372413684601, 133.33855106385627, 586.1000903147502]
car [1211.3400729350012, 578.1954364948484, 1471.885814962811, 678.8394163758372]
car [1525.0399680687008, 566.7846478980447, 1600.0, 681.1843453505301]
car [220.24895966381484, 539.1362397567535, 311.97459531443815, 573.0871360823243]
other_vehicle [681.6479929989924, 495.11166974123967, 990.7591012437645, 636.7875984560634]
car [0.0, 527.2371833825417, 102.2274681290865, 590.6281753633427]
car [528.1460078730761, 533.9096527734271, 774.6090824303823, 632.9072973408713]
car [86.89712216977105, 525.3268428225325, 237.7903869666182, 592.1970360383509]
car [0.0, 527.6988832295941, 32.4534259342392, 584.8457535060002]
car [960.2598172410578, 543.0284791916439, 1206.9384145866384, 654.8559894344061]
car [169.25206018326716, 535.5511115276604, 371.80147369082437, 608.4372003677175]
car [661.529028733972, 560.033064896799, 853.6853275723643, 631.3389346260356]
car [344.9565074236804, 535.6642383729552, 547.1043103074378, 616.2768799705512]
car [0.0, 481.72084688083726, 710.7465011520638, 900.0]
