car [642.4252105325647, 534.6789042494012, 663.1964614702226, 549.9287477763044]
car [567.5721550692206, 534.6530429418541, 592.2660846705339, 553.0887062343014]
car [142.43714720505616, 550.9349617561155, 216.83301132205193, 579.5972825020349]
car [597.5306867003011, 523.973865513725, 642.1826436766277, 566.9462276908932]
car [191.74373861913105, 542.4532294427819, 264.9959631364668, 575.0173896264015]
car [310.5444861279795, 486.7002474583753, 531.971415844555, 639.8108861513106]
car [69.49678199411406, 544.7229642612293, 165.71373819510134, 585.8997521581877]
car [1568.2212256062685, 518.8209175008648, 1600.0, 574.2569894681175]
car [0.0, 553.6179600385118, 18.481096969093247, 596.4453370950766]
car [239.2236191929054, 545.3214873328328, 312.342134999276, 576.6275250872742]
car [1421.8615186683417, 577.3507328844377, 1600.0, 807.1757474829024]
car [1126.490871719105, 534.4179248806158, 1283.6164699436663, 587.7477772374251]
car [1035.2861540041479, 528.9436391237725, 1169.3358390610513, 575.9777767031871]
car [760.1940774201536, 541.500024734789, 876.3423497631635, 618.5760905438311]
car [1288.841532225273, 528.561313760073, 1600.0, 735.4361235644675]
car [823.6702711401562, 530.9377510835418, 979.7248268163988, 582.2585231997505]
car [529.9567818188714, 537.4704659685783, 556.4572669801915, 555.9278051762606]
car [0.0, 557.7120280138328, 82.97184814650277, 594.3951615304496]
car [299.1268483279496, 536.025650657294, 364.94455621348334, 570.7432863952071]
bus [301.6428427218047, 522.3926082859501, 375.2259602005214, 565.3125425590847]
