car [635.3373507482986, 515.0391056048655, 741.136261454426, 556.768738979342]
truck [0.0, 490.881789855935, 142.88301378839046, 587.3727490137226]
car [104.88375915109701, 531.4010065282359, 267.33126533879107, 582.3286905404051]
car [1066.6362815075026, 511.7543012296376, 1134.8184161176232, 544.0302048336288]
car [571.023512018827, 521.542136749688, 656.5221592212004, 557.2207953861547]
truck [0.0, 482.6130501706038, 158.09694342145607, 584.6425485870612]
car [261.99750668753177, 533.0088893200261, 385.4721249004688, 573.7409770673911]
car [364.90967616746116, 529.2940572271185, 494.4392863028745, 569.2404326655954]
car [352.06386123005296, 528.0805473002853, 456.3647364349291, 570.0124749626133]
car [843.1025081592257, 519.577064370032, 921.6892354776242, 545.446281555472]
car [1102.3172691242726, 515.2103263823354, 1160.6839776521458, 537.788798082118]
car [692.9414432384311, 519.5319947595877, 794.1169670704737, 557.4974540036192]
car [913.5695669535277, 513.4968416699824, 990.4090240792185, 542.0068911617286]
car [483.14924337282474, 521.2985258148213, 589.6259789384924, 562.4288724670112]
car [0.0, 536.4271734862558, 68.46836830168853, 589.0666454649848]
car [768.787621943685, 520.2399221525898, 851.482918978923, 550.9870889572484]
car [517.5337696994537, 523.9062737673758, 630.0050731317061, 562.0667640250468]
