truck [652.8075398103208, 448.7865555017004, 717.4386985851417, 532.465961155609]
other_vehicle [518.4027043343506, 471.9360366566038, 572.9821284184868, 527.0147005365696]
car [481.54726169493455, 499.57770361562285, 548.2460852104394, 549.5892375610699]
car [501.4718702578268, 494.77075255229596, 558.5727636045368, 541.4559997020472]
other_vehicle [310.7062730017171, 395.21668975436444, 526.0473571060579, 592.704796768364]
car [516.6480751196628, 494.96350807917025, 563.9621011796022, 535.3710911161359]
car [0.0, 496.566218757039, 299.5079686135521, 900.0]
car [190.89959591563306, 504.8134506845063, 459.26256284748325, 665.6307123219993]
car [575.7217687505288, 493.66722244692875, 653.232743100225, 557.0218003917415]
car [1128.8200914168517, 502.8116399819441, 1600.0, 730.6897850700814]
car [451.1093187813796, 495.70471224725037, 534.4384731113804, 563.1485160056934]
car [1342.7873691776447, 511.3902819315681, 1538.4955898724843, 565.7809347930528]
car [725.114478581062, 483.2906310060291, 887.0237101595375, 599.0810490654948]
car [546.0602238962755, 492.0945988652301, 579.1883790371887, 522.2831033615608]
car [1559.2494243150966, 513.2134631204409, 1600.0, 576.7312749069963]
other_vehicle [558.4110183473449, 475.32334990092016, 590.2408003406214, 512.6163207202104]
