car [713.1102934760514, 496.7240655763019, 753.3634768952114, 522.9121332459306]
bus [966.1866610557086, 466.24578156592565, 1179.2178929892252, 548.2766514188097]
car [850.4948818628427, 504.55811470771755, 1315.539166173185, 727.4746881501211]
car [1436.5313818953673, 495.04680131604755, 1600.0, 900.0]
car [1310.988916220694, 486.35798550673167, 1547.6059660844862, 572.947495863602]
car [557.0339047756684, 497.86193360850393, 681.3588512768123, 595.177982784312]
car [700.7623485832805, 497.244487570357, 731.9544876817152, 519.9229011541204]
car [561.7641669233205, 492.41673554809154, 807.2569297084369, 677.2107559457502]
car [939.5616528621244, 506.0391660517311, 1014.7358158709857, 539.5912291844287]
car [753.5990057517653, 495.7724284627926, 928.9577129381664, 595.0919368587502]
car [1560.4963461895477, 515.8255454930822, 1600.0, 588.4644402974161]
car [1007.3780006818641, 508.1515133357033, 1113.4211075653504, 549.2232837303135]
car [884.6904049235313, 505.39512540562447, 938.1323149538125, 531.512260190686]
car [409.603730578712, 499.29376720206943, 529.752675421663, 584.0263682267715]
car [776.1353084560848, 497.786439997527, 835.4166838139099, 526.9799589452764]
car [810.2606821784454, 491.76262767983417, 890.4451157278984, 534.2880025964936]
car [1038.1668395024385, 498.2713349042496, 1177.891948208947, 557.7152084025774]
car [735.3437952915691, 501.3444360988798, 786.7679005043867, 530.4804419903855]
car [476.8422782829302, 495.0549393994991, 535.4305250113089, 543.7082161032049]
bus [1134.9554691819642, 485.8595505717005, 1292.6952376157856, 559.2877063668672]
