car [1411.1206244728544, 516.7866992899225, 1600.0, 585.1931490750903]
bicycle [912.0553185470533, 521.3315869504372, 978.1334632734892, 578.6730860993495]
car [612.3082314554016, 537.7875430135005, 634.2639489693249, 556.927512710454]
car [460.3517836687007, 538.5341198686128, 489.4932835271274, 559.9298635304032]
car [822.988711709844, 536.8390080670913, 950.6024646210942, 578.4512629145905]
car [403.27015630505116, 542.691311113022, 447.7177032525407, 566.8112489956046]
car [435.2845736464591, 541.0111826716981, 473.06138436810295, 563.5539362714819]
car [982.1568671965913, 534.4220610805928, 1169.8556969717615, 585.1373776905282]
car [476.947499160605, 538.2019896958827, 504.20339135374115, 557.8296271827651]
car [569.3444166364735, 538.3783872771667, 593.4346494846501, 557.5891533652203]
car [201.4984655076124, 547.7182933377962, 276.2332147895764, 581.0012611390977]
car [507.06552272022395, 537.596753826241, 541.3704635441401, 562.0478085795188]
car [644.5017174869806, 539.4626215913996, 664.2855359384596, 554.7497503539571]
car [373.8652572809583, 541.4169784498763, 423.6974820349712, 570.8380961380293]
