car [177.55044842656574, 511.6544963353259, 279.31104098635996, 550.1519982414773]
car [254.19200688077188, 514.4130780704124, 365.3802929354178, 554.6775814328073]
car [1292.0360137818723, 569.9948018722381, 1552.2739631417762, 649.9665669040646]
other_vehicle [900.1507034385506, 478.197551838928, 1208.0106944598374, 618.1414518564825]
car [671.1561083297704, 516.675125596203, 867.6798740885073, 591.91984700715]
car [468.8325539932703, 517.2418357159755, 619.4771468972875, 571.1574414241142]
car [92.82862052687467, 507.6171114331147, 186.1204420059498, 541.8891303175176]
car [0.0, 440.84333204200874, 230.23435269783891, 622.6454938580898]
car [343.10329032390297, 514.6867917992433, 471.3739993228046, 561.8964658278553]
car [1398.249955249309, 528.8631595463198, 1600.0, 854.0276374760066]
car [355.81015024703504, 506.6360385578891, 525.965185702361, 569.859645550137]
