car [0.0, 595.9455438755369, 25.879831887654813, 679.2568331149085]
car [810.1388129394619, 566.1543324444293, 847.1132450704511, 595.433579223146]
car [904.24755127686, 555.6020663975488, 1010.5847635172128, 652.0410393105682]
car [858.7491737309581, 572.0201798619183, 904.3419484163988, 608.5557992763905]
car [872.1851621668736, 574.4729684179055, 1051.5558845440344, 740.2013783424233]
truck [980.948292377596, 542.6448747149802, 1032.572521008539, 596.3395014507928]
car [498.86632193129714, 563.5625761996397, 631.4446351314804, 631.8506310235891]
car [1279.683285733276, 437.6437657750661, 1600.0, 900.0]
car [702.0576329436337, 564.3757792264404, 762.5095598595635, 598.1713426189343]
car [654.2582677582801, 565.5451203900208, 731.8671263018488, 607.3472923574916]
car [683.9374997411944, 567.30401031372, 832.895264740274, 675.3314613013918]
other_vehicle [999.3444284649346, 515.1999189564534, 1097.0952018147002, 616.8345117304937]
other_vehicle [1063.8063699146412, 364.8029429271709, 1498.5591056322808, 765.2833273726651]
car [877.6936120143745, 566.3115110147975, 911.3211721523635, 597.5563491454733]
car [1023.8438012701251, 571.5645975372604, 1098.5749977400817, 632.5088206831978]
car [0.0, 532.9007078713158, 1.6382764348989332, 833.9890549562564]
car [743.5674181457417, 567.905100473946, 786.0757366600996, 597.0807667628466]
car [828.0497483919073, 565.9874045567308, 886.0947035177919, 615.948278234559]
car [0.0, 420.48839095296034, 703.2865831142103, 900.0]
car [0.0, 567.6789302821503, 346.2484477467062, 705.4756750256037]
car [590.017224139019, 573.9585930975518, 715.4962013908778, 647.4701792446624]
car [1050.784362175461, 572.8843396499385, 1150.9926462584765, 650.4807374639371]
car [785.4690290311581, 572.4138118866556, 866.6142345636407, 632.0103099364547]
bus [839.6480822559516, 552.5890508108938, 886.6809975643946, 599.2116703195005]
car [893.5017662142958, 572.1174125014312, 921.1327861690689, 597.7772842291055]
