car [517.4339668379112, 536.5755313168496, 548.1183310389644, 557.9640183610462]
car [541.5437467771831, 531.3464151343308, 562.2694877611477, 548.9356440414291]
car [1062.627208367161, 522.0178728315097, 1158.1466949207822, 552.5560924828491]
car [907.4873595121697, 538.6796783397532, 1094.9123597935416, 628.8134408751226]
car [233.93554519513927, 541.0864772686272, 359.72450349838635, 611.4063317032646]
car [302.1494156535218, 485.8977534010991, 534.0782668789285, 647.9602163082471]
car [169.45944570063622, 547.8105393436326, 243.21059146181238, 579.0243011400364]
car [715.4182977281397, 528.9387293173496, 799.3825470926527, 563.868102477449]
car [584.8457617326436, 519.6384793616227, 634.3453765619926, 567.2303787855844]
car [889.3017213699408, 521.3449493151867, 974.8422989471427, 551.910346502526]
car [668.9128317946355, 534.2944776585038, 724.5412027347406, 580.1657227910371]
car [858.5892904589795, 523.7923904667007, 963.422493890873, 585.4990400279042]
car [1086.418264693872, 534.7945663998629, 1362.6405064624935, 642.2117827541659]
car [985.2078691250521, 538.930316650535, 1142.174861887966, 615.6760134334409]
car [562.4746206818365, 533.1021507786871, 589.2453497920724, 553.0406326159815]
