car [1530.5682282665518, 510.25061680140476, 1584.1387089530099, 542.0369336810107]
car [1274.2752922646785, 517.7984732337861, 1322.2395792842933, 564.4792192998835]
car [1369.8190039660021, 498.28552092375503, 1524.8470095357495, 613.8412226101734]
car [1119.7763914491372, 515.6958343897546, 1184.999516070302, 570.621685594898]
car [256.212236713879, 524.9926637354271, 510.30361941150215, 628.3834165276354]
car [1552.9970272201413, 514.7848145229624, 1600.0, 546.447124457464]
truck [338.96347959278506, 485.1028681229393, 633.6051056433232, 600.1869311802116]
car [1028.2670402571853, 504.84514661416944, 1156.1801615567306, 587.1734495452203]
car [1486.5913678788434, 515.7041325442356, 1527.015893999254, 538.7173056217285]
car [1193.9979235325584, 522.6375743297943, 1249.7876126594024, 567.581149406502]
