truck [1499.242415555378, 504.6523800109086, 1583.3693170344309, 556.0300171552982]
car [345.3079386591595, 523.4518177418789, 450.50309975060406, 572.6713264858571]
car [1051.4237645584606, 525.3901917179404, 1157.9762194628036, 568.4168535940997]
pedestrian [1274.1542358245626, 512.7739850319824, 1318.5703456192468, 583.5445365095351]
car [1413.531595101511, 532.2577140617808, 1476.9023983809195, 558.0640442142442]
car [96.26326864102006, 526.4293336360043, 146.39441170398723, 551.3071247733749]
car [282.49979037238654, 522.8978989232834, 331.79248985396686, 553.1273254175694]
car [1011.8458957416453, 541.0429446440514, 1600.0, 868.462107757888]
car [19.55236126452246, 518.3847922162278, 323.0522266135594, 617.6815358719576]
car [291.3215459871252, 528.2387313597878, 384.030068562669, 566.8187797891538]
car [1553.8715641296462, 532.477882440521, 1600.0, 599.8809800758366]
