car [754.5176332058063, 502.04817687711693, 962.3453609603783, 626.605973806051]
car [683.9152892314729, 495.75303410532666, 708.2093809397835, 515.2454218591525]
car [518.2351283853334, 489.8490305077486, 575.1820849373972, 536.2416934649618]
other_vehicle [568.5143408341797, 480.72933563153845, 596.8509702784045, 513.833579142001]
car [598.7803603040347, 499.7115145412229, 669.6116081326714, 559.6132449827647]
car [0.0, 481.93858726045704, 427.1864532595023, 749.3391842097209]
other_vehicle [352.02371459418526, 435.86474199303245, 527.3416955613541, 583.197203707588]
car [458.712263361029, 488.3273126218965, 541.3794641873449, 557.9402872907149]
car [752.8570890757708, 499.8739385996523, 826.6543265934084, 541.005137127804]
car [610.4540207401085, 492.3165609130546, 633.6918088291297, 515.312302071376]
car [704.4846253030247, 497.1721767715931, 741.7712848351363, 520.8286563209114]
other_vehicle [525.8647017931421, 474.31676351965757, 583.3281058009733, 530.1897684789553]
