car [851.8412436343546, 509.15823570526567, 963.5159813040389, 563.7129438852533]
car [297.79473769031085, 497.81589810408695, 483.7251124289957, 632.9967633211132]
car [571.9366202064793, 494.1076171598617, 671.9028276808522, 589.95065233795]
car [719.8476066948689, 489.5600238490267, 857.2793854091849, 591.691556087558]
truck [1401.6512373901676, 465.14816082575777, 1600.0, 578.2195123602295]
car [90.52266122331797, 508.79630602184795, 210.34048258341747, 573.8797870631001]
car [190.634551570031, 519.7013453606504, 301.5150510031609, 555.2760703375159]
truck [913.4346263591624, 465.4023800905099, 1140.3573247031711, 544.4965895548814]
car [1315.1849431842757, 511.53257526811876, 1423.906523499723, 544.4966809374773]
bus [535.1109716549939, 479.70430099800154, 592.0196708035025, 545.3460884447303]
car [690.1227328213894, 510.16273099920846, 720.7998025538661, 530.0147979859582]
car [630.3758289515837, 505.32439480496885, 697.5941843894931, 557.2393109411192]
car [413.182135268601, 508.5585467414234, 522.1344450867457, 583.9594389650719]
