car [727.4565437275095, 504.89725124575824, 779.9944167933811, 538.878030081575]
car [0.0, 507.90815704709036, 409.4804330245351, 819.8857166185244]
car [305.39947092874576, 477.60880681752013, 492.4315727934648, 628.7013002495096]
other_vehicle [935.307207078988, 492.71267748950027, 1031.435084526013, 544.4397509713298]
car [577.0465604575381, 503.65282407932176, 664.3453915305597, 576.7693945931182]
car [491.4127852671015, 507.50747386397205, 556.0523641472936, 558.2094246192588]
car [514.7900820852614, 509.39437518018804, 566.9958969335307, 550.1085612634641]
car [1452.7310147751916, 534.7904812843077, 1600.0, 637.9027734762263]
car [1149.0078292182984, 526.1191343624369, 1294.545852411009, 577.1479633010484]
car [687.1640644699606, 509.9346134522405, 755.9265102910014, 557.1033719282804]
car [1412.612902739012, 537.4287676564948, 1600.0, 612.121954115982]
bus [851.6427895323709, 492.6329318959762, 922.0883873405046, 537.3535461800946]
car [1274.1620785204261, 525.2565429127715, 1452.6466380786885, 591.0282030710404]
car [425.29149009560314, 500.52310907270225, 529.631161448317, 585.0573472743198]
car [742.5873498256007, 467.6010547992685, 952.0691935977247, 620.4975545876683]
car [540.3602961468398, 506.9721293548668, 580.3937370679238, 538.4239948489161]
car [1073.9689847057225, 519.1311234486913, 1194.5981515316814, 570.4844560025103]
