car [1161.1283807922862, 505.36958336049315, 1284.8721610089056, 548.7461644975778]
car [1133.3400734457641, 507.08314383778946, 1317.4944781272634, 568.5134149728318]
car [802.1643647781942, 519.3070121072336, 880.5983431259762, 546.7484124007112]
car [422.7286542797445, 526.7590692143161, 469.1155719872859, 554.5690587154703]
car [504.2587767339648, 522.4247409791333, 532.5365780189001, 542.6489099314458]
car [539.8735955451039, 491.7092680226625, 808.2759273728649, 747.5141279833878]
car [833.6542951291802, 520.0511085651002, 922.2065043574632, 551.6747383501913]
car [469.5091780624972, 523.802405803847, 554.353211676764, 558.6657003859217]
other_vehicle [331.30314091643413, 512.2437315381792, 399.648884505749, 551.6761492993237]
car [159.10982599973914, 499.2777307837082, 487.20813872390215, 702.643818737405]
car [515.8636929004907, 498.2565711699861, 709.7337259138649, 576.2158769283051]
car [449.77345908562376, 526.7474868727645, 490.8575901606459, 551.0561589000522]
car [990.3618870800316, 512.2373814815289, 1175.303957174839, 574.4451454429144]
car [10.693086079190476, 529.9762402738992, 308.90243062710596, 660.081097458991]
car [1014.2981474064511, 503.60470907461286, 1189.8013862565622, 573.6241029879118]
car [1563.6132912611342, 510.7306865644334, 1600.0, 554.2473375751568]
car [816.9968791117824, 522.6630663344413, 899.5047361074664, 549.8577025515486]
car [1282.793673981364, 514.6172268221748, 1512.6778557593836, 573.6145845928735]
car [941.2622752134143, 522.9754390717845, 1074.3097232563166, 569.9548047144162]
car [0.0, 511.0790770481222, 104.9031037773961, 894.9004525369935]
car [137.28442117799045, 526.1762057640343, 328.50357976214497, 597.8007911356639]
car [1378.4939083076138, 512.8683524339402, 1600.0, 574.0885598107833]
car [0.0, 523.4763443302346, 206.3708014118973, 625.6034426549829]
