car [583.0982041289664, 571.079556901668, 817.3637361929042, 724.8570713529734]
truck [895.4486895700755, 544.0869059843493, 939.9750499849658, 572.8886788300626]
car [900.1784994770996, 566.4269828487598, 940.4349278401126, 597.039716310609]
car [1149.0943761838018, 573.0755684360821, 1399.0778044538097, 734.9987288027936]
car [1091.1465594866902, 541.0117671167353, 1271.8997830877745, 679.1835660866702]
truck [455.58096947520824, 555.5178088297359, 555.1133728667654, 617.1331068294585]
car [879.7637715589885, 569.4949604553157, 927.0345525568407, 605.7283662981863]
car [92.27471481383759, 533.2946648257656, 687.0477658164559, 895.3448703533836]
car [723.2795988671593, 562.2898188886841, 863.2546528126486, 661.7321745604578]
car [853.9436349315652, 522.1520053307518, 1231.7190921701988, 840.8754044780268]
other_vehicle [522.9230881709839, 549.4211633309052, 623.6129887296661, 609.1527611356885]
car [920.8434037195007, 574.4414720113837, 1025.8424724079914, 653.0256592639497]
truck [347.09948810166236, 557.0499584895728, 488.8800174567962, 625.1239759623419]
car [805.7512882422959, 562.0583647448246, 897.944038992491, 631.4685393504635]
car [849.4494771336132, 567.5169455537288, 913.5952446604434, 614.4172440567162]
car [1049.2134219900056, 554.1096396948852, 1146.8739126502762, 630.952351626105]
car [922.8850156709872, 561.2055778606281, 1001.0361608349132, 631.665510592807]
car [918.6397941152046, 576.8998579770717, 1067.5230423487676, 692.8544831255437]
