car [533.0037732414482, 541.314127042025, 684.3229720620039, 589.910521246854]
car [1161.284838828164, 542.6330836000194, 1421.4641983374913, 647.932157636097]
car [910.7329911735515, 534.3137971845451, 1046.069755261951, 586.5127802655215]
car [251.51596497659438, 546.3121976427415, 436.01109233169876, 602.7876720911293]
car [1322.275848611837, 540.7842536548591, 1390.8258276553427, 568.0002695645804]
car [744.4865211164619, 542.0251589025867, 865.0096876399922, 586.7665250677618]
car [0.0, 543.9079266092374, 1020.1738380684985, 900.0]
car [1142.0629610868273, 544.90313522412, 1231.872082122898, 575.5925825616342]
car [0.0, 535.2736506552533, 166.22758756590065, 611.4280251645338]
car [963.1835107961177, 541.5214065757659, 1072.494155941075, 579.4195636514098]
