car [926.3428094779687, 545.0684760855779, 1060.921708345695, 592.6934689308681]
car [0.0, 551.608982378141, 22.56619869083049, 632.311739475976]
truck [1443.8322046513358, 416.62268928630516, 1600.0, 623.3955490373737]
car [578.7723133051661, 555.9389213005007, 728.1999256963359, 601.7340328592612]
car [109.2905006748022, 543.8401945791835, 302.9105893239527, 617.1979211069037]
car [799.5677182369683, 553.7833255920876, 921.3277801977126, 593.4174389381519]
other_vehicle [904.417026822192, 500.23229611886376, 1112.618870157394, 591.1913834714269]
other_vehicle [1072.3340922022235, 518.2878698505821, 1213.350145544349, 595.3379015188021]
car [661.1488289548122, 536.0796820943101, 854.3199268308778, 605.8642303745476]
car [341.85318200417197, 532.7869510376696, 544.7738720885305, 609.9294455631242]
car [343.5962088042916, 525.3775070563235, 650.3111142621082, 632.1592525982715]
car [1099.0235991274865, 545.3989543775305, 1347.585607251463, 659.918232489381]
