car [817.2294902012604, 508.0357739771808, 934.1251837966132, 568.9855024037189]
car [651.0210125456975, 504.261906600576, 680.3797172567158, 525.9956151444552]
car [939.7333868487726, 426.0873276077752, 1600.0, 900.0]
other_vehicle [0.0, 140.65296860622288, 451.79639854067966, 873.4986299959027]
car [581.4843346256852, 490.5048868419037, 661.4932822739867, 571.8547033004016]
car [378.7029780506667, 510.13747297969456, 515.411253336522, 601.963895571905]
car [502.05117431902784, 503.8140564105721, 558.0557886480989, 548.1535905703574]
car [444.1036692204886, 494.31802719452656, 535.1975518236129, 568.0553006833971]
other_vehicle [547.5854141308764, 483.5625690695356, 589.5203227020476, 527.7418703493623]
car [482.62263998896407, 502.837167711938, 550.4045364380856, 554.5504833321501]
car [708.6497910695656, 503.0016950100159, 752.8868650270272, 530.7398534107252]
other_vehicle [510.62151153524206, 467.8371642624397, 572.7669536238652, 538.7300000184356]
