car [1147.4190925855655, 521.5635685667617, 1271.338036299097, 565.6178307794345]
car [1052.828299972077, 519.5914349832336, 1144.280625269266, 555.0605767175919]
car [418.746422214017, 467.5768594486989, 702.9181740164089, 721.5189333299671]
other_vehicle [891.5074974109145, 495.67844736534755, 954.5814163452012, 537.1162267128998]
car [656.5093158147678, 510.24435018428704, 696.2995906391063, 540.2520628070213]
car [40.60736962344638, 485.7225946927636, 391.6542849511052, 693.0065194460395]
car [0.0, 482.010291693121, 138.67506521114447, 802.8889100435223]
car [987.4805707592159, 500.50365668346086, 1068.489105291026, 547.321990709892]
car [944.149344311276, 516.9201204551334, 995.0187128218043, 542.5263611683456]
other_vehicle [851.0685488188128, 492.49407309006216, 914.4218455818814, 532.8539637363656]
car [1281.5194548768916, 527.0471395113498, 1441.5463858941034, 581.6538208918321]
car [291.98631030786754, 514.2454546792609, 458.3312307654858, 613.5510503988849]
