car [1395.4167564725217, 532.7560349818897, 1584.4614845088552, 622.64249413122]
car [1382.8174314013393, 536.0502276964663, 1476.4375926094435, 573.3751408671569]
bus [1084.6514266840882, 487.6594699735037, 1398.9129899361874, 579.2775470355612]
car [765.6142716563382, 526.7195761267236, 905.9774453289522, 582.993443286196]
car [620.0526329486046, 533.0811325193253, 700.2881798185327, 566.0834035532627]
car [694.3996390753302, 526.2296463347211, 862.6191009241617, 594.3559141948078]
bus [0.0, 488.6456890343908, 221.07593186184496, 604.7502109115138]
car [608.6930295254399, 542.4614249611544, 710.0930840107483, 586.1462711723216]
car [662.9427924219856, 510.7637643123892, 1433.31908874944, 900.0]
car [565.3678410456561, 536.0730998618408, 632.6420325467855, 564.2993664875482]
car [685.229597487702, 535.0137746249319, 783.0383468202391, 570.7105153396764]
car [1001.4097301617751, 536.826231878708, 1162.2316899685406, 592.9051273132013]
