car [538.5099115561684, 512.051361010111, 691.0901330532307, 640.5378642073719]
other_vehicle [455.32889907666, 465.3695222118764, 551.3671816709632, 558.6819699662823]
car [627.374243982903, 508.7322799867134, 660.3929935652999, 531.8105180029971]
car [696.4603785738623, 506.44956185592946, 720.8760171811322, 522.1531749464488]
car [642.9584134085533, 511.44512237631153, 694.3353231115924, 545.9848176985174]
car [674.218259849068, 503.9184191297694, 708.627509031729, 525.5490662434316]
car [712.1364721860133, 498.2374853502802, 841.0057667881492, 596.7397660084032]
car [791.3491938076661, 509.2641247717433, 893.8699049165893, 563.5563836629648]
car [1272.662719302938, 402.9791340320914, 1600.0, 900.0]
truck [541.8620664327285, 500.64055150040633, 569.6634405337745, 528.5888866628986]
bus [353.84634484785613, 395.9942627990726, 540.3905194648271, 597.4405206191627]
