car [648.286060469655, 502.71092821207264, 673.9307335658741, 524.4255189669465]
car [666.784369431779, 509.22928575097313, 704.8537834702679, 540.3401731126419]
car [594.4475253813191, 505.1248070013231, 618.0377866057825, 526.1396207630031]
car [697.5525633164963, 509.8827410288745, 769.4670531918977, 563.856944199639]
truck [839.5234663604991, 477.5749565091626, 981.9944003351848, 553.7799103235133]
car [279.8810490778433, 475.4047270427553, 392.01082542036977, 547.0207092820143]
car [176.75579848302473, 476.0588754669084, 310.12282697786964, 539.7553245675954]
car [593.2024772543948, 508.7937801224856, 668.5826392518458, 574.6184939596338]
car [883.1211784976023, 410.5080007316902, 1600.0, 900.0]
car [687.6067307165226, 508.1983220231303, 716.826315247977, 529.9012011028628]
