car [196.5144612811346, 479.40020453235985, 470.3003076894374, 677.4968295120647]
car [599.7914793635476, 497.6107298082687, 629.9228321208126, 525.8288825751468]
car [1098.2435355846335, 520.3448079891918, 1191.6063566257585, 558.1699562868846]
other_vehicle [923.499463748165, 487.35623990784853, 996.0630876595701, 535.8433858432845]
car [1453.786463027948, 517.6871764054596, 1600.0, 603.8706650609931]
car [573.0295843111942, 499.8600345586111, 596.7392155805595, 519.2045437123766]
car [581.3384440679207, 500.3113459342855, 678.8774673050997, 588.1331803119245]
car [499.9549136159909, 499.1790576942648, 564.940534846215, 550.1181547723477]
other_vehicle [1017.6656093669652, 493.4971343106524, 1112.4074910073607, 546.6242984297721]
car [386.89054232644287, 503.4431069686353, 525.081427614264, 596.966033083209]
car [685.0082005764215, 489.2075691209874, 772.8935980679582, 552.833595487782]
car [523.5712841375681, 499.8100596386064, 573.1991193679303, 542.9269182371494]
car [1176.4873387601033, 522.4196807305203, 1285.5850692507622, 566.3093085949589]
car [1289.027044360058, 524.4167696429153, 1428.9010737101348, 581.9658335583902]
car [1416.4894005510448, 519.1566140836377, 1600.0, 676.4690299494674]
car [877.4377592359775, 504.54202137146433, 1019.7614423683009, 563.9281649033609]
