car [1221.6232460678627, 539.0694297266994, 1358.7018130646256, 614.5093006033571]
car [1132.4021606032552, 530.7309053472704, 1185.905156615412, 558.4338357979219]
car [759.2476110905346, 494.89540145839794, 1010.0103670084542, 594.8923925721268]
car [650.0210810322873, 509.33433001736887, 974.9578555611948, 621.154710686767]
pedestrian [1176.2245436123276, 526.2131494956495, 1224.993345042966, 598.0018962868934]
car [1354.307951632778, 536.0108925843564, 1515.473397580251, 592.4885352110206]
car [1526.0463315716624, 545.5145038679254, 1600.0, 642.3272685900066]
car [1353.4920101959683, 532.259032292269, 1600.0, 862.9299290451869]
car [1273.7125937019525, 528.5280256459969, 1465.5791297340484, 596.7246418835091]
car [1177.3721668492815, 531.3966356423217, 1295.9760477030363, 576.9931759647147]
car [0.0, 398.73464539436804, 685.6782693531327, 900.0]
car [480.4209664913217, 519.8805827307175, 631.24266103522, 572.4373543553426]
car [308.3591095445274, 494.585041852349, 654.2452799180991, 634.6826396452587]
car [711.9525094814384, 509.1953846992808, 1182.7258721202834, 701.3625502761535]
