car [1135.491343828545, 546.1190606424584, 1270.8704368859633, 595.5203133952053]
car [748.5496772102331, 536.5270116221035, 1160.2461419518193, 709.9937819276207]
car [658.0760104829916, 553.5406862096031, 714.3691113258535, 578.2704064352093]
bicycle [854.681992102173, 542.2449552154296, 905.0991154633542, 592.7459265353102]
car [1483.2643673903312, 551.5943850250005, 1544.059861995129, 576.7187000098301]
car [613.3871194581402, 553.5459793804024, 669.179438001752, 575.728831849183]
car [1561.8090994919626, 551.9254376879159, 1600.0, 606.4340647043593]
car [706.3325174745552, 549.0533315373442, 776.5381916948747, 577.5688643509399]
car [1083.4091178911353, 539.9037884941062, 1288.1094788231605, 616.2256320954383]
car [525.5295630604531, 551.4247715533039, 583.0222006971055, 573.2090254554589]
car [485.1704739041175, 551.4223603561893, 536.7702660050767, 570.9162983410362]
car [810.6494589828022, 553.001061948074, 912.7951157621774, 591.9266277484437]
car [571.3046702046566, 552.308489913249, 622.0547441337035, 572.9924515304929]
car [717.5493328076844, 549.0420187592049, 813.5689377855631, 586.2059097038989]
bicycle [848.7096574825748, 549.4363176744399, 885.479995807213, 592.0431681201806]
car [1116.095329585072, 545.235727000911, 1600.0, 791.0487314064088]
car [0.0, 537.547440032061, 215.0826376553124, 612.2902295801447]
car [1060.214975488974, 540.0738957359544, 1188.5695895643944, 588.3370855537333]
