car [708.9964967351918, 487.5015509016253, 797.5261757859719, 534.4144516258666]
car [1153.4853901924848, 472.1233422651863, 1341.2230213424873, 557.9193915244948]
car [775.2519136147199, 483.9657049121639, 1011.0757499838884, 568.0342623962358]
car [0.0, 484.1842505978864, 14.533310036859767, 523.224083849764]
car [362.8028188781873, 491.67127559835785, 494.35391375727227, 544.2141126634676]
car [1478.0783325998248, 466.9184156970769, 1600.0, 511.8270628679357]
pedestrian [82.78294710581878, 492.0324760273165, 121.60396339536652, 580.2013865586066]
car [709.0530542811596, 450.86329231966846, 1080.8589778978692, 577.016038944113]
car [0.0, 516.4304849433588, 246.0721185834124, 610.9977626655999]
car [21.403148286575693, 495.04331213206115, 231.18217451459648, 572.4992494867298]
car [328.6819203790885, 463.5926343214919, 425.35424287749464, 498.5568267939838]
car [58.316307515980725, 484.22795471400366, 155.97709231352943, 518.724002513758]
car [77.64549117995459, 487.59622164874685, 243.66640138517607, 555.0663452812527]
car [226.57668908562258, 482.87743485363893, 442.6344355718717, 559.5137738813514]
car [1074.7053829441031, 485.2231378514605, 1125.6309328212876, 509.7586545077849]
car [1510.914407965556, 460.4789956380488, 1600.0, 533.4955761471591]
car [0.0, 487.5357288390976, 85.90057082490189, 570.3603834428176]
car [1253.3937233267118, 468.9288759906231, 1502.3578899970566, 578.8604717864034]
