car [430.20235458403357, 762.3593369783526, 525.4724020059714, 837.3497177220606]
car [1559.6231383447728, 804.2305337989908, 1600.0, 900.0]
car [1439.0588814969426, 795.4152496468513, 1600.0, 900.0]
car [978.733648614922, 763.694058331392, 1066.754427571813, 846.7885905848171]
car [1248.6432081405003, 783.2847433370272, 1532.9900558352497, 900.0]
car [1110.1516519367135, 768.5223084473296, 1182.8250205952709, 827.2076211649759]
car [1335.074695130318, 785.5325518632214, 1600.0, 900.0]
car [198.59522209174816, 730.1960718329293, 481.51448504313356, 900.0]
car [810.4184560467764, 762.7087710437811, 907.9029110779555, 843.3366949507958]
car [704.2173188029551, 763.1540784027027, 789.4295091611036, 832.4100259912356]
car [140.6689756336254, 755.3562649719572, 274.0724015071122, 835.9647879726311]
