car [1318.5429847814003, 549.7522703334831, 1421.080357329615, 590.3247500074535]
car [1134.2359261541728, 556.8588511604407, 1249.3320576819992, 599.0169111857941]
car [610.680787981596, 543.3739607868096, 762.2110443664047, 603.6232776546398]
car [0.0, 525.0338000674697, 271.16527691388325, 802.8180428076621]
car [1090.6258409859715, 554.847061484974, 1226.7318940005728, 600.6467456391229]
car [37.81616846715125, 511.8438582140301, 393.70047754404004, 643.7269368049914]
car [339.0384352569274, 527.2334369849051, 579.0491453746222, 618.7968386352944]
other_vehicle [585.9731947971989, 513.6556186584036, 777.719715940725, 600.476691218482]
car [0.0, 267.13940348502706, 703.1188627442319, 900.0]
bus [1183.3317782318654, 529.1623202716903, 1344.4676849835787, 584.9491336565794]
car [582.9325696843052, 538.5618762701852, 807.3991130238694, 618.3737625963054]
car [1083.3598088234037, 544.550018173437, 1179.1202529183222, 588.726299811073]
other_vehicle [900.2789799804996, 509.8954538901293, 1076.810942589902, 588.0648218076569]
other_vehicle [1303.9248339444953, 530.7200390711693, 1402.626283590846, 579.5736091458492]
car [636.6761900242005, 541.6985528693411, 814.1888150837757, 612.2408121555978]
car [864.6248832227586, 536.3455270924736, 1020.752385118856, 603.3805591441075]
car [779.5808031240529, 552.584794098964, 912.6636787808947, 598.3011625210817]
car [1132.0401346656681, 545.5423644550315, 1214.2397499633576, 581.9159305254325]
car [1494.4938542805091, 568.3412831557973, 1566.0913941809083, 595.3995467876556]
car [1242.7911539266836, 560.990573927481, 1339.0876673222153, 592.9372758909194]
car [1013.111447085543, 542.8399523840587, 1145.0738879152536, 597.4675958061771]
car [1423.4103959409435, 556.5126897440631, 1498.2364672815308, 587.0527714538416]
car [0.0, 447.4267662982982, 52.91092073726686, 673.7809353430338]
car [1021.3674911730386, 549.7728774309301, 1304.8326150240107, 685.9380371521603]
