car [695.886812884906, 501.00948641479744, 724.6797351363723, 521.0218019499903]
car [1089.9304514339367, 503.510058409976, 1176.3807232631602, 534.0640632178039]
car [457.13573451303137, 493.9625718998128, 518.8531317684624, 541.4339023017384]
car [476.6167907627458, 494.0014487102743, 526.8415945360329, 534.4615987919051]
car [755.4394631197607, 501.79170002583805, 814.4807445930778, 539.4386511493968]
car [851.0089403925117, 459.75206588271857, 1279.57301637024, 715.754113473477]
car [279.9746845997438, 493.9010957466349, 439.06642387490916, 578.973059482076]
car [651.7530224916003, 498.57877743691097, 680.2657683900189, 520.7928594215168]
car [105.12863948535241, 510.22807670886647, 345.299143540735, 616.4800457812638]
car [1339.6102168328791, 509.50898751739896, 1600.0, 746.9250440030497]
car [777.5745579143634, 499.89335190805417, 818.0244666950006, 523.4382395676231]
car [576.996792689422, 495.6580243701771, 651.8317875418187, 553.9136993111845]
