car [485.08788746237633, 739.178396581017, 590.382096758343, 824.0941895996016]
car [543.2976549416023, 722.3439268264073, 720.1347674668103, 878.469629369256]
car [1254.123890483338, 520.7969949445339, 1600.0, 900.0]
car [1039.123298596229, 715.7298577504948, 1245.394292283301, 858.3305389798335]
car [0.0, 682.0524973911306, 219.53744726929466, 900.0]
car [793.1146637601524, 708.5897372676844, 1006.5863628499775, 900.0]
car [0.0, 716.6141965371203, 220.1973576133526, 900.0]
car [55.19052827888349, 750.7956187469047, 193.22791513969074, 832.1452259818908]
car [229.5527661862993, 716.2662224208774, 476.75839213487023, 891.9984581586791]
car [694.1040084210287, 740.3483845214093, 793.1530424757924, 816.2540022464286]
car [1154.3363658261496, 747.8779008425149, 1332.8459230019814, 821.7856357639756]
