car [0.0, 487.6038402832359, 14.285934574157338, 512.4875794767863]
truck [719.111296445323, 486.35952297714385, 774.9459450914774, 527.2600360251263]
car [523.3759086958831, 496.45047797224254, 560.3853046413911, 525.8193570065589]
pedestrian [179.77869416411693, 484.9438737392919, 235.15622805517998, 578.8891654772268]
car [647.3309625264077, 502.1363346641107, 687.848682778473, 530.0381978035116]
bicycle [199.34309595000158, 498.92226895829134, 279.5697283448553, 573.3995026829958]
car [843.161557024338, 505.60245209582195, 880.0571587545328, 523.9182115966817]
car [1133.4876253642783, 461.357832539102, 1600.0, 900.0]
bicycle [208.41089633671234, 483.2266036237285, 345.007886464179, 559.7861580916772]
car [787.9604633543622, 498.40473206066696, 835.7673684574462, 529.2040304702102]
car [629.5173091104463, 501.4486334025716, 648.5336044828782, 516.6237805496826]
car [809.259142838136, 500.5731472752332, 871.851198109602, 539.8490559036605]
car [868.1344845718191, 508.176433650496, 901.2338860136246, 526.8616596667426]
car [512.1408588033769, 501.55660955773476, 550.7175833970489, 529.4002961612318]
car [990.0336917859781, 507.73049715754144, 1114.5124609503655, 558.0836347135457]
car [565.3648914212596, 497.80142214414684, 648.7599645656898, 566.9092180365927]
car [702.1750143426108, 500.78496971356014, 744.9620713525835, 533.3689723228554]
