car [637.9885190173642, 540.8931251510683, 661.0997637953615, 561.1841084622454]
car [469.6974678574584, 550.3313626249645, 541.5250206864924, 600.296065958621]
car [677.3343985977142, 541.6064832122611, 747.7674626221396, 590.7519208586775]
car [291.94410987745795, 557.3322154755809, 347.0748237133947, 589.6917325599406]
car [452.92743841529045, 545.0780334740517, 501.34044396787397, 583.9762880799722]
car [249.58503853871096, 562.5738794049707, 292.0080074437169, 588.3853127377164]
car [697.2071117240503, 539.4473002982465, 782.735626018859, 600.2972469261146]
car [567.4403322753785, 537.7175749300928, 632.1831843678029, 594.952383838463]
car [0.0, 512.4274110383049, 304.3809285884112, 692.7682867097432]
car [1434.7367714753602, 587.1955260393378, 1600.0, 900.0]
car [644.4707749931499, 542.0869825804061, 682.1139916662005, 566.6199869376725]
