car [30.386546392348492, 531.8889027691549, 253.12789605238427, 605.3234303244212]
car [686.7686403064544, 534.5187514863575, 812.3228445913646, 578.6243541499824]
car [304.65803559484465, 523.8422099927549, 347.72078017491475, 552.3889101189968]
car [299.5243502747283, 531.6345254968062, 380.6865779742545, 570.731554841362]
other_vehicle [180.07205036890093, 509.0923569639104, 286.0978676127012, 579.7861866563151]
car [792.5224796352453, 533.2100865619941, 915.6379449677083, 574.4490860644723]
car [395.1990206520071, 526.8991311226856, 492.6538099248952, 572.3961064361288]
car [1397.4792804082315, 534.238327450651, 1600.0, 621.3157947812749]
car [1288.2377591800832, 533.7314951537016, 1357.6917307720494, 555.8310089893444]
car [660.1749524161982, 460.0475792116717, 1523.4460059054252, 900.0]
