car [531.7197294850578, 498.15077496187956, 579.845686239365, 530.9241051085853]
car [578.0247081260667, 483.3698960923129, 661.2844950196819, 565.7571852478678]
other_vehicle [1356.0121363607955, 446.17102707898727, 1600.0, 593.481978640656]
car [683.0158379824143, 492.15993361321296, 734.1773179990374, 534.8861992418664]
car [545.0050318011248, 492.56592250893624, 587.817492849002, 528.3994060479763]
car [511.2880397900591, 497.9421722411241, 564.844054955615, 541.1926562387072]
car [573.0577393650748, 498.39268406706594, 602.6950931800109, 518.9695404634361]
car [655.570380968853, 495.37157405694893, 678.9066798492864, 515.2151760450939]
car [709.4724414323946, 493.6238219855753, 746.6440338923544, 521.2642803845783]
other_vehicle [864.4326600188303, 487.41806517068187, 921.8673865771611, 522.3165636020499]
car [882.8233292995363, 476.1449283201274, 1069.9563016943166, 587.912877169493]
