car [0.0, 540.3747167993738, 17.313427075849848, 607.6706759549876]
car [781.2069526913743, 553.0823512017128, 1123.8567456830979, 748.9309282374942]
car [0.0, 544.3564522099579, 67.00539994237279, 591.932237534777]
car [319.4190057578235, 542.4949833258723, 368.56079328552954, 573.6400574796894]
car [206.4329369397249, 535.70959326938, 288.35571113228457, 583.8337825614591]
car [709.8493349154721, 539.0894509121975, 781.5970417052437, 566.1320624395332]
car [451.3031576792096, 542.8636260895952, 498.9657174478085, 570.5995193490481]
car [494.43596620017513, 533.8436374999233, 522.0548938668904, 556.821601564622]
car [425.7833549018772, 540.7980115863461, 464.5642365990091, 563.4712445097565]
truck [83.3440967926929, 481.4001654204003, 310.898458878882, 594.1899812457312]
car [508.11340943201816, 535.8591958465597, 551.9366189839699, 573.1838201284384]
car [629.467677747164, 540.3187250473919, 682.6478428521011, 587.0690707473611]
car [392.55606721251326, 543.729070307025, 425.97614458697933, 564.1244686347102]
car [236.88429436597005, 545.0686978782605, 367.9875393271846, 614.7138711972649]
