car [461.37265021613945, 487.75018598085677, 547.3773909857025, 554.9769217480475]
car [668.8219762082078, 490.0394114458257, 749.3290614177539, 556.5809760713054]
other_vehicle [247.71810870416192, 385.43241425501617, 503.11185673067405, 628.5053573811016]
car [0.0, 358.7542466384348, 381.6314858598805, 900.0]
car [887.1755409689865, 513.43554579628, 1077.5578909873545, 607.5786788840682]
car [498.6081891094537, 500.2265895099239, 557.3449106844113, 543.6832785530573]
other_vehicle [522.1372206826321, 467.1385548543836, 589.1288007530516, 529.786126858652]
car [883.0518316842696, 508.4047135233348, 918.762670942547, 526.0079828057146]
car [543.5396923138221, 498.35983339472983, 678.8635780089161, 618.4053214808828]
car [418.2655573528426, 502.88959518472683, 530.2947543744439, 575.2122480183904]
other_vehicle [545.331117158509, 469.13672755824103, 595.8912653814826, 525.2919481343695]
car [518.436238759617, 498.470840403763, 566.6701446049216, 536.6934367975822]
