car [648.2709360006675, 503.57617035134575, 750.3298402803704, 558.8688879627955]
car [395.56981548099435, 516.1346992914838, 459.3437313991111, 553.2814796987278]
car [570.7835413809225, 512.3441665086401, 644.3319717686521, 573.5716038471621]
car [1494.9409226540863, 417.37903520358674, 1600.0, 474.8116059009258]
car [507.81578950805397, 518.8332986246247, 541.962854161319, 546.0593856362997]
pedestrian [754.4784292484004, 501.3996150585981, 775.6862884942113, 542.9596685390048]
car [1029.7413190592554, 458.67421509421035, 1170.6644706726138, 505.7086854325988]
car [1009.0539634915624, 472.4251846290968, 1124.7552695461848, 512.0613621183866]
car [1189.9726940619564, 435.683116885112, 1339.962626788105, 489.28943260375735]
car [864.4129209140341, 486.0684368751866, 993.1381544790592, 531.9526047903067]
car [1406.385949841546, 421.58861923417203, 1552.323635152614, 468.94059804649856]
car [843.9545593557407, 491.78877705996746, 954.6728803619685, 535.5346709766632]
