car [0.0, 530.7443046192517, 40.56083308272227, 612.4451974003858]
car [621.4437651853418, 529.9204095296429, 641.1684162276271, 548.6957365564888]
car [658.3764910926209, 538.3885265693705, 687.9180654999194, 561.5133416215676]
car [555.9374284263156, 537.0042627253965, 618.8249960579061, 584.7703085074925]
car [369.2218953686996, 530.049458330392, 426.6001508756441, 567.3167805071233]
car [278.8657042460751, 546.0130527799288, 324.5295045003884, 570.7440397522768]
car [326.4538889485656, 545.9059135435033, 363.8731961294506, 565.65582798614]
car [669.8072851883093, 533.2181418024859, 710.9494988859819, 567.2849553059041]
car [139.98288157593643, 545.1252228484069, 341.53704599087365, 645.5034003477983]
truck [481.7812392063193, 500.7957726001641, 566.8379984677217, 572.4700064380338]
car [304.14035209754945, 549.8603244992823, 343.9316285663874, 570.9714911121182]
