car [933.7574360375231, 493.85453758158815, 1018.8069298532334, 551.7436667163686]
car [981.3063610229756, 501.2695030009188, 1108.3024840716917, 588.7575163695517]
car [756.964110781742, 485.973072276296, 908.8778539139491, 577.7809027290731]
car [1063.735160253819, 491.2998046453933, 1145.6416815096857, 550.7299655376603]
car [1027.4350622332945, 486.40632009965907, 1128.4641465772872, 564.9064510438484]
car [210.82102185684946, 439.29242904466093, 1600.0, 900.0]
car [1117.7606552904565, 502.50837513407356, 1154.765217704035, 533.1632134931369]
car [879.1871196317071, 499.30190164510105, 979.2996311218743, 560.4519484312392]
car [1154.85150182251, 491.8064773251973, 1328.0424947567653, 616.276990914498]
car [995.8723224659204, 495.0228688082931, 1061.7030234435272, 541.8937759293974]
