car [745.7727739884489, 462.7939698826153, 1221.1418253430702, 655.9320352871258]
car [34.174528394836884, 484.9730140134917, 232.90308204050052, 565.4231296980772]
car [602.2544882718795, 516.6387327340539, 766.7657911845292, 579.8305892917185]
car [1348.3077222254392, 538.3082235426823, 1600.0, 648.7906936889756]
car [402.722929286906, 501.74330004691694, 571.9604555314311, 568.4837498216505]
car [1423.9092980224962, 536.8685342046962, 1600.0, 644.2350800937223]
car [261.93724500021716, 471.95131985679166, 560.6933378049185, 601.4691748494425]
car [1083.2666194808426, 518.5996527807921, 1412.092422396693, 639.4267772052115]
car [618.0163736008722, 522.5759697412176, 777.6739747468971, 587.2823959486384]
bus [0.0, 433.2962524142804, 3.266827731496894, 524.468885008046]
car [0.0, 472.98489790452766, 61.6861779585307, 548.2176770273865]
