car [0.0, 483.09710487599, 312.8940718855252, 643.6448633896204]
car [1147.5684636275384, 519.4377776455714, 1600.0, 682.5906249959636]
car [779.4989520365634, 532.3575034072943, 888.8041812261607, 567.4964967596829]
car [723.902597120477, 531.5475713695157, 819.6691186823407, 567.0881259883558]
car [0.0, 486.6608789121413, 33.018952736046536, 559.6806095748706]
car [270.7286311706054, 513.8108153943225, 359.8567194875426, 548.8055818990598]
car [889.9298032371769, 529.9929583732794, 996.7868103997392, 571.2257388416043]
car [496.1796582445226, 510.33455328507773, 792.3907925402581, 615.0497485048569]
car [1315.705978054456, 524.1858681288596, 1600.0, 669.229262563584]
car [544.9319410651888, 523.8890655474398, 628.5765069731822, 553.1540509022873]
car [804.2166477705977, 517.5590452612008, 1168.3994412514685, 637.5991877651389]
car [1462.230076857435, 513.4832743671494, 1600.0, 622.405739362209]
car [950.5806667504035, 525.769336704652, 1243.0554728889817, 625.645373460591]
car [834.4909034520772, 520.441200230486, 1090.7951330513106, 612.6112776921248]
car [204.63092651155245, 510.7673455767955, 385.5297909411186, 563.593912828669]
