car [760.7213007482948, 768.4575339567448, 890.9305990450168, 863.7916675807364]
car [586.8591746393068, 772.7169470120332, 723.8738434942853, 874.1686291357604]
car [0.0, 769.1550144809052, 334.9259804559042, 900.0]
car [447.4243222853972, 767.0675424933344, 624.7684455481643, 892.3458856960714]
car [843.4682915077519, 742.4338677683186, 1045.2668126155636, 900.0]
car [1444.4808751061616, 806.6604283701714, 1600.0, 900.0]
other_vehicle [1126.992689952298, 730.8764936999565, 1244.6412605655185, 845.792718108144]
other_vehicle [1151.566662786724, 593.5506659380331, 1485.7786630616988, 900.0]
car [1237.0732647435123, 744.3189619240312, 1593.8366204850104, 900.0]
car [720.8454955470035, 780.5717314479924, 807.6225543393147, 845.7320219235874]
