car [25.528488015747218, 544.9739285933842, 123.334507001155, 584.4002640556921]
car [581.3086132626607, 538.6007919147135, 781.5200371889348, 604.3661570415093]
car [289.72103164195414, 529.6517768554281, 599.067961196619, 630.4723003069396]
bus [760.737055899274, 489.52089022358575, 1153.408579819931, 591.1935483044891]
car [837.1907439614222, 540.0472654826971, 994.0917503960479, 592.0472801017926]
car [1378.4174709724057, 538.0238998468052, 1485.2563179470346, 573.5770788048139]
car [1546.4185820569442, 540.7222780609738, 1600.0, 598.6205168912128]
car [598.2374535237992, 522.9948220104567, 774.5639462230241, 587.4763194160137]
car [590.5928396799403, 510.47434317751606, 1330.123481677673, 900.0]
car [634.5512765320309, 532.7217468080543, 876.5368740435152, 614.1321317105554]
car [0.0, 523.6307469080318, 380.50000546491196, 656.2053750357378]
car [1088.2726693884324, 535.4210181234974, 1381.0467193059455, 655.86573069779]
car [0.0, 536.4988265943447, 70.11753679242989, 592.7768858700153]
car [1246.1436009708962, 528.0147146166506, 1384.2232996201094, 582.4553904841441]
car [919.7893722593528, 521.0006909897849, 1116.1173184346676, 600.1402784900803]
car [696.7966840833194, 533.6374072744627, 955.3479614178759, 619.1262437979141]
car [237.72273673331162, 530.961485522158, 476.7975314295443, 614.7157843087348]
