car [1053.1209324557883, 502.1368184160537, 1206.3619910754442, 615.6074794093495]
car [0.0, 444.71387943039076, 589.8884007148857, 900.0]
car [1052.6324457482197, 484.04797515198885, 1157.896147258501, 559.7796944002259]
car [1426.4702299870069, 483.41288562018025, 1600.0, 585.3078057588135]
car [1219.1602535429263, 477.7651720034424, 1503.0740098407473, 561.9966301416338]
car [0.0, 527.5039887425401, 20.124262336430256, 594.5518661998389]
car [523.312455923413, 484.33979864223994, 604.5379331190924, 521.7603766733266]
car [1159.3520585267831, 484.6348466923484, 1381.4075319290566, 547.3359382657566]
pedestrian [495.72176679042667, 508.07767815599914, 534.0601978445072, 582.2999211807152]
car [429.186900408558, 516.7506818189978, 594.4512175661928, 573.2429704331935]
car [1542.6114340755892, 484.43993550901746, 1600.0, 606.6766938511915]
car [1425.8027195815944, 490.9107152415928, 1504.4064343402688, 526.5366419015563]
car [287.32136177639416, 512.4119232356165, 634.8115866738988, 659.1427711303756]
pedestrian [399.74334087063573, 509.5455081566925, 442.6949279193297, 627.8763150178797]
