truck [0.0, 542.1958264993918, 217.56538471891326, 656.6551170319595]
car [919.258434078, 561.6384357794626, 951.9019203031404, 586.9364226177505]
car [0.0, 454.93773794359834, 470.15915166086035, 900.0]
car [614.3713113053993, 563.5780414751536, 673.0072372498851, 595.5232278905249]
car [945.4860255701885, 548.9257102895259, 1059.4306508909422, 645.2722614514786]
other_vehicle [546.8846400638937, 546.448476685998, 641.9733654501603, 602.0993944190776]
car [783.4413393825012, 554.007061773802, 884.7937275412811, 635.1778715383444]
car [748.404626698959, 565.5790129195613, 787.3031592802345, 592.5013377526243]
car [636.1035689591264, 571.7316406178109, 690.3702193467205, 603.2415705029505]
car [869.7511541534544, 565.126249483398, 922.9909583615319, 607.7184420961365]
car [1036.358268133418, 560.084316389521, 1092.6319761967231, 601.4341337141673]
other_vehicle [335.3817895480206, 534.3303717857129, 506.72218677201965, 619.6841247825743]
car [890.8589803242152, 561.3252146356743, 935.4331575565657, 596.8872059727419]
car [1028.7205484400142, 560.149320976242, 1071.1102208878392, 593.6154079511495]
car [1362.2943140380253, 564.2994033948098, 1600.0, 900.0]
car [1183.1415365365885, 520.713153539454, 1600.0, 790.956026012653]
car [957.5915480819555, 561.8977814351961, 998.6799209139284, 591.9497438294716]
