car [813.1683193509037, 506.72259621697873, 871.1955020838778, 537.7599275331253]
car [922.8428619662822, 363.03073316131935, 1600.0, 900.0]
car [655.6271452142812, 494.5290580332036, 696.9434651415743, 534.3188432638298]
car [489.490759720844, 510.41971262870425, 557.03288297321, 559.5784427441415]
car [784.7463021745202, 506.7396251310964, 828.9136694744786, 532.8785019775004]
car [639.3722448256306, 504.87589474378717, 663.4034882287784, 523.1855526874394]
car [1223.9265233485282, 510.9501865810666, 1376.3544716605018, 563.7609325094064]
car [900.4595872122957, 487.2454805661826, 1101.0138325254406, 598.7945479852599]
car [570.5713221640088, 505.33964941112623, 657.0028856445846, 578.0079396997041]
car [719.404837231273, 506.1532855222822, 826.1864647781643, 575.1561063825128]
car [463.5931324407916, 504.64508536677283, 516.8753531287634, 519.40742614832]
car [424.27871528412084, 507.41486313350254, 529.6685925379045, 582.8786309782282]
car [296.44017545956365, 511.6708554171068, 486.5409691679496, 641.0140183754152]
