car [0.0, 521.6240791362386, 223.06975889124448, 762.2648122192693]
truck [30.015488071449354, 462.1743046001924, 378.15885418709314, 621.3209912031994]
car [0.0, 500.39345012753733, 126.15535649548063, 621.6851320448576]
car [1241.831053752018, 539.0287192560849, 1324.6410798434654, 572.9566383378614]
car [42.205575643966235, 508.8251495583084, 417.0438844444824, 675.4865107363813]
car [648.7665245755128, 527.9849485780428, 1396.0737853458977, 854.4522534858614]
pedestrian [416.08910367599424, 516.9201709762456, 436.6105153834114, 552.7854248379464]
car [61.345710017215936, 521.5567313916085, 1205.2546737374093, 900.0]
car [410.0184158743953, 517.0706797648835, 779.7693822013842, 664.0293408264924]
car [943.9189199872073, 523.8807829172657, 1594.7712952252025, 768.9904523516082]
