car [220.29284758879507, 489.30379255341035, 317.3462746632629, 548.6508068713152]
car [783.0250395856077, 503.35707298156893, 851.0160490574278, 543.1167913817203]
car [434.6317407196156, 499.45979471135564, 673.0742080433296, 585.6972921779156]
car [865.4201347042032, 504.79477616113155, 964.4417756321895, 548.6272715048489]
car [612.5839765851039, 504.68029508027155, 769.8257534288065, 560.9068498989892]
car [125.39535122302952, 501.0208369005551, 191.02054835797856, 549.5756574666109]
car [261.2394319602686, 482.43009900504904, 467.7655163915914, 563.8131790338774]
car [709.4796642865638, 494.01225831677516, 774.3505041416659, 541.64391098926]
car [956.1149385370203, 504.2453717107245, 1082.0416567917002, 551.9872463093633]
car [361.54818310737966, 487.2313721853306, 590.67724791966, 574.1845211747984]
car [581.7085533953939, 505.78561666828574, 637.5651574549904, 525.4665924911534]
