car [821.3314758431447, 515.2045925577495, 1171.4828935397352, 752.2157392816696]
car [667.564711513583, 535.7443362139053, 704.634326497667, 564.1875524859612]
truck [617.5165702788755, 515.4935411538709, 651.8321323378177, 557.4794053523154]
car [0.0, 562.5772718352157, 2.9833884425191792, 599.4469507422652]
car [755.9120283727767, 538.8089394724581, 947.9410687002782, 662.6070418050622]
truck [0.0, 392.6696476912549, 348.66603625512903, 687.4613552624863]
car [570.5918186055496, 530.8627558475981, 604.4486179990507, 559.9508454342358]
other_vehicle [465.9519577306836, 481.442148574233, 565.4494638442217, 599.3338943407506]
car [432.96829318940047, 537.958507497908, 477.8703546776693, 565.4802583463716]
car [555.8302651356945, 535.2150816175748, 597.7673414638883, 566.7126237196982]
car [332.37228741517737, 538.8511793929986, 403.2156758471764, 579.2788776171519]
car [0.0, 555.4790035824198, 78.718443693165, 599.8336696625545]
car [48.02177354544988, 539.686144106868, 165.7551115758367, 591.4702564370739]
car [722.1732211193632, 524.212589369504, 835.5147962261916, 615.2322349123621]
emergency_vehicle [580.9102127481124, 517.2713120464188, 615.5804780769847, 555.8475961635629]
car [398.06482817744586, 538.5059676151687, 454.76911986915354, 570.9223081578621]
