other_vehicle [528.1153530963169, 473.04605981743333, 592.6952517199492, 542.0799648112348]
car [121.46348156449099, 464.17125144660946, 463.0603132724689, 690.4334538120032]
car [1179.2907866999824, 521.3985770678253, 1305.1038400666919, 565.0189374283747]
car [841.5939233395161, 504.8347637039656, 894.2685875254393, 531.0040969120056]
car [945.2231535129908, 515.3206700974976, 992.1073225080365, 536.868603100682]
car [654.4437879068751, 504.9508873460284, 676.1427349685674, 524.6514901570991]
car [347.04918725023913, 476.4726377545383, 516.40004435392, 610.565362268306]
car [1079.7971689649792, 512.6672627357736, 1179.0848703894874, 552.6064766750665]
car [0.0, 516.1935097509811, 298.94456626151276, 900.0]
car [922.8709227944693, 511.1260684665586, 966.1157124624515, 534.5568556305016]
car [793.705908143412, 503.97001015933824, 862.7017918117847, 543.3268200286901]
car [974.617668931466, 514.191102637682, 1035.1012079835846, 541.2445088285805]
car [1020.5800954025007, 512.914207873656, 1090.7055998220878, 547.1166929875423]
bus [417.18100301177765, 418.58221713122094, 567.6523345491127, 581.525277829907]
car [569.3072082525797, 497.1255342708776, 664.6667037375911, 588.2260148478898]
car [508.5319024366058, 506.48738004087596, 570.3433002949619, 553.6565415813261]
car [708.5842624174059, 495.70919019998956, 823.7078519993831, 579.8927259584583]
