car [584.571907969084, 500.34984931951294, 654.6968818048516, 555.2483964645025]
car [228.0501646759622, 509.14316152846635, 342.49890658017483, 569.5224894433504]
car [101.9855246598911, 494.8354627083956, 233.99920763691384, 539.747079115458]
car [651.038527535869, 504.9460326728892, 677.5238460200836, 528.0296742475093]
car [0.0, 491.14271771504986, 59.38558512924761, 530.3205424586042]
car [674.7489956963947, 499.78045391669366, 730.9383745712223, 536.4973711054281]
car [709.8402111176852, 496.7043631841551, 745.47966390376, 524.4821916313117]
car [743.1499323754556, 502.7268707082113, 799.7769405517378, 537.9144324130506]
car [857.4025952528332, 501.645824115572, 1001.9972156826386, 577.2958145269355]
car [86.50136305192272, 492.8651076210364, 204.87245085016346, 532.6612348478527]
