car [1594.865834639442, 513.8477073580574, 1600.0, 635.4815817360279]
car [140.7311777163006, 505.54810942293994, 428.85128438673627, 646.6297028943918]
car [1037.2291581741301, 517.4895588459934, 1575.1863298832586, 681.1155413961924]
car [588.9179357067167, 520.1325485044625, 755.5843695535709, 582.2473551936569]
car [612.8815678946557, 502.3262066283413, 901.6437943350276, 622.3708330865436]
car [742.0577287249947, 522.7594638238373, 967.3180457497359, 596.1319310810451]
car [1326.621645919222, 529.9647589484325, 1600.0, 647.1578820452459]
car [243.7488102606944, 505.6966969130208, 418.48370233144095, 571.7839385646408]
car [571.679023179652, 509.2392963072736, 817.0786994617484, 598.3500733500928]
other_vehicle [456.78313847200286, 484.74789426232746, 635.0590284309188, 570.0236929246905]
car [41.34469280935373, 491.18332732309295, 171.2719307175632, 551.2523224096213]
car [966.6637413822666, 516.0106042498217, 1332.3303032205915, 638.191803215726]
other_vehicle [855.1773479637964, 463.4548190943451, 1213.7276055647947, 604.4237849495627]
car [342.0979199108222, 506.6186091121599, 597.9623688111787, 598.2465814210917]
car [99.53221398385742, 485.5044804900422, 305.26951772034505, 576.1455456296189]
car [330.1773172655405, 500.83480468542047, 478.4100862241874, 567.1196495484861]
car [846.0158083133584, 527.1949664873683, 1056.9209463055363, 599.7573967880821]
car [289.78347267902564, 477.93655039906764, 1256.5126955900673, 900.0]
car [0.0, 501.96454115348206, 93.12796925552264, 557.5852326518018]
car [1227.5818650072224, 524.8803937805999, 1542.8792978114548, 620.201745352474]
