car [387.9181354249312, 546.4466013410005, 421.7940361934602, 574.7176998173999]
car [585.4051159385929, 540.8801731119147, 625.7045933632886, 571.6445551504662]
car [797.3097329939435, 534.1973895660428, 910.395515856354, 573.1054892706103]
car [442.90121450857396, 544.101538447271, 494.898781281439, 584.7183015398149]
truck [150.85118537317433, 490.5296193054692, 347.17306970118835, 614.9761183150006]
car [506.70220421127254, 548.6731604207921, 562.5552870690254, 591.9653619092028]
car [486.7327992731361, 548.344616876563, 515.9519338009949, 574.1981631519756]
truck [692.638428623996, 467.1417767082676, 861.433464207369, 625.8834421616598]
car [0.0, 563.5040985678158, 54.58452137493739, 900.0]
car [597.6350936307464, 547.3879012016514, 657.5017453978206, 597.2353530253446]
bicycle [963.8802460221059, 548.6799360239581, 1032.212967950803, 599.641787853613]
car [943.1877733919001, 572.3479019444239, 1600.0, 900.0]
car [510.8616819328095, 543.1953019351691, 535.995081559415, 566.3026448985452]
car [885.8571670512117, 543.5678827387566, 970.3252495341255, 570.8970167073134]
car [1282.2777528521624, 516.6282878134731, 1591.9363234433783, 613.6891770631395]
car [0.0, 562.3264110349197, 19.932131472530898, 604.9270641190585]
car [244.78325281546486, 551.2868598452056, 397.6538689585268, 630.7417388578399]
car [348.0001692601806, 549.6029856632528, 387.3571216793727, 571.4122307374153]
