car [853.1460779268705, 535.8024647318911, 1070.879841728441, 619.5109801120436]
car [873.3266998413835, 527.0584820152355, 934.1978003145714, 548.9714310285539]
car [1037.6216927283656, 540.4824090552089, 1141.6011979079096, 585.6528306617578]
car [435.0441385577632, 526.3341361529408, 516.8088035171102, 575.2825423462127]
other_vehicle [936.090821672917, 533.9535479470853, 1034.7193395908275, 572.9782242767502]
car [634.243898996003, 532.2727275848036, 822.6641957925424, 607.7036966424]
car [991.0489285614483, 543.3311723785919, 1080.39644614445, 583.0829745600112]
car [144.26921162738768, 522.1918977473331, 368.1118419297127, 603.7129974037188]
car [1145.2032490719555, 557.4836854762984, 1283.2910593086283, 603.0036145263332]
other_vehicle [1169.2547405487087, 543.3844708658017, 1234.5367396509782, 576.1950497644413]
car [0.0, 518.3880428107303, 610.5543569345712, 900.0]
car [1288.6626946335396, 557.7221858019531, 1388.8912302615508, 597.118643277229]
pedestrian [600.5155435127549, 532.7990388497903, 629.7346187389423, 583.2949209128927]
car [0.0, 529.969526875972, 257.78170553823037, 637.4524856182006]
car [893.6490508327607, 536.054632418899, 993.693047883587, 574.0706086402728]
car [1438.731050881999, 559.9631961443868, 1558.7386897458748, 608.6448591874693]
car [0.0, 514.1604131980295, 135.51722279827513, 617.6850421463721]
car [703.7579234767857, 547.4812350758531, 869.9688590210257, 605.7870548027379]
car [1363.9314008489755, 567.9024346437991, 1449.2725339796918, 595.1244454813647]
car [1588.6603450956243, 565.1113906050579, 1600.0, 593.2046263484865]
car [1164.505950437635, 555.3536525694257, 1331.9777125505439, 613.2246417459987]
car [922.1189067608799, 536.238542718895, 1103.6567119717183, 605.9797698122509]
car [1055.9317476267822, 553.0615158494301, 1194.2019536638247, 598.1199090630747]
