car [1389.4014332479517, 541.560791353975, 1600.0, 630.9586217056243]
car [1005.3148650664077, 546.8216753857131, 1076.2769962370298, 579.2377260737383]
car [1361.2496179980337, 540.9224878305297, 1600.0, 718.6203361118066]
bicycle [852.3501701186343, 553.9125763024722, 881.006552958857, 579.1788214133936]
car [1266.730856567167, 545.7179121136236, 1345.2100933920403, 569.9652720721931]
bicycle [802.0565342648453, 556.9267256733825, 829.8895555740596, 583.798796809505]
bicycle [977.7575810908954, 547.2448881827066, 1008.5253136707684, 569.3300823629239]
car [89.3621690513096, 550.2536442555902, 286.0279026207728, 623.7674404107078]
car [1072.783798468307, 543.4477171532166, 1152.4978800796903, 575.5736469917437]
car [346.7678469493193, 549.7866309893047, 525.7863617214523, 613.5366096035069]
car [1198.6872920816627, 550.3225600074433, 1268.0400318212119, 571.0382591300034]
bicycle [832.5693281026735, 553.5355479369795, 860.9336162427073, 578.3111219883799]
bicycle [822.585621947566, 553.3964551462375, 850.8373969610477, 577.9604308395642]
bicycle [842.2013672995554, 553.6995580952052, 870.6944732977717, 578.7002598571426]
car [1565.5436629310768, 546.9703851170265, 1600.0, 592.0031941443808]
car [605.1490694371026, 543.3162899409789, 677.2003535295356, 586.9648810195835]
bicycle [970.9626359225913, 547.5745770725702, 1001.7538076118236, 569.8101101269892]
