car [351.41417103846976, 504.7066776240209, 456.8092236962281, 538.6689884100108]
car [710.5243676170428, 502.3096321086526, 752.994195632309, 531.7398911549118]
car [878.5898223365953, 495.4150697499313, 1058.4731165127582, 592.8866444986924]
car [0.0, 462.81378338680963, 336.8810694465031, 900.0]
car [1097.2729477656706, 511.1763086454686, 1195.8662281751974, 544.2849034640183]
car [666.5498884696296, 503.0152891143309, 710.0293093477374, 536.1719788928636]
car [1175.0036954797388, 516.2560887401582, 1292.7381777810203, 552.2068128153398]
car [596.4567358478395, 508.596142600976, 699.9941668192743, 594.7423218039183]
car [762.9231228001074, 505.96672745383626, 799.3519957526171, 524.8647067116032]
car [987.6392854924048, 485.6490090870139, 1058.7125177070507, 534.4150239616193]
car [1559.7487569344153, 516.2926574780078, 1600.0, 575.8618909597125]
car [395.86972392198885, 502.3355813585402, 519.6343445027181, 589.319811682348]
car [1001.0297225709642, 509.53347786265806, 1085.0175668097374, 539.3041818365555]
car [221.4938065845699, 517.3014912950979, 458.5417049711271, 655.1882615947109]
car [791.6916372013891, 498.64442032582315, 1056.0680273243481, 647.3939260995012]
