bicycle [685.0506582852217, 534.4019919125475, 822.1908434389932, 637.8104929771796]
bicycle [403.4800018458585, 554.0848912142447, 521.7969365670161, 638.2206386677724]
bicycle [397.23485416281227, 562.3221150215284, 523.6718753373575, 650.2469589506608]
bicycle [691.6600241228311, 528.949117086871, 817.8664187222314, 622.2639819470886]
bicycle [423.8276578738523, 545.7544012773462, 536.9238985935801, 631.8229691976054]
bicycle [700.6157761798968, 531.9594734829162, 820.4474976930677, 615.182200607028]
bicycle [685.66755137572, 529.0722998638608, 815.7943423018778, 626.7540981332019]
car [88.53171101075084, 481.65075882169936, 463.90155561374877, 638.5195614603225]
bicycle [698.5863043780778, 543.9147375865213, 838.155139633345, 636.4752779614565]
bicycle [497.3061457898258, 528.3956213188793, 597.0328755052993, 610.790686344152]
bicycle [416.87526881641287, 553.4614495841091, 532.752328940287, 636.9422433266324]
bicycle [724.0487255767844, 527.5319764994683, 841.8781764603688, 611.0801156803426]
bicycle [698.6573720718587, 532.1935996322491, 727.0705953064806, 598.7145506184385]
bicycle [468.58247326016505, 548.5136039428734, 572.2823773389529, 616.6789592753821]
bicycle [682.2636560823865, 536.5542037024724, 711.9325504528797, 599.0774303796095]
bicycle [518.5388568926123, 531.6861119107889, 613.6436671386962, 604.8752284210889]
bicycle [322.63657033389967, 581.7798522740376, 459.7864010291205, 672.0100648309274]
bicycle [690.8191730257922, 565.6669847077893, 823.0353855860883, 656.8605777352325]
bicycle [683.6472587166318, 577.3893735956899, 821.24209123234, 668.3059530562615]
bicycle [512.4601272814905, 531.7228362681705, 609.9109936083195, 607.3606542296703]
bicycle [663.9683659786797, 536.6186391374591, 695.2513129957433, 599.3741989627162]
bicycle [394.4104020132288, 554.9214288270782, 515.6062896646625, 645.2531232883714]
bicycle [300.2027200003316, 578.6187139253442, 440.8876090958115, 678.2996988245011]
bicycle [605.6939353367355, 531.9369897969799, 642.4868296144928, 600.9547656987877]
bicycle [450.3571928043394, 547.5158367331608, 558.1567563151256, 622.1460353301038]
bicycle [481.364781484682, 540.5587968045807, 582.9277243968769, 612.6226045891135]
bicycle [623.2101874641093, 528.0228972796519, 658.6823849966904, 600.533619706144]
bicycle [696.1604975431466, 559.0409949316576, 836.3486654080896, 651.3025958701405]
bicycle [685.3658332605509, 528.2644659053548, 828.8844389547362, 640.8687577130621]
bicycle [345.05325302170894, 572.2025412369492, 479.9458351945605, 666.1644578552769]
bicycle [361.4245566964016, 567.6337523249331, 493.3338022166344, 660.609663931982]
bicycle [680.3737703177682, 542.5953185541525, 813.8165616524234, 631.3602712450304]
car [266.26160240213034, 506.99845814793065, 532.8953167957336, 599.5922749804758]
bicycle [684.016644141856, 579.8018134869643, 823.0986788428579, 663.4147461425584]
bicycle [643.4498869887738, 530.7643556862117, 676.7524727851508, 599.3675576703588]
bicycle [438.9438271968615, 539.5717178147497, 550.1409237339194, 627.0881940658275]
bicycle [379.2244224199361, 556.4111090652656, 508.7464253173452, 655.1755085532121]
bicycle [721.8869040981338, 526.1132303199245, 833.5793699385723, 604.8866917761786]
