car [1139.7313171175892, 508.8404939882745, 1234.5466560259476, 542.0635838072712]
car [884.7964824051355, 507.8714568197855, 933.676426004484, 531.7976355338368]
car [0.0, 515.5886500449623, 405.73947835892477, 853.5051105178026]
car [1172.8407804142776, 509.31799450814805, 1264.2160015316058, 540.847918658526]
car [422.6164149783305, 514.7019095297369, 517.597061134767, 587.5938899753115]
car [860.2560299655657, 509.7215373518009, 891.2218694186224, 525.8485592769089]
car [554.4389642236239, 511.08039130775927, 662.7858924798999, 597.5267449008537]
car [313.5351650845474, 521.061863474404, 495.7129129973558, 632.8558225306459]
car [478.3438034775678, 517.1662222028433, 545.0075631253147, 566.9708741858694]
car [981.8736448657762, 511.96671043600116, 1043.875979457492, 541.5624099638405]
pedestrian [1258.0497803358553, 505.46546668509836, 1293.7999770835197, 551.7734040949204]
car [1372.5003126518081, 515.6469921548721, 1590.0187840058884, 577.6198409382878]
pedestrian [213.2135472537357, 500.72515647599516, 270.67003336328645, 594.9604116972745]
