car [382.1666110281789, 542.8179077194853, 462.60030043120753, 601.5262210598738]
car [818.2760412566022, 547.7906077582891, 1152.1861845339993, 733.8546620217213]
car [593.1616227587343, 534.3339773667872, 644.4066548218368, 581.2777081104589]
car [376.2338583767178, 551.1691863224124, 516.4526973973435, 642.2186839228956]
car [548.6457949526441, 542.1041465224512, 571.6156774710599, 561.1221976259949]
car [648.8254317282867, 540.530534992209, 678.0373766763637, 559.7290817912653]
car [668.4551698275482, 540.0909613197263, 712.0148006604496, 571.6349456106224]
car [552.5732136314966, 536.1990715810998, 628.5961322619935, 602.970012026914]
car [742.3667691538292, 543.1265322245443, 895.9831193747277, 638.202133357725]
car [678.8100492500259, 538.7890280469351, 726.3678036678587, 574.7676321892222]
