car [1308.3960206613958, 703.0829073406142, 1600.0, 900.0]
car [1291.175114287199, 723.2939213389321, 1533.6932976266944, 900.0]
car [905.5367138378726, 745.7117726918759, 998.4655007155866, 816.8408212176696]
car [149.1227785607644, 736.2340206519824, 469.5086008898283, 900.0]
other_vehicle [1135.6244731351676, 661.5708830733271, 1301.2109617495432, 824.0341499183871]
car [835.6518175763746, 736.3141334547951, 957.8037602482774, 830.071586969426]
car [1437.451144820147, 744.343309907324, 1600.0, 900.0]
other_vehicle [1181.5147433136342, 637.3034401767032, 1390.629989812221, 842.383515957588]
car [700.3357683364718, 737.2133949935261, 926.7706736591858, 900.0]
car [1239.960877420261, 755.258380768821, 1432.0410325350076, 894.5435153103384]
