car [1177.2615757245837, 473.90191092558354, 1402.7850564727723, 538.2769718197919]
car [938.1244644432538, 480.2272150573557, 1121.693498976789, 539.3080314347002]
bicycle [849.3207086025105, 505.89744990463015, 1010.0554122082254, 601.9377817659889]
bicycle [538.0136032871349, 499.09365479754865, 667.5471846265323, 585.4321026931385]
car [768.3670310257465, 478.821754863909, 910.8044723334801, 529.0936845360918]
pedestrian [1164.7787211884001, 480.81408389520766, 1185.246950339196, 525.0626733525233]
car [924.959002346057, 485.1911677727343, 1083.6945847106413, 533.4341838161879]
bicycle [587.3450793313341, 501.02474517574916, 723.9553701593487, 586.3517935170851]
pedestrian [1219.7740602506638, 459.34510584537725, 1283.5349783773172, 566.1996731419504]
pedestrian [1152.1923409247593, 483.2976231904657, 1175.810913028277, 526.4256917148901]
bicycle [638.9011561491146, 505.767771827667, 755.0625919038168, 580.795486731541]
car [1185.8750483492302, 467.89174706127096, 1485.3282870469752, 555.7586083047357]
