other_vehicle [506.56339253534566, 464.5916220368114, 580.4669079281387, 534.6018060310797]
car [763.351116742276, 495.8189310589267, 790.5686668343716, 514.2133866367391]
car [674.0954410700069, 495.9948127835115, 693.929375321026, 512.0904731203473]
car [687.8804816861713, 501.1184889461281, 768.3794853194925, 556.1432150839636]
other_vehicle [445.062048550227, 446.5707635398635, 561.8370929837384, 555.9483316355556]
other_vehicle [101.63123484322723, 375.6698148400757, 483.7364933752401, 693.3638513230079]
car [1212.2222641614553, 511.10841328321004, 1370.6921993320702, 560.2365719063322]
car [399.8590862868602, 505.08645461628413, 519.5157694654713, 587.223848632985]
car [0.0, 527.7033958828396, 271.389176146946, 900.0]
other_vehicle [543.5452594632452, 475.579388487315, 587.412635962387, 521.4330861973401]
car [583.8046167679348, 499.39080898638764, 665.2899287264064, 568.4144802553789]
