car [892.4851258510286, 535.127761231141, 1108.3931331354636, 619.8403994579023]
car [322.36994644370344, 531.2496253391131, 449.42737822128873, 580.1700498321395]
car [1136.8229376606193, 536.272840999694, 1600.0, 900.0]
car [1234.5810137633741, 555.1275040604913, 1558.6413071723841, 644.3907090236646]
truck [7.5184843298371185, 469.334045639425, 205.66830256595767, 571.3387536797702]
car [657.3511535066046, 524.7514510502018, 861.4824875231534, 603.4504760166177]
car [480.8695878370465, 510.79436106035945, 662.9536654287817, 589.7869695000956]
car [0.0, 509.8310102219463, 380.7571414902712, 740.2471508954237]
car [231.17626106909537, 532.8983548054455, 355.51160884793643, 573.8332800470881]
other_vehicle [84.13369012739975, 490.21582607202697, 270.32066344578897, 566.2422203238675]
