car [0.0, 549.2066435646273, 17.232845474427865, 629.7932841380971]
car [1424.9129570567013, 566.5125922538924, 1492.248979569046, 589.9784663679328]
car [1365.6499812054888, 559.1434866454525, 1445.534307467897, 591.3488005200755]
car [1150.3478785561358, 571.3984592506544, 1231.2723618108664, 599.7156944066386]
car [1222.4239228740103, 566.5879402947512, 1304.2849232634107, 596.830087346187]
car [1299.6086836473858, 565.0188718467086, 1387.5469036687657, 602.6901949107187]
other_vehicle [1292.2099061291037, 541.1403169197885, 1407.3198046282173, 591.007796770697]
car [642.2781049479574, 548.3119129990226, 789.9031325590114, 609.3908261901657]
other_vehicle [762.7303607033314, 514.4244556394259, 978.1331935353415, 606.9814585491449]
other_vehicle [971.3722401803781, 525.2197501157974, 1121.8111475041776, 602.2671769955383]
bus [57.657964160086166, 472.85303738378633, 495.6214536727164, 631.0578593060081]
car [480.78916585259594, 565.109963866208, 646.499611638431, 614.5601582903162]
