other_vehicle [97.39180943138864, 487.20873977507875, 400.16842693605855, 612.6445196400122]
other_vehicle [517.0138398424818, 491.3184356349497, 777.4828675029386, 598.9789298799631]
other_vehicle [1356.7321680274654, 514.6087811278506, 1476.661141551109, 570.6310330065261]
car [903.8784527395104, 542.0811294175985, 1024.9596316388067, 587.7339270312291]
car [1314.294106315418, 521.8051095740823, 1600.0, 770.9782342123333]
car [1245.445301266281, 547.2078962084372, 1316.313342432738, 573.3701193390792]
car [761.0664094946716, 551.8682714680419, 885.0016344641016, 591.7305488523551]
car [1110.5260497964864, 549.4956959809117, 1226.4428140341447, 587.493215857168]
car [1093.733435919142, 549.3819431809756, 1183.129701072044, 579.8414506695373]
other_vehicle [0.0, 490.53780577034325, 86.30343265745768, 623.5475721321928]
car [992.510062583649, 535.5718653992935, 1113.4366626171657, 586.2432577719677]
car [900.9920140581938, 540.1307898926306, 1047.0827989516379, 594.8790454351573]
other_vehicle [1427.3329674266479, 523.7778495627357, 1511.6968973075418, 567.7784599507264]
