car [100.63707574229001, 454.37222939616385, 261.86137503259926, 519.6118568017179]
car [549.0318237567561, 480.63032706071164, 648.2841777356641, 569.6885962802521]
car [1306.4171395431956, 505.8006271603007, 1600.0, 612.9434151524855]
car [1137.2301336841804, 502.2564324635414, 1338.4442412220653, 576.6898414378705]
car [1384.3890777763331, 505.2665544653976, 1600.0, 599.9581951545241]
car [722.5180198116562, 487.2633657315211, 776.7841642488238, 528.1497516019728]
car [0.0, 443.17773055133006, 62.90942414927366, 489.1623749307142]
car [1578.2870328368458, 690.9352554623696, 1600.0, 900.0]
car [301.69952782917886, 479.99654195746103, 464.71564075571695, 533.4388698723872]
car [266.1254132391407, 471.668359235101, 403.68749126414406, 520.090327223023]
car [0.0, 434.89676327470545, 95.97119670926794, 483.7468935947627]
car [68.7785766170177, 445.35309929724474, 208.10479929441175, 497.7037418286483]
