truck [268.1621885106168, 479.44693993082416, 444.75631252092245, 574.1146221693988]
car [468.00353391103033, 529.762815962703, 508.12305669570856, 551.964046824253]
car [219.8302899800722, 533.7320415507035, 311.8127540927753, 569.1794021692988]
car [0.0, 531.5082274524049, 87.06038039756984, 588.4021505750869]
car [424.0233069704971, 532.0466803329322, 477.38953795088236, 560.9413808785243]
pedestrian [804.4642915551825, 524.7539668727438, 816.9846215442846, 552.1609635997694]
car [172.20337513007098, 538.6328033922214, 259.02004320004283, 573.425984410416]
car [732.9755446950564, 524.0378235568286, 756.9568541481051, 550.2026093057151]
car [1040.9435373426288, 526.678399583452, 1218.3094624522241, 592.4395034235888]
car [1479.5133660703393, 510.94863936060665, 1600.0, 550.1600889820392]
car [505.257127463712, 533.8901967418649, 537.6948609208999, 552.1418743914328]
