other_vehicle [851.0583599583051, 491.2000746080309, 914.4324417293328, 531.5793898014667]
car [944.1409318160736, 515.6316579703891, 995.0280408515858, 541.1687090097499]
car [1281.5757693205042, 525.3352145154449, 1441.7096970047398, 579.744647058059]
car [1052.823648364457, 518.160093225311, 1144.3147975556526, 553.5189825284652]
car [819.0547179066318, 513.9005479288717, 1276.6363045686353, 752.2789060727121]
car [660.1953055755808, 506.9673046719502, 715.8728558997946, 548.7232491164303]
car [1147.432486141241, 520.0237584110029, 1271.4153454159375, 563.9175937313852]
car [0.0, 478.24996847436284, 136.19858093906083, 797.9411642962982]
car [38.51730051200209, 482.5471454784993, 390.7031851795521, 690.2194452093603]
car [291.0400059995024, 512.5611847923893, 457.73681801390416, 611.520641135043]
car [987.4676666289478, 499.0268799304905, 1068.5118303967251, 545.8728608096523]
other_vehicle [891.49481458672, 494.34472500474175, 954.5923376113218, 535.803556029512]
car [416.84285313929746, 463.56082026077047, 701.6190862186063, 718.1026646525565]
