car [0.0, 554.6491567453425, 105.67297026028176, 623.7527119846824]
bicycle [849.3592273546828, 557.5654658034728, 881.253466282775, 583.4270304604554]
bicycle [864.2698115075739, 554.0774236739298, 893.7716385655473, 577.9983368743955]
motorcycle [1170.229396138687, 546.0548149064256, 1206.4913535980627, 570.5258580298881]
car [1405.3218395889378, 547.3777520142961, 1600.0, 701.3715263098177]
pedestrian [851.574164085739, 545.562575181045, 872.9819339794816, 583.0308857128877]
bicycle [885.3523203101608, 554.4016612606022, 915.2160308769074, 578.8644281057752]
car [1474.6159258848625, 547.6562851937061, 1600.0, 623.6016373464087]
car [495.0913416830409, 544.4088509419308, 650.81020011048, 599.8931945944718]
car [182.31341099950487, 543.0980753765167, 375.0834371414512, 615.0417416905227]
