car [662.2209838227943, 533.0755785908328, 698.4263579281227, 562.8527219092016]
car [171.28653669065415, 540.4382647430824, 238.25217464543528, 570.1740615801021]
car [220.33496942339602, 539.4406083378257, 278.65048613882885, 566.182270477906]
car [687.8235066924203, 534.0324658601456, 746.856297374341, 580.0040265793108]
car [257.3703059125532, 534.3449470260533, 309.4257837583983, 562.4714578091122]
car [0.0, 548.8740721145363, 22.1606634182322, 587.3496090439528]
car [668.9094003163473, 533.8465228918694, 711.4983448255211, 565.925542874708]
car [509.88380609222776, 532.963345993145, 568.3547222477263, 578.9326628273815]
car [679.7086121742998, 533.5594510167394, 722.0692224507931, 570.9248159617123]
car [422.29374275404547, 533.8739457155172, 491.2251223286881, 580.4858204969112]
car [549.0292498601475, 533.970041755301, 577.1916376740945, 556.1823450714445]
