car [601.9933654041279, 548.7780330973281, 754.2410884707007, 603.3861906561941]
car [948.4324490269612, 541.7973509238111, 1062.2327955613237, 590.8188648269149]
other_vehicle [730.6879722152744, 508.7335907054046, 948.6465769166527, 599.9502118376187]
car [1380.3777726917872, 542.3793977859428, 1600.0, 728.7744709729607]
car [1053.3821584941238, 554.8223422708355, 1139.0710457440027, 587.2633043424177]
car [512.9666105673284, 539.4144784594486, 724.9755923854824, 617.2534750812947]
car [1202.917968365644, 553.3272728657776, 1280.584786088902, 583.5036250513535]
car [1526.8568423789343, 539.5326939230046, 1600.0, 589.8766139402564]
other_vehicle [333.51241340236453, 492.8118560665075, 612.9171760953839, 617.2575737215948]
car [1118.3881156684956, 537.6678727041322, 1224.356118607243, 585.4043455006858]
car [49.76802322964092, 543.1671925853813, 636.9179185907923, 762.5188109570828]
car [1270.579079143046, 542.6274111381032, 1410.4630683169971, 602.7299710342156]
car [1455.4987663490542, 547.6587374694915, 1600.0, 622.1663943519917]
