car [862.8180284621943, 762.5448712061525, 948.6658573494585, 826.4407648309754]
pedestrian [1414.6176335292091, 748.3135530999285, 1552.2345861973065, 900.0]
car [1150.9668657333193, 744.1079118898083, 1299.5019277944962, 864.2517027225254]
car [1292.5361750151972, 694.1178729118894, 1596.3435482359578, 900.0]
car [1340.7770084974643, 796.603663405292, 1600.0, 900.0]
car [0.0, 806.5926984331988, 192.92143834387184, 900.0]
car [1424.7243711487497, 760.543502298101, 1600.0, 900.0]
other_vehicle [1176.986993128451, 680.8855973233317, 1414.0718518962747, 900.0]
car [281.91391531238946, 759.6585448822174, 525.3981089532258, 900.0]
pedestrian [1218.009160339252, 729.2460847275039, 1317.8721018700144, 900.0]
car [1233.2649782191277, 718.6964405880431, 1507.3432704571949, 900.0]
other_vehicle [1101.5102108334233, 708.2391944713955, 1220.856197467437, 828.7028770028244]
