pedestrian [608.833047576258, 508.95791540384033, 631.4999882098508, 544.8916488260761]
car [1027.0854162959158, 494.56577352431646, 1083.3338871245248, 530.4455107645512]
car [744.1202645214869, 506.0614949467571, 797.6030632121856, 540.748900131619]
car [884.5441137686145, 500.5140516686749, 935.2716460002457, 541.0169053518248]
car [685.6488009866904, 510.5357168992703, 743.7303567641223, 542.6960963310098]
car [1381.5190649571275, 477.0615730394897, 1600.0, 610.1974051908861]
car [1229.4053025806768, 478.0715079138092, 1404.6940216069952, 534.9837285249721]
pedestrian [845.7873370364754, 504.00809460514284, 865.8516474233255, 550.7150672443432]
car [1000.7700238462428, 504.0527111936975, 1038.484573375221, 526.7216082093564]
car [505.06326086828403, 497.9025961652399, 626.2330874568083, 556.5310681909865]
car [170.3829560470127, 498.98205581779763, 423.10551309629943, 594.4923332956745]
car [637.8571926388454, 512.353616613731, 699.2694299384843, 544.3230582404067]
