car [706.2882035414744, 533.217915435854, 779.7437288492987, 579.1485691258596]
car [675.2054460694792, 527.0500696596331, 709.1429403027239, 552.13463686077]
car [719.6012661068006, 529.2856054090206, 810.9494566157754, 592.3948585789664]
car [593.0036952256157, 527.0785611864045, 614.62333994689, 542.4403471544546]
car [662.8978579708917, 524.341521688201, 688.6344107268459, 544.5292039037741]
car [337.3091260084462, 519.9578868383472, 454.1818994998314, 589.5733314650536]
car [559.4413953318619, 529.0983932288979, 593.4377163223777, 555.069576609083]
car [311.39966279312176, 535.3686248766401, 359.67356332001134, 562.9952898556858]
other_vehicle [226.2590752252541, 530.3789924956714, 312.05381548595915, 573.6738640947802]
car [777.6964165908067, 527.737949521246, 1005.8495136065706, 683.8491119648768]
car [687.6247139105044, 523.8679177353931, 731.820664768431, 561.6978346416082]
car [744.3589051739863, 530.4666517293947, 889.4925373893352, 618.2651699405172]
car [619.4358158921204, 525.3010975777453, 652.9207928828912, 552.8461558234869]
