car [1372.4268256291073, 535.6463899763235, 1436.675650853536, 576.7645871215407]
car [991.0569819063924, 548.602795119339, 1044.5135554052647, 575.9449136460764]
bicycle [1459.9561664426599, 551.8483817308468, 1600.0, 900.0]
car [847.8848222540415, 542.7902557411501, 932.3614001418817, 583.4776006546871]
car [920.1921777855738, 543.8074140553819, 980.5085824400604, 569.6883653276675]
car [720.7504764835224, 549.3742882348254, 811.4897249418618, 589.4227961693747]
pedestrian [890.5132400125914, 537.6469855947909, 1001.8995785647053, 714.6998415262392]
car [1336.0137003450463, 534.9209729792251, 1404.0252731753249, 583.7210836205651]
car [898.4587561867771, 551.4445220737949, 961.9833780680923, 581.853817183102]
car [786.8741026623526, 547.1271462543556, 866.983806747685, 584.7519276158683]
car [1127.09600759917, 541.6617882929158, 1179.76318002055, 566.0273683873186]
car [662.6576322737887, 546.663082018498, 782.8837063531148, 597.1741231506347]
