car [838.0345198056358, 552.5768740197949, 1002.5117813212321, 605.3420138777739]
car [1116.9378843291884, 559.4202166673991, 1600.0, 840.9592355397275]
other_vehicle [1173.293095068392, 538.9049347011367, 1313.7813524768378, 598.9660486742797]
car [566.6489171045107, 515.1649398310826, 1049.8790032895229, 747.3605645412139]
car [947.8828844005313, 550.4173421387161, 1069.4971106047653, 594.7074851501159]
other_vehicle [1406.3282585368795, 524.5906347485089, 1538.9483600438787, 591.0754453345149]
car [1327.6894659546506, 547.5218412901169, 1445.6570018742827, 594.9984360130279]
car [1339.5774299669815, 543.8835360189978, 1588.0076646607993, 643.8618918542451]
car [1520.169773469693, 523.5373040582812, 1600.0, 696.8206218726374]
car [0.0, 495.2628363563954, 285.8453793959021, 804.7270533468492]
car [0.0, 530.3757770381609, 392.0058489085107, 900.0]
bus [795.7246682758482, 518.7212987496962, 934.6757336417287, 579.5060953092566]
