car [740.5219692380678, 789.9292673466217, 844.9819698773053, 873.7434966435474]
car [869.6002220228401, 792.404031067034, 1091.4041646560604, 900.0]
car [432.3508904479994, 773.7144367469542, 599.7551565015184, 900.0]
car [540.8998445970539, 740.395524787388, 759.6228599910698, 900.0]
car [0.0, 782.7286779024294, 80.97154854166223, 887.0223641402342]
car [138.96783649701743, 777.0249547772438, 389.1840291634996, 900.0]
car [1116.7629814798643, 777.1309377874353, 1297.1570917367405, 837.3289821722701]
car [311.15551473827645, 749.8380467361767, 470.97448154834433, 869.2855969645971]
car [0.0, 775.7748806268894, 150.77163448271642, 890.1801741673908]
car [170.0143475388151, 804.8271467985721, 547.7397564055425, 900.0]
car [940.2933688408505, 773.0016593697954, 1085.8606738852145, 900.0]
