car [290.67433639979373, 505.3311413552062, 381.57952578131705, 548.2241654800442]
car [707.3433349297634, 511.4540385352664, 821.9825381028753, 552.7308881752135]
car [630.9571773169631, 508.2576436398524, 746.8346037645401, 553.1222640073839]
pedestrian [0.0, 511.0350511495138, 78.89335998090083, 614.0035984343552]
car [377.92629079131314, 517.8050427420138, 548.315481272809, 582.1810375268955]
car [581.2240297946703, 516.6529107596442, 720.1165044683754, 571.2827405582543]
car [0.0, 528.4871427597006, 141.02229117597832, 587.9806822839702]
car [570.1344525998991, 504.7911762079142, 630.568720254033, 535.4212455721419]
car [374.9733793779008, 505.6942106960129, 452.13849578934145, 543.0027383284995]
car [217.94319045516986, 519.8744416720083, 354.9718143270326, 571.7480191980021]
car [509.76367339522005, 514.621564696821, 614.8813246987194, 549.7833011229227]
car [809.9547650804767, 505.27316739097364, 910.9715388010691, 547.0845991510719]
car [894.5770474831469, 480.3635786415423, 1066.1262726068912, 564.8189496122644]
car [177.55939250674191, 524.1905502529733, 382.71908087427454, 601.1749270506025]
car [707.1881844179005, 502.1745945192576, 770.400940761979, 524.8284999448681]
car [44.231693145106064, 512.0321025769811, 242.2377294150527, 587.1740852763209]
car [381.6564509875259, 513.1297494991992, 517.9766433091803, 559.6920572396014]
car [451.2770183710371, 500.62694834939447, 522.0448711136984, 535.5882287296488]
car [753.5043816353289, 502.1821652615429, 820.6271327912767, 526.612761368374]
car [728.2239315997003, 502.1751582220979, 793.2173618708466, 525.6308826339889]
