car [182.6586969084622, 506.7430884869286, 329.3614888374824, 550.6710407411762]
car [0.0, 497.6124326568911, 158.39016490064475, 549.4370903930491]
car [109.84542494010903, 508.495044290211, 261.6473190315362, 554.4998478658484]
car [0.0, 534.3251877305303, 1146.2217091033376, 900.0]
car [0.0, 499.2320541625535, 83.8418257868358, 552.7817321574632]
car [0.0, 517.4570295004477, 133.8766451243362, 650.0419735842108]
car [0.0, 498.0220233422528, 76.3838675175458, 548.6405627883771]
car [0.0, 466.50316382948176, 45.221203858064115, 727.3326972201495]
car [27.491002954272716, 541.5046786594312, 421.2990038663523, 708.0893555162303]
car [305.5871001011393, 512.1209505766209, 425.21078966616204, 554.4275657130098]
