truck [491.8851725573667, 478.75858479759603, 637.6808061190657, 567.8196450850727]
pedestrian [104.990413538457, 516.6472768790816, 189.91551177127943, 640.7737385054651]
car [656.8031664496326, 516.9680864917403, 817.3272516597493, 607.5940052411411]
car [891.2403347666838, 493.662639211286, 1016.1721372345853, 545.1494266479395]
car [634.5332390845992, 506.18915103736583, 714.542968238697, 547.1553424824627]
animal [196.97712758721661, 615.9232933044422, 248.0241693337254, 645.322012098638]
truck [740.1378545965176, 467.0039030472239, 836.7102894056402, 539.5803603194936]
bicycle [794.3240919353594, 522.6743327658778, 850.7973711032038, 600.8066855120729]
car [796.8309162649871, 513.1757299755948, 881.1674581342471, 561.9624739407025]
car [725.2260487466705, 500.99521210167234, 854.278503798675, 579.0745147013898]
car [882.8718695912022, 500.39916116805733, 931.1914077246861, 533.9196130537499]
car [689.8973490331593, 510.6569574482246, 750.9870639737426, 541.9572865499687]
pedestrian [316.11094749471465, 514.1525464687742, 414.70264958433495, 655.1662082178276]
