truck [948.5646306241647, 442.3175257192505, 1187.1699984175216, 519.7489363905787]
car [0.0, 462.7081933801528, 50.47342858642768, 507.07959499705737]
car [958.3612737824261, 506.6933487030431, 1600.0, 900.0]
car [338.5284171704239, 482.7103901765729, 428.77227761359677, 509.3641627966827]
car [782.4835236784915, 495.2033185401876, 1168.2633855422027, 685.9550323666142]
car [1420.984675921687, 489.1904708093873, 1600.0, 536.3179395669925]
pedestrian [438.69029677828576, 491.55199207328945, 449.8036506156157, 513.1426450186327]
car [1210.0504384540777, 477.9044959918622, 1357.0526505609052, 520.2944854079234]
car [536.8784175566418, 454.00163742877345, 684.4790095004952, 593.1882754765837]
car [6.8702427215347495, 459.22638750241623, 169.07469531810162, 510.7712127334461]
pedestrian [448.0972871705208, 489.82361734897313, 457.5005727266419, 510.09108852464306]
car [717.717544942369, 464.46655005655316, 867.3623014592991, 576.0748992335606]
pedestrian [171.85082529034483, 461.5812017758319, 224.46325416418657, 560.3748824518818]
car [1166.5796146445505, 482.16326070427095, 1281.0851423438125, 519.4725133095271]
car [489.3035532252859, 493.6713847879662, 521.7034687087329, 513.0233173765096]
car [1290.3814446604458, 487.84566941662547, 1407.6177282015426, 520.7442400136392]
car [980.7858413512428, 508.7807014651462, 1261.0194845167262, 632.1729684551317]
car [944.4680268070698, 483.4550237019453, 1056.3635623306454, 546.974030939335]
car [181.28057531150444, 464.8542842691081, 313.43793778011286, 508.17848822412026]
car [88.16409037625677, 463.6531671551161, 230.60681699005457, 507.956683083009]
