car [388.45826770699034, 500.98150302172957, 584.648654044373, 576.5824801161339]
car [721.2611751887376, 503.98075770221305, 843.6666921302865, 552.1216225650701]
car [1266.1556945897712, 483.9694261537399, 1331.7548128671312, 519.0904459244115]
car [1386.169095294192, 482.73707998673416, 1452.399579426333, 516.8574471613284]
car [864.7498008666258, 495.18555226319353, 971.256277851737, 540.885478118314]
car [834.7180589187818, 506.2032612300626, 919.3573791729347, 540.8186019863599]
car [1102.1981576458454, 484.9007304736396, 1183.8370079106903, 527.5563031600125]
car [563.8795177474329, 510.8255343304927, 661.7105728262757, 546.1709025946298]
car [598.6999281163833, 509.4843167450518, 723.9893584025446, 558.6014016782525]
car [967.8623582748609, 491.6567020313176, 1062.5012856670269, 533.2695078741631]
car [606.9384714079721, 506.58439002767864, 729.2411754058945, 559.9960619911778]
car [0.0, 532.0413845323744, 108.36302791084992, 596.8401444573323]
car [80.44692428518151, 509.3330070593403, 289.2466649586707, 591.4969449906952]
car [377.5272748131879, 513.2555244817472, 532.3646515881383, 569.7144521631534]
car [113.01595248463492, 506.69105174496605, 344.800198880828, 596.1039324220252]
car [1341.7063155704031, 484.23063577633434, 1411.6027827223725, 521.2453024879192]
car [1310.7236711766582, 485.9151620992571, 1361.5691757573002, 513.2672709372677]
car [1036.6166550976723, 489.49787459731294, 1131.0200437436959, 530.8810902131079]
bus [169.82854946835533, 459.3856845626958, 590.2581796896413, 589.8043057489177]
car [1146.7621796369258, 489.5952629001102, 1206.7518911499942, 520.203719661394]
car [569.1749491410773, 509.5876424224119, 693.6459025430709, 558.541533009926]
