car [209.04127284008382, 533.5434110993797, 313.7053817134412, 577.9452431773954]
car [502.83225602646246, 527.495197551559, 671.6733657656598, 597.3283354476057]
car [0.0, 526.3330278048292, 63.29347549987412, 562.5304065722667]
car [222.29946926171363, 510.7569525978908, 404.5250606265805, 592.0935211687835]
truck [0.0, 443.86401487351316, 43.443410355652226, 591.1891245931411]
emergency_vehicle [1311.4838651016407, 521.2007686415998, 1600.0, 777.9320579707655]
other_vehicle [24.864622125220787, 499.43455620118857, 186.54917751632166, 570.238958490735]
car [0.0, 519.9349171075877, 200.9385024467052, 610.7037592557784]
truck [154.63743979322467, 383.2480708818933, 795.4803126833342, 678.8946029093892]
car [841.4753447262766, 536.5087505561985, 1104.4690580537242, 644.9241693592106]
car [148.7370109757378, 535.6721572220748, 242.57418316304393, 572.3100442830907]
