car [657.8255895028764, 524.9090916309, 698.5110757576032, 560.4822973360564]
truck [652.0356065589422, 519.0862600834158, 686.699667254733, 553.7544277857947]
car [243.13959098897158, 527.8164511394592, 390.6484589107218, 604.8304998561787]
car [712.185384655939, 536.9282277525675, 813.0075089205793, 606.0143357365392]
car [674.0867389390658, 532.8995333758537, 732.958098245308, 574.5524535990065]
other_vehicle [979.4163066748052, 243.13032819332614, 1516.5835578617152, 855.755192047013]
car [809.6776340183333, 507.0289065484298, 1301.0561266541335, 816.3376561293695]
truck [681.6995297614553, 491.0721844904043, 774.3895124698333, 589.3433627580349]
car [657.061100653364, 523.8196408336919, 692.6721298652194, 556.8970741189823]
car [662.2886938465175, 531.8142070544345, 705.1858694211634, 565.6805565614055]
car [757.7097197517387, 520.7895191716144, 879.1203401053868, 638.7965807051559]
car [418.3115886696909, 524.8621444665714, 452.74660306588567, 546.8958877936165]
car [0.0, 441.12359257005176, 116.58123466050489, 893.7165391922456]
truck [639.4439707938039, 513.7890687912536, 671.9848963487963, 548.3365294305922]
car [573.136659299829, 527.5660271193226, 606.5315190287066, 552.6750172459384]
car [407.2528785646682, 536.8231653036934, 528.1639594678737, 617.5652523150507]
