car [407.5814094451735, 814.9124767748513, 574.9780351609131, 900.0]
car [0.0, 834.7419032340829, 101.5623295107732, 900.0]
car [529.4047560097213, 791.8686747092743, 744.1121184807306, 900.0]
car [1222.1332406530873, 802.6258436673659, 1488.049142365388, 900.0]
car [1417.8571286550437, 816.4254816839009, 1600.0, 900.0]
car [760.4876322192641, 810.8282882641598, 861.1006159238457, 887.2921855196291]
car [683.9669514897931, 824.8817823879256, 832.3775109221273, 900.0]
car [806.9239168917537, 812.4493467988041, 1142.8253672709543, 900.0]
car [1179.548153073668, 795.7134519507324, 1385.5153394415279, 900.0]
car [1334.6977285797668, 751.6466451785636, 1600.0, 900.0]
car [1267.3273610683386, 816.5698641492401, 1599.281449605101, 900.0]
car [0.0, 807.7574713594047, 7.741266099961277, 900.0]
car [0.0, 778.4775534477451, 531.8252984120944, 900.0]
car [0.0, 814.9160823154025, 14.706746572982727, 900.0]
car [915.37510223054, 788.8953291372846, 1070.0442204161259, 900.0]
