car [354.9585794751451, 497.9788461168158, 482.2625412791269, 594.7385628626881]
car [798.8581425494244, 486.267166673774, 912.6224668787524, 549.8017757088076]
car [981.9597290271935, 495.54174326022854, 1044.757911158015, 523.0829656945697]
car [573.4949462222635, 480.1674668001782, 660.8176479319413, 561.2993324397352]
car [428.8681678953845, 483.60747843099284, 531.6065768955452, 567.9799827689202]
car [472.47401557131144, 496.8827647592196, 540.700844779428, 550.3480649660248]
other_vehicle [543.7722708054278, 462.0418560337178, 584.9637480891645, 514.5523501383833]
car [0.0, 510.0820263612174, 367.34308952716, 900.0]
car [230.2104154569144, 506.2951526077863, 451.3347029510498, 656.5163817326384]
other_vehicle [511.12917802648076, 456.3676643274136, 576.7701658187186, 526.8185525794952]
car [522.1098068389914, 488.91638500213827, 565.3252680411227, 530.1558871443174]
bus [646.2593994854789, 455.8037448033074, 740.0964527085199, 538.3533197208425]
car [1137.68029496789, 498.6424632553313, 1255.286578657504, 540.1124545391488]
