car [693.3032440613492, 503.91409174156405, 715.1907553342035, 519.8459363931433]
bus [879.331137147427, 486.9257642676614, 942.6329188984557, 528.7762024876083]
car [1097.5385899129708, 527.3195034871653, 1600.0, 900.0]
truck [793.7181241819302, 450.7504579965714, 949.2158123195583, 561.3929955715664]
car [571.9465390264929, 500.2310823642677, 599.4022114917183, 522.4346562518652]
other_vehicle [1504.5944872829753, 444.48010918644604, 1600.0, 593.6948639320109]
car [708.3360491028965, 495.7930770898824, 810.9245545348281, 568.9767571888538]
car [461.29095715457726, 497.36877325574363, 549.4302112967763, 563.3718620401404]
car [1288.2839392800606, 463.6848130373046, 1588.0749039983837, 541.2622967117039]
car [581.5014737647875, 498.3764308168346, 662.7453527207207, 565.127680122051]
car [666.010787128019, 503.15261984760696, 703.797022905505, 528.2889226346527]
