car [174.14336408245555, 522.462871952098, 333.6579238429859, 567.2779453984198]
car [808.0422442981253, 510.28122855661934, 835.7922781151393, 533.2607472880028]
car [873.0335292134195, 513.7632475412593, 930.1227124980524, 553.6678124773881]
car [623.2991840539071, 510.27769227029404, 656.3501922451672, 536.1869831014557]
pedestrian [1226.0159685504443, 502.52045423305356, 1351.118134354133, 686.1225155355899]
car [832.1802221105437, 514.1051398499156, 871.6988679683373, 543.434694776171]
car [0.0, 513.928686936144, 26.20948753246601, 602.7001804081675]
car [267.24939922277474, 518.1914962802257, 427.41640470843373, 568.3842040010624]
car [838.3465629017618, 508.0822465176181, 888.5439271340001, 544.7978655735623]
car [1045.3807739553508, 507.7753688629935, 1144.0529455422322, 547.3267099464783]
car [609.9837135088309, 516.7508484267671, 648.3615091256219, 543.6127264873288]
car [578.6250895916918, 514.6340636618329, 631.2125797381512, 553.7395603630841]
