car [304.9143812036829, 509.05848528018606, 383.16272321046404, 537.9283267633375]
bicycle [705.7845709322992, 507.66015998640364, 728.7651245919199, 550.3848407982131]
car [963.9044646134754, 508.80183029679426, 1033.1770254631501, 529.9925434967115]
car [881.3427225691, 510.3420971431611, 943.9698539312931, 530.4433324529612]
car [313.90333910242595, 518.4577353251229, 386.14343680020124, 542.6070740519359]
car [601.7136868341651, 507.0488520107025, 695.6482163874057, 537.8654046522843]
car [327.09985583237216, 517.8331708731641, 412.1325614372975, 545.0580151487711]
bicycle [766.7304954144731, 515.3845348366902, 798.3722229701661, 569.2732823408579]
car [582.9013743567017, 519.5374632328866, 608.1622113817253, 537.9579213885031]
car [74.88409224566148, 523.0692169830048, 167.79013140105235, 547.6387048382691]
truck [1131.9949255879606, 439.3017200673256, 1428.4712179827352, 704.1845892515225]
car [698.8313832373908, 511.43529795947063, 772.4015724423472, 536.9398766843358]
car [469.04741434011754, 516.3970766147247, 544.5203875276515, 540.0238278699442]
car [550.8006934360301, 519.4263540792367, 577.2753362048383, 538.9349804270412]
