car [346.8185701561048, 522.9922000385392, 534.2136752728869, 604.310403728758]
other_vehicle [950.0816755728033, 494.32613348703205, 1278.172590940079, 639.133086785381]
car [783.1132488784727, 547.8929345572167, 1012.544000771121, 637.072592206581]
car [1397.3429009469899, 567.6039582020115, 1600.0, 666.9493261585137]
car [663.4722638959933, 550.5282425208305, 814.9868003658371, 611.3500078104381]
other_vehicle [440.37183662566804, 495.10604763676565, 690.6448339033183, 600.633423111557]
car [99.65853137122292, 517.2133727144468, 524.9440834460036, 699.1834647221782]
car [821.724859673735, 551.224931961235, 977.636304229688, 619.4379132164518]
car [444.07426600384645, 534.6574053170633, 609.8226807748456, 600.6484568889647]
other_vehicle [144.05311982948766, 484.3413347848875, 350.61757544283876, 589.434200081233]
car [53.61833031268808, 523.6759761914811, 161.4252807205058, 565.7866863804837]
