car [699.9418958912203, 562.5223151410454, 854.6892194494791, 620.9507498162881]
car [425.9583330002357, 552.9727376876323, 491.47995595100923, 592.9338856473861]
car [462.66436044012755, 553.4090670743919, 553.3675439423517, 601.3919244575666]
car [612.1043458798553, 552.1044444571127, 765.391052379293, 625.73103016051]
car [389.26191588199833, 557.3890390152834, 448.4054846892344, 586.4780875288278]
car [529.4960749413183, 559.3693940692708, 633.1769437308639, 610.3806013377015]
car [592.0445696004095, 549.9761348877615, 710.5252263583013, 606.6881620606035]
car [360.55323915329956, 555.8362617223313, 410.2766925269849, 582.0742456919239]
car [824.2058133359436, 558.1061906506209, 995.6103354294821, 624.7242737406201]
car [0.0, 560.148888025675, 464.6278872276853, 900.0]
