car [751.341501819223, 527.2594537397964, 804.501392802231, 564.7760271688302]
other_vehicle [539.2805170718242, 505.62158000713225, 590.6199832673766, 561.2821798018392]
car [565.7657867527086, 521.6099069850632, 671.2978634237307, 605.7724297712131]
car [1109.2381084320543, 532.6012144223213, 1267.7293188596523, 594.389699366697]
car [1583.6753451529112, 549.795070342453, 1600.0, 630.0016904112349]
pedestrian [956.2996655978985, 537.5158653336956, 970.2350996530193, 557.9780081816768]
car [901.3995764871604, 528.3399775486367, 965.791489585101, 560.9912851717924]
car [706.0214616799112, 531.4524996689454, 734.5361879277651, 558.2852311057293]
car [662.2989878014113, 528.0217053296888, 696.191759409659, 555.352573884261]
car [843.7008150831351, 521.4127703821495, 931.5815253249284, 573.1277591812317]
car [883.6277185038297, 535.0529770971925, 1400.8089748850794, 775.4992896612665]
other_vehicle [569.1347631440411, 510.1515203957954, 606.089449900615, 551.7453362634949]
car [984.0386816502518, 525.5329870575808, 1089.723054838179, 573.9581573725677]
car [1341.6126152054974, 538.0311667932317, 1564.8711641848508, 610.7756083455274]
