car [700.5024213706665, 521.1445310450237, 726.3333858646863, 544.7206108315319]
car [710.6382361879583, 520.8663340536867, 791.9978447275638, 571.944349106221]
bicycle [326.15712423010115, 523.0329653081083, 344.7049853588314, 539.1735857532461]
other_vehicle [528.0133814768569, 489.0899808584551, 584.2727547246891, 556.9163632422249]
car [739.1537471933839, 519.1806543608409, 781.3072579054715, 550.0467593559274]
other_vehicle [573.7597160596983, 503.3395031119316, 608.8529538657782, 538.9254907768851]
car [303.2522425186333, 519.6088274530557, 484.780198837982, 639.9776641352134]
car [566.3818005712112, 521.1105227827244, 595.9817209384615, 544.8949614687122]
car [1052.3057995681575, 523.3135484772828, 1130.9241379876225, 559.8512343391658]
car [513.8948522607099, 509.4780806801802, 571.6396989479083, 559.8237111127197]
car [496.3025787454381, 521.110640908988, 558.4388500823594, 567.8229039369741]
car [657.6437479991741, 521.5317016152734, 681.837800899452, 542.8546889601231]
car [0.0, 529.9699638035237, 436.76687605536745, 766.4435517917077]
other_vehicle [357.2551195657128, 412.0087605872402, 556.4106081484437, 613.2261579596478]
car [978.0307673073263, 529.722919852906, 1030.7068849523866, 551.1028718412773]
car [871.5173130396267, 498.2340099111142, 1078.7143721631548, 607.7628985405483]
car [576.7315210810837, 516.3128380356002, 714.959022651129, 626.17771857396]
