car [1245.4392546737674, 576.3294618495794, 1525.914724977075, 664.0568156964853]
other_vehicle [603.07811502392, 485.4434487605604, 896.2779732977701, 617.2834409955342]
car [352.51143557320586, 536.568703436912, 479.6127999436749, 582.1081590976441]
bus [163.45269977362958, 476.4719011735832, 386.29326504815185, 575.0138365592192]
motorcycle [1568.1833672736925, 594.2373237752971, 1600.0, 667.6189856677595]
car [964.6728873378673, 565.7600432482095, 1175.0548593708536, 638.8049763776504]
car [467.16602523856335, 540.7157612429908, 616.6176302882367, 594.5572002647144]
car [0.0, 519.1511331804285, 45.474011443160975, 549.7377372507208]
car [93.20983950680873, 511.30034753578695, 193.83594531106343, 561.376686009419]
car [19.351802802577225, 510.36309252857086, 125.1207590605258, 555.7259193765166]
