car [391.38507175957386, 537.2797490525511, 481.540367352205, 597.0430221603606]
car [532.6888048511199, 479.143896967188, 740.9522675207669, 705.9848697597553]
car [0.0, 549.9209265333652, 61.494226629112624, 607.6373339134142]
car [284.4312540052871, 542.7379458861893, 388.4297719156083, 593.5357472316447]
car [483.4624820815431, 532.2058922983857, 536.3433800026689, 574.3993812861057]
car [526.1297423057923, 534.0000967478559, 583.0586589445431, 582.3104098335069]
car [135.0607200087638, 543.6234378065437, 301.285515566686, 616.7194029428564]
car [68.79346140759279, 543.4263762609598, 176.37869602613756, 595.8117435600271]
car [789.3461028306677, 544.2586408021285, 1024.0757658620826, 682.8327489895701]
car [715.9188653580584, 538.2421713312707, 789.3212381371037, 592.8300611366839]
car [860.024693115883, 517.6925638251494, 1401.9849705118665, 837.434362190856]
car [0.0, 544.1955277499936, 138.01134557180896, 655.4245262271041]
car [483.7468397722366, 540.8332942213701, 564.2827340766943, 598.2202063514972]
