car [0.0, 546.7000642215542, 91.7196149556036, 592.7140395749257]
car [694.6951904405847, 524.4295281037827, 757.7946588418398, 571.6580206892017]
car [16.660591050761173, 546.5575612668837, 121.44351552378308, 583.2212429913632]
other_vehicle [334.300776853371, 510.8022159563274, 398.45336993744513, 555.1521955646955]
car [686.4594804912123, 525.7397417560694, 734.5485521457224, 562.5228351944833]
car [85.93754685555055, 542.8091891015182, 175.20811164037738, 575.3100913008485]
car [833.735583949652, 455.6271492531774, 1600.0, 900.0]
car [660.9249372684365, 524.3458919876552, 689.3970200247587, 546.9675029315996]
car [129.55956375342592, 536.4669821924724, 440.934711357944, 719.3237679526571]
car [219.10958378492532, 533.9745940430563, 284.307713252106, 566.9548555722088]
