car [537.2393503939707, 506.9030138146899, 570.5781689826882, 533.2667438687694]
car [659.7063518944683, 502.64763440041384, 688.1759154880978, 523.4450940778693]
other_vehicle [294.4521730093116, 391.04498531119793, 542.6891435461731, 600.8789149885952]
car [899.570128841819, 498.0829317494623, 1117.243082301256, 598.108728180466]
car [738.2714561766792, 503.520417979357, 797.7713107818302, 537.3688153705025]
pedestrian [78.93057586545257, 481.31720701817875, 182.7280344620699, 622.8132572500319]
car [574.0883937244337, 485.46751110875647, 686.7668785198384, 587.1372679755677]
other_vehicle [459.58205223147866, 456.04847970441733, 558.7154676804898, 560.1701227791731]
other_vehicle [557.8104393579263, 497.3948759454101, 581.2266551403995, 520.7609426976031]
car [548.2879583626325, 504.5374774174642, 577.9940159447402, 530.0328246852378]
