car [1529.0250826872566, 571.6850820282324, 1600.0, 599.2147975156693]
car [290.9783568030856, 395.3197577284875, 1177.2751431249987, 900.0]
truck [1150.56088084748, 532.7980398837958, 1359.7826619962607, 610.1924614512084]
car [1058.6595642659283, 566.4899118312603, 1177.9311120636091, 609.7109762477966]
car [1229.1574848513515, 508.69694023471914, 1600.0, 716.9925712643388]
car [810.1701712993024, 566.063882838712, 962.9685874155749, 625.5952692125824]
car [1019.1867922699905, 564.5049120548736, 1075.5237027671906, 588.5045101677449]
car [0.0, 572.4139078287051, 65.04514483786093, 656.2429007323209]
car [856.4345288710904, 569.9246545183724, 1035.2658039131038, 629.831870117525]
car [1189.3848917744851, 529.4756328440913, 1454.4828542975138, 654.0116497089482]
