bicycle [0.0, 558.4326289529499, 66.43509274971197, 598.1646454313833]
truck [749.1895134538383, 535.8271382216026, 852.4940778936875, 575.0520527602507]
bicycle [366.8821331183802, 564.1001721726623, 411.52533770170317, 594.8462395085635]
car [1593.6019866567713, 541.1661510951384, 1600.0, 610.1763889530092]
bicycle [345.2811842093029, 559.6214628753123, 390.410450369103, 590.6086239116287]
bicycle [143.65513231061416, 560.6379392383487, 203.51966499888584, 598.32120657109]
bicycle [84.11346560786768, 557.876299795831, 112.73156908645838, 592.2003095023433]
bicycle [115.96634328285383, 557.796344862406, 170.91719759870523, 591.7434088583716]
bicycle [133.89413184260977, 559.6486718156942, 192.06437193591523, 596.0247017827473]
bicycle [20.805265227603634, 562.6693610185632, 93.92361467461768, 606.9668336489343]
bicycle [160.87691496629688, 569.2524514618826, 222.12884173081926, 597.893217161839]
bicycle [156.27158183241673, 568.6502378189854, 216.35502332955093, 596.7527728112473]
car [977.2897499266335, 546.7813715915131, 1098.329420415808, 585.5812298686855]
bicycle [526.2674594584519, 563.9284407496134, 568.086294602489, 593.7422603993745]
bicycle [14.801869865972108, 560.8477250661759, 86.80740885535333, 604.2215596405273]
bicycle [139.23553371864332, 560.1319348015351, 198.21363850767176, 597.1403441300429]
bicycle [129.53972349262722, 559.1903102949622, 186.91441607737767, 594.9618975186435]
car [1118.3430824472848, 548.2494086555321, 1214.4059279107262, 578.5300078847216]
car [1442.523225569379, 545.056905461818, 1514.1279450918073, 573.1268178459039]
bicycle [332.38269891745654, 564.5483769488833, 377.97086557116546, 596.0349987760447]
car [1053.176269818984, 545.2619331811895, 1576.8701912352308, 820.3731281842425]
bicycle [389.0360098706334, 563.6562391736079, 432.9204692039273, 593.811272857812]
