car [719.6014067147798, 499.52373776921235, 765.4242944108718, 532.4904840931571]
other_vehicle [563.4814573098078, 493.0969302616155, 593.2348335639692, 521.4660757725986]
car [1153.6361909108957, 512.2283658421403, 1282.5168847487146, 560.6430647099743]
car [938.3879853702254, 513.0320912613565, 991.0263330004725, 537.3998330969725]
car [1299.305592063831, 523.8966793231897, 1486.2596552393788, 577.9530458006426]
car [602.7696551904567, 501.97111879062675, 653.7943137504487, 544.4246842858429]
other_vehicle [0.0, 186.74054451864373, 307.5780667047038, 801.3366027484362]
car [491.0967329079488, 492.1095740313383, 570.3280560151654, 554.4773342937478]
car [763.690205889222, 501.1003164761337, 827.3373679185879, 543.6180429462609]
car [973.4917828312374, 509.91256138722366, 1040.3699767856567, 540.8326458211695]
other_vehicle [547.1846722054636, 481.00803627360153, 590.4252937261347, 531.2066704869037]
car [1059.8541453570494, 519.4725444684858, 1600.0, 900.0]
car [647.5124087636841, 491.78284089524897, 683.6508258682377, 528.2646942027861]
car [682.5016315420927, 500.4580674729986, 707.5913068780143, 520.5699126370639]
car [62.61732110065835, 517.0478853924959, 444.42387033825355, 729.2562797655108]
car [885.0279116049026, 508.89980853671136, 924.2489456150251, 530.5482047000272]
car [361.61200553204054, 519.3246940989449, 516.7694440376384, 613.7748138203644]
other_vehicle [410.5352188789035, 449.2481576487251, 564.0472261666753, 581.3772688767759]
other_vehicle [507.4628597028626, 474.1656303946419, 583.8179163013709, 545.1874874012376]
