car [616.9086233652127, 541.2006488700804, 665.8522344519349, 586.7203300298521]
car [530.9899782429769, 537.3556255192922, 583.5029879634917, 580.6193758888659]
car [763.5667249386615, 550.5986216405322, 889.1831449173222, 630.0910281032197]
car [737.3589820869231, 535.4254745764896, 832.4110719162884, 603.756167930199]
car [448.82374573388546, 531.2245769375661, 549.2474374926213, 616.3518132736683]
car [578.7500876493355, 538.5811572213798, 609.3520143408128, 562.407377495572]
car [336.465144696259, 534.0110197354536, 423.382107784245, 582.1166516163528]
car [600.584351376516, 546.92193319281, 698.6268337675849, 636.4943817675914]
car [198.90761267264398, 546.2035592620034, 328.3902236518713, 604.4471843858324]
car [0.0, 550.4899054941708, 111.80769633579611, 620.8049925572221]
car [606.0343898599277, 539.989220682786, 630.5581446005913, 558.8142368904927]
car [0.0, 541.4958576239234, 87.2623620698471, 900.0]
