car [562.2422333255261, 533.3361886548912, 654.9705356394023, 601.1132325847085]
car [446.6960717893845, 545.4395403623546, 489.22927549265717, 568.2652433491572]
car [0.0, 543.2972150274946, 433.41162021543704, 802.4164433530975]
car [472.31522337062006, 544.433581419894, 508.42171534767607, 565.7428524552245]
car [61.10660346807274, 535.1217958186533, 119.25264327465122, 587.3859613200389]
pedestrian [1246.7193164516684, 507.3416817466099, 1366.6805274377696, 648.1362919710904]
car [118.26176616616013, 550.5680633958684, 229.1260475128909, 593.9569031117079]
car [512.5738012614801, 538.0167804724741, 580.76321400346, 585.4526112070339]
car [233.06665662836957, 548.3019813558168, 327.80523928585063, 587.2880676384706]
car [682.6905406434702, 522.4377015741595, 760.526123248318, 599.1241875260364]
animal [1071.4164498997309, 593.4737130561944, 1109.9759978266975, 616.7932394664771]
car [45.37982167024161, 544.8835137481485, 146.75936530336298, 579.0765259036867]
car [794.2224747717532, 537.0305956646098, 849.3854698943882, 578.9045844118659]
car [209.88865046400963, 543.4337469482898, 285.8246141197873, 579.5792277629434]
pedestrian [1039.1477727183553, 513.7732530712987, 1100.3398062522378, 610.1162927474362]
car [794.9310884423207, 532.1917746671178, 841.4716633992492, 570.7646582952295]
car [411.18854729815064, 542.6705830760743, 468.4425578961071, 574.4058848548499]
car [3.097842285052225, 548.8839914343555, 183.51915304278572, 623.3697787075846]
car [484.91377084136144, 529.8386136869996, 537.0664053575823, 566.3941759378805]
car [0.0, 560.7715128430549, 55.105064718659484, 618.5463175268459]
car [246.89384606652928, 545.5321001428345, 346.5922116224897, 593.322540953916]
other_vehicle [81.58286806989176, 538.0197278569104, 184.0140189924035, 575.4657080854845]
car [378.04478894115965, 552.8722440623528, 433.94924658390033, 578.5937067400647]
car [0.0, 528.7188183987543, 78.96648423723157, 559.5118470018308]
car [272.19908850663376, 541.2976377711483, 382.22930736777835, 588.9099567813294]
