car [1299.4665800430337, 474.610956665219, 1495.0049281364643, 535.7734231904501]
car [1442.3325007765766, 464.48560120887964, 1600.0, 550.3124123498269]
car [1352.1380412584294, 478.3149957665851, 1600.0, 696.3603407500391]
car [994.6428863807505, 462.11763179640013, 1073.7528439826367, 489.83445045679997]
car [1327.1727584932528, 491.72828688533957, 1480.7237015671967, 545.8522002461987]
car [1132.5921741212524, 483.6376593733486, 1281.0526414063518, 548.7046832316478]
car [1145.8657534452661, 477.7863424281186, 1272.940180290685, 538.7828272280466]
car [999.9085314175804, 483.09351325764777, 1110.280831066178, 533.0431178515703]
car [1238.1056239330285, 498.4026740922183, 1378.6222536685848, 542.6372996393393]
car [1228.6162326919177, 480.348683177399, 1380.5393453162008, 533.8103056856396]
