car [149.86007194891417, 545.9714067571366, 262.5877585976492, 589.2555919894671]
car [1155.5178077055427, 523.5329272128663, 1280.4616079864875, 558.3213185265957]
car [219.48339615717484, 541.7547649379252, 320.052725217181, 591.2864551299784]
car [101.02528717511838, 545.0572020854416, 191.50203244275406, 586.2841973710597]
bicycle [736.4467885982818, 541.47105552714, 758.4630701103869, 556.7058058502928]
bicycle [737.9158192019543, 541.4525094342472, 760.0726577099643, 556.7810765713075]
car [1127.545948090356, 520.4319662954572, 1244.0396972048904, 555.332141052272]
car [156.768741132274, 541.0104855624534, 252.1250410410821, 583.5098468989179]
car [369.746111673599, 542.4033652259471, 419.20927537658036, 567.0386396681234]
car [364.7632266913802, 537.3340924430555, 537.7812730599246, 600.035760006948]
car [66.38260148709323, 549.4452713165855, 175.40174076910327, 592.8731821748305]
car [315.561492048303, 542.6150406943914, 390.38359400851147, 575.4004312641666]
other_vehicle [258.45131881167964, 522.0944873673608, 341.2867438742549, 571.9523557608902]
car [676.5515885330922, 533.234714151451, 696.4503595438856, 552.3351627434374]
pedestrian [990.9229969451592, 491.4903291170011, 1112.324680498705, 719.1703022972772]
car [295.9839373816046, 531.0422722717657, 371.4022347730745, 567.9968401688434]
car [388.88433007531927, 536.5649459779114, 427.22039162119756, 559.4021326714472]
