car [1005.0329166084902, 503.89784425893595, 1080.9034958728068, 540.4625322352839]
car [599.2757598805815, 497.47916617301723, 636.7250079728126, 531.8004107497054]
car [482.41995346445117, 506.0685763315888, 554.1517834296554, 558.816471590817]
car [766.7616938228916, 494.0429900937243, 797.3006236433853, 518.5360635586991]
car [660.4213602876953, 500.39104685976423, 688.3260838219109, 522.6155656628631]
car [834.0812387609963, 496.3685079711386, 1295.4586662595912, 752.5427416765642]
other_vehicle [528.5107490653147, 470.0588875440687, 593.3638481713904, 535.0802601454608]
car [1042.313778339233, 510.69107795213745, 1119.3894830726454, 543.573224183353]
other_vehicle [122.77166164772123, 350.3421870221681, 512.0958154830976, 667.4567228372706]
car [421.01066343924174, 492.98657730225165, 542.8755033535058, 578.8486618123139]
car [1089.4166607236066, 515.1837631706769, 1180.0770353444138, 548.5982060706593]
car [570.1694531096448, 503.5725979107255, 669.8972498590633, 578.7408318996212]
car [701.2608890686004, 500.8735121864036, 728.6524486398272, 520.8381796683126]
car [503.7934118458747, 485.0605487244662, 575.2110531001134, 545.1395456072132]
car [1306.7704386752716, 519.1169045974881, 1487.0263483981937, 572.7775642744094]
car [1151.0255210742334, 512.8112677665782, 1267.4850785027616, 555.0359895336433]
car [1171.2611749027628, 511.71943961520066, 1305.9507861214945, 555.5398003590668]
car [0.0, 480.4563143783789, 289.82757821403436, 867.7443254751724]
