car [588.6821628653773, 510.6596732664088, 688.5336064320838, 592.936183459272]
car [1152.0186832533823, 492.2965812833845, 1594.2423655921525, 835.9949234659795]
other_vehicle [1039.3112511519266, 495.9337665143479, 1151.0079118004714, 562.0643071809866]
car [598.3303496218982, 513.8418749629178, 624.8944381085904, 536.1319303076223]
car [851.3338411041404, 506.8871574111732, 989.0795105176787, 583.9224634712996]
other_vehicle [962.4670506908699, 498.82879564325617, 1058.1429510435285, 554.1686047088366]
other_vehicle [899.7061622798501, 502.162782101178, 976.518577462781, 548.2105660597367]
car [921.8584923540011, 511.33305373574046, 995.351724836456, 554.3993382754984]
car [815.7453055809632, 519.9294669847511, 868.3550250384205, 547.0111181556928]
other_vehicle [1148.461569837268, 490.60855817936897, 1338.893338814657, 577.2716348365926]
car [767.9492117247202, 516.4637544703536, 828.6988503360958, 541.0671281444057]
