car [341.54398166454644, 506.97728868906313, 453.13455347501633, 582.5383513436683]
car [510.6515794635699, 501.29098070349784, 530.9243330519577, 517.7049045911654]
car [378.0210570614173, 505.5646947570369, 460.1236285915459, 561.1887192473104]
car [869.0259183024951, 510.8571654513944, 948.212825386759, 547.2430952773248]
car [1067.7465604266506, 509.5378408625033, 1183.1148693120617, 561.8119203378197]
car [494.36777401587034, 510.5003160320355, 751.1290671682311, 743.3982579985241]
car [940.5560337264069, 504.5082833350848, 1085.842206471751, 569.6449733440048]
car [1107.657728425061, 514.3435039029332, 1258.9971147639, 572.2327097191636]
car [843.957902944001, 506.10245873066634, 1391.7793202530463, 763.1764100135096]
car [761.8400972640012, 494.10251459162083, 835.9425043710266, 539.3088021323962]
truck [691.8636489727277, 485.3429809779005, 772.5199287809609, 534.9246349581304]
car [508.2394848439789, 507.35096130814014, 627.1132443616613, 616.7040019351698]
car [1219.3874477483876, 486.8578213689243, 1600.0, 645.339457155623]
car [829.1953663044841, 495.2792157058194, 922.7361886823027, 550.4635232654133]
car [161.5144662899476, 475.75738158092173, 443.0297496341146, 672.5752549617798]
truck [937.9357991186869, 475.4475625692665, 1154.3916202019313, 564.5952949374296]
car [644.4314660207115, 502.92260106648655, 687.0156532868787, 528.1194128859584]
car [1167.213123549493, 512.7134805313916, 1382.111664075215, 593.6316468856235]
