pedestrian [0.0, 491.00304117354375, 43.56828917040106, 569.3122233131309]
car [1597.6782190964705, 526.4900621656028, 1600.0, 557.1534389780537]
car [972.2032444153955, 503.2773950121697, 1039.8013654500335, 528.4182250724917]
car [975.766583946737, 475.5681559163855, 1468.6096040669306, 702.7572074015291]
pedestrian [411.03003059553765, 492.07648707033945, 425.57992935345186, 535.1344838489744]
car [624.9492116855214, 498.5774001394948, 676.9746941462528, 540.7884440870934]
car [452.2010429868413, 482.6273768046697, 606.5838181966551, 632.9120244119524]
car [821.4531918567819, 506.8133140740967, 848.9288307684313, 523.3610270001672]
car [675.4220089874278, 504.77395313137924, 836.3898016254626, 608.2702823249806]
car [489.17765266113906, 474.4933126367187, 534.2741937031489, 526.5411348599154]
car [594.8957901855066, 499.4505816113062, 618.2482363890588, 520.2139771518958]
car [1466.218791665189, 514.2353206259647, 1600.0, 560.3680864679772]
car [871.2240881352337, 510.262249514946, 905.8140866069764, 534.1700640573277]
car [1349.7974000541906, 514.312184441645, 1504.4270992950312, 562.5532954162276]
car [0.0, 520.6617930461487, 0.16990622778476902, 561.9241722480602]
