car [1381.0268548568088, 518.9757687775581, 1600.0, 582.366299838728]
car [277.1254283321316, 507.7835380751377, 464.76762891348125, 638.158363846902]
bus [592.820182122058, 471.5310873140632, 637.3742092881146, 524.3188337054776]
car [86.37887630371607, 492.1773967729692, 179.86503749998676, 528.4841288907513]
car [1564.0153968688087, 531.0905126867606, 1600.0, 900.0]
car [557.9144596331454, 495.7847878478864, 586.0263045238574, 522.4885420159565]
car [761.5159379966279, 504.06246995171136, 830.2041133157871, 546.156377996796]
car [811.8228483524633, 508.26005679422724, 934.1519540694494, 572.8470656109677]
car [104.59957465560258, 498.3457719926097, 215.33031069263302, 537.7162825134493]
car [654.5014057727692, 499.1337463021354, 698.3918124304851, 532.8581998642037]
car [517.1338449203101, 498.9150260941282, 560.1719216490533, 513.9564579004035]
car [893.3755677879919, 506.18030250810324, 932.1346934073632, 525.0423249019308]
car [643.7975810111731, 501.6717351464397, 678.5804086042407, 526.4458369813133]
car [913.7686497495363, 506.3506638189378, 962.5560032122871, 527.5640741707322]
other_vehicle [558.0805440492929, 482.1315020136088, 595.3255649156966, 520.165165990055]
car [560.5286898688356, 503.47103876344977, 671.9848886615029, 591.6321011175888]
car [694.7623529675036, 502.13273168999933, 725.0940227964738, 524.0682560345476]
car [330.88459325225955, 490.3311668962602, 460.01977426834776, 536.649765141285]
car [0.0, 488.12693128981215, 99.0626258472393, 537.5653158027611]
car [869.3082867826374, 505.78980449659196, 904.8908340463655, 522.704571811843]
car [1369.6315560752696, 517.4871440403333, 1504.3764569601701, 556.9852979409521]
car [0.0, 485.47617644128076, 91.79674731462707, 547.9105018167563]
car [697.9900515692418, 498.0035989099167, 801.4947238967995, 579.6953099649526]
car [163.75853363072315, 494.0081047080134, 255.35986713199023, 526.3209076487472]
