car [310.5658890703151, 719.6288720139547, 663.7507781827086, 900.0]
car [603.0005435078227, 734.0746743719093, 812.2536994474794, 893.5069998455182]
car [869.6292263309113, 745.5536485052475, 1148.508858889823, 900.0]
car [786.9736254978844, 738.7416070352571, 929.509988002378, 856.9322862720002]
bicycle [1404.4008788409365, 750.1774101866961, 1505.8924753243036, 833.5733925971615]
car [1203.5441245918676, 740.9275856259948, 1375.484983762389, 877.9848336068576]
car [261.7769863794201, 734.9381421489096, 442.8758586076819, 851.1654782467756]
car [0.0, 662.1833304117515, 383.36248678169676, 900.0]
car [807.08707452325, 772.7139278645699, 1255.3301551787038, 900.0]
car [1227.8786726207488, 770.6607907654949, 1410.1128723027362, 900.0]
car [784.3302832354698, 737.5441287162084, 889.0106045177471, 824.0606287875434]
