car [688.0789555577754, 527.806440579592, 743.5520714249241, 577.6751491730192]
car [676.4394958990331, 532.2663549134852, 714.5249575688165, 566.2190139503942]
car [800.7210879175404, 526.5906003801113, 998.4679570701147, 672.4666886185939]
car [908.6504476076248, 460.5233816538482, 1600.0, 900.0]
car [694.9772568834098, 541.7876319607974, 755.603629416113, 583.7513350076867]
car [536.8290215768453, 535.9780131204109, 562.4887773338862, 557.2722504667279]
car [0.0, 540.2059249381516, 186.71231478987193, 900.0]
car [668.2619843855929, 528.1962292196638, 696.796985654601, 559.0928665250348]
car [709.9674682168968, 498.16304404095126, 818.3212597046562, 607.4490338339785]
car [680.3811713440139, 533.8029767843053, 720.8466200484304, 569.8465687513276]
car [740.3345690338248, 533.5828776907482, 883.9055768256222, 635.0497918671233]
car [586.9559124159397, 537.1494428530864, 612.7786906794718, 557.8721785031322]
car [295.8206631074757, 542.1923339919689, 432.15511272798557, 615.4496847241481]
other_vehicle [656.5774662131724, 521.8562752665134, 689.5998001798871, 556.4625977970481]
