car [221.66058515955777, 522.5152531975679, 448.24087195354855, 669.8972396067043]
car [691.432206643901, 508.1299079670989, 720.3787347529556, 531.0710854752745]
car [488.55499633088823, 514.0893417487113, 561.3264383383263, 567.4466346479229]
car [432.11288794739653, 516.0739002198109, 533.1998651141963, 587.109381092035]
car [509.1237665632916, 504.7430374128337, 567.9529374296287, 556.5989329693598]
car [0.0, 446.19761800510037, 359.87057555648033, 900.0]
car [744.0477983345356, 504.98724632478707, 810.437756970824, 548.2755688831569]
car [351.8485811267129, 522.4909319412742, 502.387935658109, 621.5846477449824]
car [656.7666355446823, 495.04685605155834, 704.6814460124953, 540.9380736456333]
other_vehicle [536.0532238258057, 479.90825198572617, 589.1205492221363, 543.0837483936492]
car [596.9072883148947, 511.29644588613155, 650.4839945689333, 555.9184437840494]
car [823.3200137735492, 514.1480104315573, 855.4386879274679, 533.4930924072419]
car [933.4524495343543, 515.3944199598195, 987.8513960335006, 541.0363538229626]
car [837.7518989692522, 510.74348850829904, 958.9119166061059, 579.7892558915195]
