car [0.0, 529.0816613953843, 38.788576107535974, 549.5704763758853]
car [1037.3051002703978, 500.9409489428501, 1172.2161248952364, 571.6635284259588]
car [968.5470888774323, 535.7888462546746, 1077.0357265173002, 573.9847178811074]
car [1233.239840595447, 530.2669568062342, 1412.7342765742817, 597.9360903175913]
car [131.55552797213622, 534.5697087045452, 194.99833378387493, 562.9160235624862]
car [1401.4691122324955, 536.4637670936132, 1472.933745377457, 561.5381990591438]
car [67.95481660634216, 533.1041040460518, 175.15525475167706, 585.3968995484942]
car [194.87439172576177, 534.170515429537, 283.94863930540254, 572.193055877513]
car [1130.3555620276436, 527.5950512325121, 1244.1724381387187, 569.4655456151487]
car [0.0, 512.7890399335681, 443.8616284774418, 831.1268226753523]
