car [831.22214394582, 490.0636695391792, 953.682747023527, 549.7391600075763]
car [637.9715796723666, 493.45830985621285, 679.6516178596979, 516.2389093527696]
car [760.5528779823837, 497.4788631539811, 814.552366499071, 520.6106226524831]
bus [757.3725308443888, 482.5573015963875, 821.0047243058369, 520.6264123511547]
car [681.9542925963868, 493.174539091183, 725.8226307600811, 517.157403355826]
car [517.889147391283, 492.94837084542394, 551.6057542746828, 516.71705282692]
car [705.2439137375255, 497.01103684231947, 745.9827544523173, 516.3165233926832]
car [467.7269589466212, 497.12075187050954, 498.08190360432593, 521.1870104510101]
car [1048.5177787022278, 494.93412171344374, 1180.0744772633623, 546.3469971515772]
car [1153.053820676989, 509.5639426460412, 1281.8418381042911, 554.8880984372657]
car [657.1097611990897, 496.37876253808645, 717.9803828694322, 533.3346735747648]
car [972.3871252329915, 498.938190303299, 1114.01522435179, 556.0373088941595]
motorcycle [1513.7558434089406, 502.37809036889473, 1600.0, 609.8622404241419]
car [557.8245688224061, 497.798582621416, 609.074290523571, 530.6238422190983]
car [522.4895139502031, 498.93814310030467, 633.7721226127087, 595.0316889664452]
car [796.4851077480162, 491.4575765490867, 858.4519374863704, 526.1288712426765]
car [885.0310970050992, 493.00306101388696, 953.6152198064391, 529.8373095794709]
