car [1401.6097891410918, 520.0466300613306, 1600.0, 686.2130237021266]
car [818.6595745728149, 513.7068097643779, 846.5325338910123, 537.1263765917697]
car [1102.387916936378, 513.8297031674725, 1172.2006641344856, 561.0340133836379]
car [523.2596038693637, 503.33834870368975, 627.015389389434, 543.5273067702344]
car [671.1082226405471, 501.92867198974466, 779.874860595219, 547.4006775990033]
car [993.9612475653684, 511.9579019683974, 1027.5305760652818, 541.1218379899849]
car [1055.5319823746281, 514.2506415875606, 1097.1053541297101, 547.3402101201755]
car [804.2113632016132, 511.576474545113, 836.2507044220714, 537.871989905182]
car [161.8117472048731, 484.30552439410434, 306.98675093726087, 533.2666862503778]
other_vehicle [1475.0614077740195, 504.17255782962644, 1600.0, 588.0431799622502]
car [348.4576905088535, 496.2404340557157, 464.3853046063005, 538.7956499760902]
car [889.334428653761, 514.7920906477563, 986.8095919334415, 599.4305816601324]
car [792.0032401030849, 516.3719997610635, 825.9118172005171, 540.802793469201]
