car [81.31235653722082, 525.3384907749796, 130.0014520523602, 545.6920997598318]
car [14.112238968823776, 523.0729773983642, 89.9253886196047, 565.4597664058228]
car [739.6034763915584, 535.29279548038, 873.1968995471987, 579.5655105702971]
car [890.6153223373337, 532.0027986941475, 1006.6986396007878, 574.8714960066328]
car [326.3196698867057, 523.8179978910849, 427.093693326609, 571.4428158781125]
car [774.4997797195017, 520.558947463213, 1456.980807594422, 900.0]
car [1301.3116050230565, 533.7622820547334, 1385.3845825300484, 568.9498133939722]
car [1268.1105118621829, 531.8129351255176, 1350.237845498027, 568.5291633186254]
car [99.46589544653301, 522.3814488564288, 323.5709735562446, 594.3336455135061]
car [621.3552373878355, 532.8221014162715, 762.8430356236028, 582.0965509463495]
