car [500.759001275607, 556.012629376347, 632.7023298605402, 624.0386587934582]
car [888.1244050178872, 544.623852062721, 1033.4040754249863, 676.327476104922]
car [501.15442155375314, 559.1000435099108, 773.3083669696331, 739.843421305261]
car [830.3845309243914, 566.0841143268182, 890.4769878633376, 611.917490404687]
car [655.1861929777747, 558.6881877493134, 732.6316657456007, 600.4389101218762]
car [1022.9649182383752, 565.7075569332329, 1097.144611454475, 626.4469839022322]
other_vehicle [998.9943652924486, 509.59557342405213, 1096.1944133114098, 610.9954977928685]
car [772.184327549934, 559.3712042700478, 822.896188509667, 597.7154617322485]
car [786.0188413496653, 558.9230794654188, 868.706660668754, 627.1137527913962]
car [1049.3574953601583, 566.9862830388956, 1148.5698057107738, 644.1750118540347]
car [150.56394288379823, 571.5140232485873, 513.5373181494966, 737.8069615205984]
car [877.9187541907659, 565.4984360876344, 912.7267557943956, 597.6018523194291]
car [603.4562434850428, 557.3774784259447, 690.6271393179978, 609.2532406214997]
car [460.8458759867561, 568.0050422403182, 564.3364588584203, 621.4518523805684]
car [826.4750368681646, 560.8572497330431, 1105.553314645372, 814.1179287235669]
car [709.4483606907305, 563.588937461638, 790.2904592113732, 614.5772791836815]
car [911.8255618424639, 563.8648135061097, 976.0580822246854, 625.8807110962682]
truck [981.0625242109697, 537.0030028063509, 1032.5995492703034, 590.6767364035768]
car [1268.883502784952, 429.5395882360964, 1600.0, 900.0]
car [858.9582209436163, 559.943095512056, 901.6205056353189, 600.2280934092236]
car [701.8123938603112, 567.734652598685, 830.4359487929673, 656.8151504652484]
bus [813.1425630191185, 541.3962336991572, 871.8499762801847, 600.2509077346272]
other_vehicle [1061.0836236803493, 361.1932612950109, 1486.2390910221582, 756.0072325984103]
car [0.0, 291.503316005275, 501.14018580294044, 900.0]
car [916.4533459657769, 566.9733500093436, 967.295713353049, 612.2058362043593]
car [301.99752575588934, 541.8477789515288, 531.5277994084573, 659.3867826618609]
car [0.0, 558.1095583684076, 350.65704823848307, 694.2650944951276]
