car [808.367730447328, 538.6053096321986, 964.3969161522514, 594.5984152016186]
car [793.6737846799078, 536.9844930387658, 920.9764758176162, 585.7352211561753]
car [1105.2832926060737, 544.2908174075876, 1191.392035291766, 567.9238639436361]
car [1022.2181787241232, 544.6846719661172, 1116.5860306367083, 580.0244801506707]
car [1251.9683586639064, 542.7644536647764, 1330.2083839723705, 573.6362892195597]
car [658.405493646813, 543.6703030114729, 791.907477668029, 591.9031598713717]
car [1346.060987319374, 553.077738817261, 1571.7757823137088, 650.0895577974819]
car [787.6819709050386, 539.1292081161182, 915.5312395945222, 590.7460173509843]
car [925.3631610831835, 544.5714700490443, 1035.7345296123235, 585.1984325464257]
car [0.0, 525.7656366057057, 351.1422051460628, 816.789397853661]
