car [785.8964372585326, 509.24435344323126, 1002.2904279444331, 633.2648891966378]
car [1388.9747715112057, 517.1324984029787, 1600.0, 604.4870024735458]
car [1225.3790883859247, 512.8883339132956, 1398.853526145484, 577.8911815674741]
car [1555.8215394337874, 538.370433331421, 1600.0, 601.6007812827204]
car [991.1106345649358, 501.26215540449715, 1069.3240049591961, 547.347734125884]
car [1145.6296360799565, 526.0400583683345, 1257.2198562595981, 565.1947924916634]
car [1358.7292965506786, 521.3293000734277, 1575.4109144843296, 594.0529158549165]
car [894.9827683769475, 509.23419469798404, 958.322527649212, 538.6880721952539]
car [778.2236264994746, 508.37437467932796, 808.4375330187381, 527.2607591009778]
other_vehicle [1039.9720784422368, 487.00918583987175, 1182.8836771631509, 557.5824423662987]
car [586.7120006468482, 506.94494655681393, 681.5526872569517, 592.4841504136626]
truck [937.6256310199235, 484.242539073679, 1028.352947302704, 544.1867998667085]
car [874.7196260378371, 511.3973559140092, 914.5427567969997, 532.658525720302]
car [413.07846900605233, 491.9988001917205, 546.9001722504555, 592.4147541145638]
