bus [1217.7866859199603, 520.0306627440867, 1365.9367270747362, 587.2986060336536]
car [256.3673691995686, 553.7583716381461, 477.8837309842973, 627.1151001579567]
car [799.98401920921, 556.3272613685356, 903.9842795269373, 599.7023250016355]
car [1307.6851559154054, 548.1054613307278, 1447.2923889850756, 603.1665705328935]
other_vehicle [1340.7508020854145, 532.2084911315754, 1441.2255736430118, 583.4715207720726]
car [1572.223577661126, 547.7416708365408, 1600.0, 587.1648176789696]
other_vehicle [1052.428125454226, 500.3900837713284, 1287.5148185037722, 616.3572680910289]
car [0.0, 453.5686261239375, 375.37270696524337, 900.0]
car [1008.0971475529193, 551.7891039539373, 1106.0175773233648, 590.028942537224]
car [1199.084595322665, 552.6142012509595, 1315.1635741140212, 596.3808537561507]
car [484.1471298928857, 553.83474545, 652.7169214982713, 607.7312342858272]
car [1510.5078164995975, 539.9307313379616, 1600.0, 590.0966279483063]
car [1404.236868288213, 538.8705596759248, 1536.2682823156597, 596.5591899349132]
car [898.7606353307406, 555.8307240847216, 1003.6294553254124, 594.4285373508307]
car [669.1686222632432, 558.290026103661, 800.6149060298486, 604.513394984846]
car [1290.5919521439355, 551.009073640787, 1372.9893576497675, 584.2813577953732]
