car [1042.0590409414203, 498.14892328759714, 1229.7768705185442, 559.9670105877676]
car [1374.6722467953994, 490.94953769810155, 1592.8881318808021, 615.7064059761015]
car [1577.5306419971237, 513.7218725714283, 1600.0, 694.1961550289205]
car [1210.3500718485138, 466.11241798186296, 1577.000153000543, 670.9478548116515]
car [877.9720586935517, 498.44569141448494, 1401.813256450211, 770.7063211386022]
car [1191.280073383298, 503.48352599294685, 1342.4717190136307, 542.6258531014435]
car [1520.898610022331, 491.56528855048475, 1600.0, 516.6758215134691]
car [51.4500629295115, 514.6093391011392, 291.6616931229917, 612.9321599422112]
car [849.7417499469219, 509.0254953327687, 1062.2135844263503, 575.644012552161]
bicycle [255.81680960900243, 513.8539636572057, 358.39339973868863, 605.5639125811776]
car [1598.199716112474, 503.8133265310067, 1600.0, 555.2002147878593]
car [0.0, 529.9644044342172, 5.408116179222651, 581.4107207255696]
car [1245.312622765038, 490.3185750565162, 1411.5577975588467, 536.8310004752441]
car [1548.8365009967179, 506.08118471482805, 1600.0, 574.9372484716191]
car [135.76541081373804, 528.9752017938658, 336.01258351025007, 616.0135757810381]
car [0.0, 533.2087714958053, 116.46644475984077, 599.2278193484907]
car [1121.9419512893169, 503.1088760599655, 1280.994762243203, 553.4007682905477]
