car [531.1307936162829, 546.9035557556085, 589.1235118569241, 589.85454710978]
car [743.8923789288234, 548.7120252143769, 778.7601321725165, 580.4437867050493]
car [45.11945558683282, 560.1035471120539, 136.13608967769596, 592.8543390697306]
car [418.19362569032876, 516.7610683607135, 592.2200115355142, 659.5065159025322]
car [0.0, 567.6818444949879, 25.33362916592578, 622.211092980352]
car [154.66735404090494, 562.5411407557982, 246.26571045798994, 597.5416835794235]
car [228.7090426596014, 555.3366512410537, 289.27533568398786, 580.74602695624]
car [81.43586803222301, 553.0213438573013, 207.80446947471032, 604.2050355963912]
car [0.0, 560.8070836318713, 72.78788160814196, 593.9693689138909]
car [315.71862344711514, 557.7101952823726, 457.5426833636945, 627.4934966760297]
car [564.7501137679316, 539.1825420627277, 639.0102441949243, 600.3088210257935]
car [769.5243387667986, 552.0496830815091, 848.2047136814496, 617.0977087949559]
car [764.6687972205041, 554.6630654673666, 822.4678058193725, 600.5789734429694]
car [287.40806396280135, 548.9690137342144, 376.57170785443805, 595.2130042291288]
car [452.0055095185484, 538.1429407979577, 508.29104745188306, 580.3439202949008]
car [268.2243555593402, 556.4653127313719, 330.97969328833, 588.7731273934207]
