car [138.15035648145792, 545.4154207779424, 366.6575063448455, 654.9489932216771]
other_vehicle [674.9616283942775, 501.36977146265895, 760.1313978933426, 580.9516425888606]
car [55.605654277484184, 551.1981033638677, 156.16688720072716, 586.0989748003242]
car [574.0897306767752, 537.2457073808207, 604.1259528164178, 560.5289016874026]
car [881.851858063165, 542.9924297665324, 1549.6872962155358, 900.0]
bus [706.7972589281347, 441.2708660124743, 922.5934954641916, 641.5121200830625]
car [1404.2514798251445, 420.8552330726862, 1600.0, 900.0]
car [523.3798314038777, 537.2558438420722, 553.381371452629, 561.4900856172535]
car [0.0, 548.4888801796476, 64.06907135492101, 595.6067970479652]
car [787.7097025106831, 551.0319986071551, 1053.27315306345, 699.692105885487]
other_vehicle [691.771146863865, 489.75546919487255, 791.0174652157149, 590.7905430825075]
car [666.772461255353, 522.797492893398, 699.7275416952102, 560.902960262853]
car [122.15557749462008, 546.1078388201483, 194.17415988589926, 572.5453983853679]
