car [492.06522594280665, 521.6656253713106, 523.00505822462, 549.236214698466]
car [506.8335926779489, 530.7797325509113, 555.9242550041088, 568.1898395919998]
truck [452.2992956576486, 513.3762379701205, 499.4478575474646, 557.2936979996333]
car [1024.5251247794433, 496.92886394042023, 1362.2459110719144, 601.4975560667997]
pedestrian [744.448136320449, 519.0449972465237, 789.1245567287474, 587.5444490072776]
pedestrian [681.230271715338, 511.02844016993083, 703.9269601630183, 557.3623485324442]
car [271.2608368799613, 520.8703433449554, 351.60702845376056, 574.0226804510406]
car [184.27709676789382, 526.9538067186553, 297.10876548840685, 584.7556993983143]
car [0.0, 563.039175101405, 23.855638327057218, 597.2257601638739]
car [842.3572014161219, 511.7550746434359, 1114.2174431814792, 603.0342018811449]
pedestrian [656.7093155745799, 516.9288852624655, 690.2069293829595, 585.8100801924975]
pedestrian [802.8781904849444, 514.7762560067553, 843.6345871701983, 587.8177859576358]
car [1209.8974964434256, 491.0533518616574, 1503.4009843440483, 575.1263599141935]
car [435.08014447383647, 530.375655149711, 487.95640476607423, 567.3514954703916]
car [204.96255257776536, 520.0244124791076, 384.7585131158576, 635.3805205402122]
car [82.84503279277371, 546.5387951652689, 204.79747260573066, 598.7979424991195]
car [573.0158027424001, 525.799492450433, 604.7010378448755, 552.0884091535489]
