car [1340.5823015213869, 511.6347884507613, 1537.8560365505953, 572.9179724167117]
car [450.00439691253075, 511.51785045970144, 536.972704456612, 570.6018104825843]
pedestrian [159.80928868039635, 488.7205961650811, 232.4050269434351, 587.5221860326973]
car [713.7923250288527, 504.9054611962932, 754.9662223832293, 530.8500957501573]
car [511.1499064056629, 502.7729181070447, 569.8753655555535, 544.9657164151578]
car [381.7579298052329, 509.8069605793985, 498.5665300079735, 599.8013672228167]
car [1376.3438514883844, 509.0506464628357, 1600.0, 577.8330585895509]
car [1578.8631148290929, 522.0460620075352, 1600.0, 582.4520773495125]
car [490.3972328920331, 503.04002812415365, 551.873433860924, 553.2905877554804]
car [925.6766019219576, 505.7203588980408, 977.6004887683264, 532.5049615866137]
pedestrian [220.88492324900568, 519.8721857427652, 256.1768854380928, 581.3165600996073]
pedestrian [148.60606055816916, 514.4158410973592, 208.76356810986704, 595.7056121785473]
car [591.1526773031279, 500.47916303385796, 662.8004830210556, 560.7596036900803]
car [977.7586359234738, 478.7430923425251, 1369.2080717270699, 655.697946657154]
car [685.1986580148313, 504.85389263747055, 712.3121192763849, 522.852614981835]
