car [687.8383346795405, 521.8145795943565, 713.4899169568494, 538.8790274407329]
car [0.0, 497.9588542160117, 43.89161795097962, 556.3707231223066]
car [143.35448861844677, 506.4911166750199, 242.41270416183443, 542.8081903407405]
car [728.2917174045836, 495.36035912265817, 1180.9135450646522, 663.4980830367138]
car [0.0, 495.38706118790014, 83.31874638128329, 536.1403386770439]
car [60.051312813588915, 500.868173476599, 143.68383040291204, 538.0557283654589]
car [187.80154605444807, 501.36687711508677, 335.39158696784756, 556.7969338892884]
car [740.4621429702887, 513.5438145164358, 798.026633724231, 560.4872039211468]
car [114.6002676407535, 501.6330021971094, 557.0756673219968, 682.586644963252]
car [780.6062383945264, 524.3857744087155, 814.7804265420442, 548.408493491457]
car [628.2927576419726, 521.1395265251997, 665.3519291028342, 542.6120955452137]
car [646.9826713560939, 519.7651135755192, 680.1728403019187, 539.0818543246003]
