car [1078.9885552432788, 497.8335704865283, 1177.6737291289485, 537.2757872610528]
car [856.7511838062795, 512.3933654720792, 917.1461069169907, 545.6835156055762]
car [106.24784528112117, 496.38906452999754, 274.4101254579653, 590.5929524140643]
car [517.562694777756, 520.4550368567676, 540.5577292092565, 540.4802847213477]
car [688.2946303918499, 520.1597219287945, 788.3167584409762, 572.116505196652]
car [1089.6236163507292, 500.01724503682965, 1243.3908356109553, 559.2147000122051]
car [745.1845114715405, 512.7427969396086, 777.5399158297464, 539.9170771384806]
car [756.6580472531355, 495.6027064500531, 822.7893622681329, 551.1529643016218]
car [593.8549918819599, 521.7570367952763, 615.6103307356797, 540.6087653019259]
car [1497.8949616608634, 481.05275965251127, 1600.0, 537.8827746104221]
pedestrian [830.6442028195852, 508.06276476652585, 846.859935520138, 548.7255532395158]
car [1457.897850207467, 485.0910844472723, 1600.0, 544.0660419570701]
car [358.8814207001371, 530.2332042021715, 448.62896092165846, 583.2591686130268]
car [599.7182414970221, 525.1728295567818, 638.6900297684251, 552.7113749128998]
car [1392.3685869962771, 488.2322641296929, 1583.0077026370243, 548.4555878947432]
car [1031.3843171560993, 505.69744357793877, 1160.7014214714973, 563.7796172178682]
car [35.02925407687327, 538.5807621105292, 130.8507624159074, 572.9119862427461]
car [938.041501426548, 501.5216558026105, 1029.562583142586, 542.2711646856485]
car [668.8499752956562, 523.1228543443794, 705.1550621619813, 551.0754310939501]
pedestrian [815.4984573412632, 504.9839124113771, 830.8801870313877, 545.1451260774886]
car [250.5574332335737, 522.187711842685, 336.76854660313137, 568.2275960180881]
car [1339.9117321011029, 491.0920803228538, 1513.8970515614726, 547.5669516601538]
car [296.6511929708758, 525.7851624692505, 371.05296229692163, 564.4247057739541]
car [1537.8795849371456, 500.7630204838365, 1600.0, 569.1613121823812]
car [834.1315086080737, 506.4393413021878, 887.0103302463269, 538.5393768081279]
car [672.8761145289772, 516.9164298919945, 722.0169474398982, 557.6190697997575]
car [1165.0467328295717, 504.97869299780524, 1325.0263980746506, 552.3967811542543]
car [0.0, 535.0547812553052, 108.15971848419416, 691.4838478054955]
