car [338.88591956390906, 487.02788973223363, 393.8682131649126, 517.0989624758624]
car [1071.1040246132418, 509.8582966399448, 1188.9947180097545, 592.9009673432763]
car [877.2579327536646, 511.4279707358158, 943.9186742433309, 565.1523783270983]
car [1261.6937451403655, 504.1239310024287, 1476.1178142197386, 625.3902314869289]
car [1123.6050980650652, 511.76474241769523, 1191.8119232236288, 555.8892892404552]
car [877.8886300154915, 507.2380072193906, 914.8631292896494, 539.0667143760784]
car [1188.8108696296563, 509.10783815709016, 1245.6005821683846, 548.9087467588269]
car [889.5778900851775, 503.8361614212792, 925.7859105396179, 535.7006794163319]
car [1046.4888895452457, 513.343564372267, 1119.3048712330612, 567.0153601298941]
car [943.5967126037458, 510.82755628209713, 972.4127548089234, 537.8768717183925]
car [940.0190684776535, 502.81107874056374, 968.4278216124471, 523.1829675121296]
car [1041.4902892165144, 513.5904820310432, 1076.692707889602, 538.2648693006037]
car [1408.238495210502, 516.7297854033629, 1532.022210477931, 588.4915523903439]
car [847.3024799961864, 512.2731198170749, 1002.7539453646508, 649.266102241843]
