car [1417.0847865463784, 550.5521827481032, 1525.4922406013018, 595.2238879690871]
car [1499.7268336715128, 552.1048910298236, 1593.2647461404733, 591.0403528486428]
car [0.0, 553.6995911884395, 87.09270679617353, 700.1064469862953]
car [1543.900776286417, 556.9158758527541, 1600.0, 634.801258301164]
car [890.5644473923036, 564.945115584936, 995.7975955288506, 606.439121398447]
car [102.01610185415815, 539.6804876468904, 348.3461358986521, 649.9502716678604]
car [27.536060091335187, 557.8786348283843, 82.1966539635961, 588.8711976091141]
car [1292.6151818395551, 531.6688297348064, 1456.1736338314379, 607.3001517106601]
car [266.969183132383, 544.042078077333, 630.3942189995244, 682.0024983468242]
car [298.32129714261146, 528.1554470081146, 551.5690889438831, 647.7422394022127]
car [789.6948271262944, 350.6456067196314, 1593.558164174935, 900.0]
car [723.7437230852139, 533.0213655432887, 977.5920856924716, 647.4504372823018]
