other_vehicle [1030.1402800088192, 494.97564557970924, 1162.1762540439436, 560.7038039764395]
car [663.9983526952593, 505.3079590284835, 712.67673069735, 545.2892776538332]
car [511.40809031032984, 503.3155758519361, 560.8485520878683, 545.8507006325107]
car [857.3877561059479, 511.1321835323205, 989.2469607892568, 580.3564948766169]
car [0.0, 526.6376514114562, 411.7643030724033, 754.0409245479426]
truck [694.206643067457, 372.7172256981478, 961.1066958268299, 617.495202958421]
other_vehicle [1148.2998935395387, 483.07405122882693, 1388.2818726678202, 585.6863534447631]
car [644.359259229504, 510.1311145426398, 669.1646891145656, 528.74359864702]
car [580.9393160460215, 507.15816165873485, 656.1201184623768, 572.3244334421297]
car [0.0, 536.6602332125319, 128.92784578630355, 840.6054270129064]
