car [0.0, 507.72171735398183, 569.8319109797975, 900.0]
bus [1114.2076151209374, 645.5600614366531, 1328.231351125488, 862.3434916478925]
motorcycle [1531.8806823233735, 794.6928090603371, 1600.0, 900.0]
car [1594.1784680712465, 789.8785585336759, 1600.0, 900.0]
car [434.64828906869735, 756.0529372213645, 555.9647550471252, 835.017313785928]
car [519.8523471931549, 744.5317280446087, 669.181080315437, 859.9521693488516]
other_vehicle [1175.895081952835, 596.2866378131897, 1523.4666419534706, 900.0]
car [638.7251404241125, 755.3178620191857, 740.5453968304356, 837.2435573497854]
pedestrian [1098.4152151044257, 749.5223660972318, 1168.282887636441, 867.0365408443982]
car [1273.9866238337638, 775.3891771714588, 1535.8249609636457, 900.0]
