car [0.0, 754.4457300899116, 561.776380720827, 900.0]
car [970.7144966821021, 730.5329030842751, 1059.780563385807, 808.9064203600426]
car [197.44486868789875, 720.5367826352227, 463.0016066660092, 893.5837367910148]
pedestrian [1282.4799745793698, 729.1076397875278, 1322.6914659635572, 800.7194258747878]
car [1130.8484018730385, 735.0373263710319, 1240.7823619934045, 826.8560477284334]
car [785.7721563089619, 715.6287569546184, 899.2387121092781, 825.9690296307928]
car [665.0640506791667, 709.3563038252734, 848.0199128312094, 875.3174006187897]
car [466.70705047265295, 747.0530476051273, 628.1451725492184, 839.2414629899339]
truck [0.0, 623.6669336857077, 106.23849304621164, 795.8478172451826]
car [616.0865496216039, 715.4568131522888, 721.206344815572, 796.9681879768594]
car [871.4858497352616, 725.7640778758063, 943.505191775021, 794.781877631127]
