bus [1238.439818217064, 261.8444708489451, 1600.0, 900.0]
car [1222.5792210306547, 690.8851394261416, 1600.0, 900.0]
car [1182.63729399967, 751.5311562576536, 1498.7438776089027, 900.0]
car [0.0, 727.3471553495259, 182.46058559582994, 900.0]
car [830.7676089222593, 727.5584876524459, 992.7203609101538, 893.74481536627]
car [0.0, 714.8263946077896, 378.7186104252272, 900.0]
car [1123.6248876902764, 756.2702535990788, 1345.586542161582, 900.0]
other_vehicle [986.3314299121565, 683.0142256109948, 1137.703512221816, 834.7279441867279]
other_vehicle [1026.15910074776, 606.6648803992002, 1335.5220513441482, 897.283313821324]
car [388.9529025064812, 749.130720622343, 664.9862144346115, 900.0]
car [203.22338578204543, 752.2470487345037, 413.08802081078056, 900.0]
car [636.6108430860376, 741.3898382753283, 773.4769421498962, 861.2756078237536]
car [309.76971673284464, 760.6794578936681, 495.1187482495967, 886.7847136209588]
car [0.0, 732.5419956426989, 226.0292967344674, 881.6083827176965]
car [585.7461072305339, 734.0547855813054, 659.9270833387476, 803.4698401262548]
car [741.1501434445062, 725.064240694911, 1014.3138664436443, 900.0]
car [548.0829718896844, 762.6579463487764, 727.1151806905079, 900.0]
